380.3
381.1
381.9
382.7
383.5
384.4
385.2
386.0
386.8
387.6
388.4
389.2
390.1
390.9
391.7
392.5
393.3
394.1
394.9
395.8
396.6
397.4
398.2
399.0
399.8
400.6
401.5
402.3
403.1
403.9
404.7
405.5
406.3
407.2
408.0
408.8
409.6
410.4
411.2
412.0
412.8
413.7
414.5
415.3
416.1
416.9
417.7
418.5
419.4
420.2
421.0
421.8
422.6
423.4
424.2
425.1
425.9
426.7
427.5
428.3
429.1
429.9
430.8
431.6
432.4
433.2
434.0
434.8
435.6
436.4
437.3
438.1
438.9
439.7
440.5
441.3
442.1
443.0
443.8
444.6
445.4
446.2
447.0
447.8
448.7
449.5
450.3
451.1
451.9
452.7
453.5
454.4
455.2
456.0
456.8
457.6
458.4
459.2
460.0
460.9
461.7
462.5
463.3
464.1
464.9
465.7
466.6
467.4
468.2
469.0
469.8
470.6
471.4
472.3
473.1
473.9
474.7
475.5
476.3
477.1
478.0
478.8
479.6
480.4
481.2
482.0
482.8
483.6
484.5
485.3
486.1
486.9
487.7
488.5
489.3
490.2
491.0
491.8
492.6
493.4
494.2
495.0
495.9
496.7
497.5
498.3
499.1
499.9
500.7
501.6
502.4
503.2
504.0
504.8
505.6
506.4
507.2
508.1
508.9
509.7
510.5
511.3
512.1
512.9
513.7
514.5
515.3
516.1
516.8
517.6
518.4
519.2
520.0
520.8
521.5
522.3
523.1
523.9
524.7
525.5
526.2
527.0
527.8
528.6
529.4
530.2
530.9
531.7
532.5
533.3
534.1
534.9
535.6
536.4
537.2
538.0
538.8
539.6
540.3
541.1
541.9
542.7
543.5
544.3
545.0
545.8
546.6
547.4
548.2
549.0
549.7
550.5
551.3
552.1
552.9
553.7
554.4
555.2
556.0
556.8
557.6
558.4
559.1
559.9
560.7
561.5
562.3
563.1
563.8
564.6
565.4
566.2
567.0
567.8
568.5
569.3
570.1
570.9
571.7
572.5
573.2
574.0
574.8
575.6
576.4
577.2
577.9
578.7
579.5
580.3
581.1
581.9
582.6
583.4
584.2
585.0
585.8
586.6
587.3
588.1
588.9
589.6
590.3
591.1
591.8
592.6
593.3
594.0
594.8
595.5
596.3
597.0
597.7
598.5
599.2
600.0
600.7
601.5
602.2
602.9
603.7
604.4
605.2
605.9
606.6
607.4
608.1
608.9
609.6
610.3
611.1
611.8
612.6
613.3
614.0
614.8
615.5
616.3
617.0
617.7
618.5
619.2
620.0
620.7
621.4
622.2
622.9
623.7
624.4
625.2
625.9
626.6
627.4
628.1
628.9
629.6
630.3
631.1
631.8
632.6
633.3
634.0
634.8
635.5
636.3
637.0
637.7
638.5
639.2
640.0
640.7
641.4
642.2
642.9
643.7
644.4
645.1
645.9
646.6
647.4
648.1
648.8
649.6
650.3
651.1
651.8
652.6
653.3
654.0
654.8
655.5
656.3
657.0
657.7
658.5
659.2
660.0
660.7
661.4
662.2
662.9
663.7
664.4
665.1
665.9
666.6
667.4
668.1
668.9
669.6
670.4
671.2
671.9
672.7
673.4
674.2
674.9
675.7
676.5
677.2
678.0
678.7
679.5
680.2
681.0
681.8
682.5
683.3
684.0
684.8
685.5
686.3
687.1
687.8
688.6
689.3
690.1
690.8
691.6
692.4
693.1
693.9
694.6
695.4
696.1
696.9
697.7
698.4
699.2
699.9
700.7
701.4
702.2
703.0
703.7
704.5
705.2
706.0
706.8
707.6
708.4
709.2
710.0
710.8
711.6
712.4
713.2
714.0
714.8
715.6
716.4
717.2
718.0
718.8
719.6
720.4
721.2
722.0
722.8
723.6
724.4
725.2
726.0
726.8
727.6
728.4
729.2
730.0
730.8
731.6
732.4
733.2
734.0
734.8
735.6
736.4
737.2
738.0
738.8
739.6
740.4
741.2
742.0
742.8
743.6
744.4
745.2
746.0
746.8
747.6
748.4
749.2
750.0
750.8
751.6
752.4
753.2
754.0
754.8
755.6
756.4
757.2
758.0
758.8
759.6
760.4
761.2
762.0
762.8
763.6
764.4
765.2
766.0
766.8
767.6
768.4
769.2
770.0
770.8
771.6
772.4
773.2
774.1
774.9
775.7
776.5
777.3
778.1
778.9
779.7
780.5
781.3
782.1
782.9
783.7
784.5
785.3
786.1
786.9
787.7
788.5
789.3
790.1
790.9
791.7
792.5
793.3
794.1
794.9
795.7
796.5
797.3
798.1
798.9
799.7
800.5
801.3
802.1
802.9
803.7
804.5
805.3
806.1
806.9
807.7
808.5
809.3
810.1
810.9
811.7
812.5
813.3
814.1
814.9
815.7
816.5
817.3
818.1
818.9
819.7
820.5
821.3
822.1
822.9
823.7
824.5
825.3
826.1
826.9
827.7
828.5
829.3
830.1
830.9
831.7
832.6
833.4
834.3
835.1
835.9
836.8
837.6
838.5
839.3
840.2
841.0
841.9
842.7
843.5
844.4
845.2
846.1
846.9
847.8
848.6
849.4
850.3
851.1
852.0
852.8
853.7
854.5
855.3
856.2
857.0
857.9
858.7
859.6
860.4
861.3
862.1
862.9
863.8
864.6
865.5
866.3
867.2
868.0
868.8
869.7
870.5
871.4
872.2
873.1
873.9
874.8
875.6
876.4
877.3
878.1
879.0
879.8
880.7
881.5
882.3
883.2
884.0
884.9
885.7
886.6
887.4
888.2
889.1
889.9
890.8
891.6
892.5
893.3
894.2
895.0
895.8
896.7
897.5
898.4
899.2
NEXT_SERIES
0.292411446488
0.296941599922
0.299311585098
0.301241668715
0.301587387633
0.307238580498
0.31632907507
0.330491810337
0.343939956669
0.360649477538
0.377395791634
0.39730964873
0.417553365095
0.43852235083
0.459832907948
0.481056160946
0.501757877973
0.519043714554
0.53329015565
0.543014857505
0.550950649973
0.550803946932
0.550603850108
0.544969693195
0.537824124254
0.527809117512
0.519369345024
0.510991189124
0.503728725716
0.495389893563
0.48917464808
0.483078145883
0.479495302095
0.476895898589
0.475499419168
0.47396985875
0.473964060817
0.473201236668
0.474235407053
0.476121921711
0.479714176071
0.483538411363
0.486560039217
0.489435731611
0.493858061937
0.498339522804
0.502810016106
0.506282185313
0.511041288208
0.514138562418
0.517047326133
0.518569045197
0.520052477481
0.520361170958
0.52176319255
0.523075408373
0.524361634448
0.525428813096
0.527074905313
0.527842562956
0.528079156397
0.527673399366
0.52667490844
0.52460832673
0.522722464252
0.522419234861
0.521154067368
0.519214953515
0.516765214531
0.514065768788
0.511527783006
0.507858527965
0.503412967357
0.499625928654
0.494081535125
0.490092567053
0.485309107182
0.482857521955
0.478905639238
0.474311910209
0.469951284485
0.466948105846
0.462928452192
0.45859276648
0.452960077019
0.448360327415
0.443878687202
0.440370803879
0.436882574077
0.432385392311
0.428761513381
0.425144774933
0.422084415838
0.417295946032
0.412506341657
0.407528006101
0.40299501375
0.398680303381
0.395347853001
0.391443983514
0.388739309955
0.385100226997
0.382507798388
0.379804052125
0.378413546287
0.376781506265
0.37366199363
0.370664671541
0.367217472593
0.365220359229
0.36311358259
0.362545890481
0.361229777561
0.359386512262
0.357252655632
0.356647747538
0.355557938604
0.354600281421
0.352535611572
0.34959470706
0.347982383164
0.345758321593
0.345957491985
0.344867847974
0.344990451211
0.344942176449
0.345392806669
0.345349938966
0.344944855478
0.344423492118
0.343641956578
0.342657056442
0.340909694573
0.339547121226
0.338447816931
0.338620110071
0.33885297971
0.339210886335
0.339002748697
0.338584639475
0.336920991981
0.33731156259
0.337415815412
0.337514694033
0.33577771885
0.335357146899
0.335873340653
0.336518497651
0.336138181249
0.335832504783
0.334118170286
0.332476817991
0.329688112085
0.327155704856
0.323891768521
0.321511549087
0.318486057082
0.315804853694
0.312671967898
0.310625060277
0.308204298334
0.305534833463
0.302422045817
0.300661733149
0.297621844256
0.294519062123
0.290382147038
0.286363135287
0.282059979975
0.277688754426
0.274782723375
0.271951207577
0.268202225492
0.265300803365
0.262855889095
0.261381136028
0.259451633845
0.25788830172
0.257242339413
0.256430470293
0.254717119055
0.252531520712
0.249957767291
0.248079709531
0.245808839906
0.24394288744
0.241619210455
0.238738771208
0.236210790456
0.234104216403
0.233506738179
0.231945448447
0.23173878661
0.230122808459
0.22953708455
0.228319590731
0.227705786377
0.228062889615
0.226898915394
0.226041088313
0.224344652884
0.223926171813
0.223760984132
0.221592256064
0.219981115168
0.218445465413
0.217825168485
0.215899892404
0.213287691098
0.211680842497
0.210274790855
0.209232955663
0.207904873615
0.207366960397
0.206957301136
0.206801991031
0.20648639502
0.206863538954
0.20649901418
0.206527541068
0.205617254584
0.205413919896
0.204407894507
0.203289206916
0.201026322811
0.199248991795
0.197442349759
0.19703854315
0.195901067195
0.195554031891
0.195060341404
0.19560405425
0.196003378159
0.195684298527
0.195186777923
0.194686435212
0.194878836876
0.194684713597
0.19418404386
0.193679864397
0.193086867915
0.192373678793
0.192295332645
0.191533288953
0.191424092376
0.189740752778
0.188908825404
0.187757641812
0.186862728201
0.186115001212
0.185847004887
0.185577976507
0.185754945112
0.185452756787
0.186506107535
0.186752659996
0.187613356554
0.187444716355
0.187281435299
0.186240904919
0.185037674668
0.184108172489
0.182823044787
0.183038206781
0.182040264647
0.181198059853
0.178863177424
0.177862958511
0.176947067964
0.176685530718
0.175721819452
0.17533418635
0.174512877322
0.175349157088
0.176236165091
0.178177702733
0.178498215474
0.178755395071
0.178722123814
0.180092831658
0.181864243031
0.182225097583
0.181152871351
0.179286138501
0.179032991307
0.179078619403
0.178322086793
0.176656167392
0.175180177828
0.17577230274
0.175262617487
0.175210451819
0.17309583035
0.172974022888
0.172360578253
0.174266320806
0.174912332592
0.17602306632
0.176100067432
0.177605750201
0.179165386452
0.180779599897
0.181184262132
0.181488089087
0.181528667365
0.182687335896
0.18263638719
0.181964275884
0.180199613271
0.179317554785
0.179677603252
0.179551894633
0.178384810837
0.176211994975
0.174093992005
0.173442132952
0.173861672109
0.174225959049
0.173384861065
0.171946280396
0.171382663164
0.171600675203
0.172122726545
0.171696896419
0.172094247153
0.171061411974
0.171349862383
0.170686306328
0.171822435966
0.170727619603
0.170877060506
0.168720656898
0.168819292239
0.167715036606
0.168878211334
0.168352531748
0.168731076278
0.166364586756
0.166343607394
0.164514217425
0.166059934587
0.165799442907
0.168090952403
0.167788996421
0.169094114366
0.168798692512
0.16996325069
0.170222022895
0.170281681835
0.170552225236
0.170538908955
0.172228928377
0.173780397781
0.176582484629
0.177444387136
0.178792307185
0.178547341707
0.180248503451
0.18092905804
0.184248989806
0.186126439119
0.187984076835
0.188313269656
0.190731914332
0.194242533258
0.199238607864
0.203238677792
0.205983852093
0.20799204881
0.210254003136
0.214067082503
0.218506933129
0.223108178273
0.226880936119
0.229008266255
0.229592771795
0.230581336549
0.232049413976
0.234738980023
0.237265048031
0.239228666335
0.238881467285
0.237147885816
0.234960092102
0.234769608581
0.234853240085
0.235134323583
0.232955986142
0.229407718287
0.22524900623
0.221530895829
0.220466899429
0.218017746203
0.217325270272
0.212246807728
0.208685471639
0.202922771116
0.199287298012
0.196714672585
0.194977589737
0.194229722259
0.19147497521
0.18822556922
0.183038137886
0.179495986996
0.177521332059
0.177828225504
0.178123248756
0.176230995763
0.173169944543
0.168487746496
0.165289537026
0.163300984477
0.163624537813
0.164630397517
0.164503689882
0.16264534686
0.159201978564
0.157304666262
0.15597649422
0.156263967042
0.158144480192
0.15913201184
0.160486739177
0.158632723563
0.157778958352
0.156202614345
0.156233226193
0.157455218335
0.159607288773
0.161460986961
0.161617258436
0.160618400338
0.158759166351
0.157605464698
0.157341494509
0.157577406612
0.159044628077
0.160113079408
0.16138635581
0.16055401276
0.158624188967
0.156532837091
0.155565222221
0.156087143969
0.157827005497
0.158776238877
0.15924167814
0.157745720432
0.155604612734
0.154060808552
0.152795095081
0.152856430537
0.153273950421
0.154680307032
0.155986178374
0.155477166838
0.154374701455
0.153385266919
0.152809202063
0.152364687889
0.152675171384
0.154006310273
0.155440443738
0.155224192385
0.154145557259
0.153139893098
0.153016978859
0.153488932578
0.154124744351
0.155769134407
0.157703744012
0.15918709192
0.158793628719
0.157794808428
0.156064551935
0.154822377837
0.154055981841
0.154630485156
0.156335148813
0.157956644503
0.159013717134
0.159192075446
0.15848513208
0.156950297166
0.154556759809
0.153239833191
0.152277512112
0.153397614462
0.15443042996
0.156192981151
0.157528114731
0.157355298432
0.156986550822
0.155151024354
0.154592523653
0.154326347323
0.155479026493
0.156963683819
0.15852943317
0.159450691981
0.159982791866
0.160131038933
0.160409530132
0.159372767634
0.159186829009
0.158180736317
0.159529362678
0.160448554341
0.161933166389
0.163762072425
0.164106205271
0.165292461144
0.16423229661
0.164338344686
0.163580972013
0.164075666523
0.164714008013
0.165691382709
0.166201354647
0.168079943068
0.168537532785
0.169151263146
0.166839319397
0.166061638247
0.164194038368
0.164092280162
0.162931881396
0.163471462658
0.16380421162
0.165338720847
0.166384989035
0.166072036801
0.166544651736
0.165864522338
0.166058415473
0.166028435634
0.167191202971
0.169515888605
0.172393763353
0.174531752252
0.177308003723
0.178866342956
0.181368965587
0.181409091658
0.180933107461
0.18008211565
0.179532761818
0.179597684095
0.178835958268
0.179465264263
0.180125828706
0.181118637888
0.181395394222
0.181040740782
0.180677984735
0.179960712566
0.177441657071
0.174414580603
0.172278522535
0.172281224299
0.173164600295
0.173712553495
0.174979928761
0.177307960974
0.179632834844
0.180542660127
0.179398280538
0.177337860106
0.175970689435
0.175115980606
0.174772885875
0.174562201074
0.17556880998
0.176553532922
0.177557019283
0.179224930877
0.181387588486
0.182619887857
0.182564685683
0.181809747218
0.181116687425
0.180660893204
0.181405074808
0.183101581579
0.185589562053
0.187973617744
0.189941666618
0.191072474221
0.191533540763
0.192034750917
0.191035576812
0.190056624754
0.1880922739
0.187769014502
0.1875762571
0.18806983593
0.187565045133
0.187145080383
0.187706829017
0.188413875048
0.189462423493
0.188973468306
0.188204250733
0.18588987979
0.184516864613
0.183278600916
0.183175901115
0.183117525356
0.182712077862
0.182990161345
0.183519808831
0.184951080713
0.185107589645
0.185037762837
0.183614069796
0.182900803332
0.181537219851
0.181874480359
0.181420732053
0.180834158848
0.180333825903
0.179298871291
0.178916397618
0.17927171004
0.179976352076
0.180341786399
0.180268675038
0.178893583843
0.178473745011
0.177678719995
0.177698648518
0.176803331981
0.175488711788
0.17413009391
0.17216256029
0.170071563085
0.168247929928
0.165627111553
0.163086169517
0.16030676706
0.158638216739
0.156111002682
0.153166996395
0.150926983076
0.148907810046
0.148095251022
0.146138714468
0.144535219279
0.142431519948
0.141082607453
0.139488803094
0.139156156652
0.137624965599
0.135800573354
END
