380.3
381.1
381.9
382.7
383.5
384.4
385.2
386.0
386.8
387.6
388.4
389.2
390.1
390.9
391.7
392.5
393.3
394.1
394.9
395.8
396.6
397.4
398.2
399.0
399.8
400.6
401.5
402.3
403.1
403.9
404.7
405.5
406.3
407.2
408.0
408.8
409.6
410.4
411.2
412.0
412.8
413.7
414.5
415.3
416.1
416.9
417.7
418.5
419.4
420.2
421.0
421.8
422.6
423.4
424.2
425.1
425.9
426.7
427.5
428.3
429.1
429.9
430.8
431.6
432.4
433.2
434.0
434.8
435.6
436.4
437.3
438.1
438.9
439.7
440.5
441.3
442.1
443.0
443.8
444.6
445.4
446.2
447.0
447.8
448.7
449.5
450.3
451.1
451.9
452.7
453.5
454.4
455.2
456.0
456.8
457.6
458.4
459.2
460.0
460.9
461.7
462.5
463.3
464.1
464.9
465.7
466.6
467.4
468.2
469.0
469.8
470.6
471.4
472.3
473.1
473.9
474.7
475.5
476.3
477.1
478.0
478.8
479.6
480.4
481.2
482.0
482.8
483.6
484.5
485.3
486.1
486.9
487.7
488.5
489.3
490.2
491.0
491.8
492.6
493.4
494.2
495.0
495.9
496.7
497.5
498.3
499.1
499.9
500.7
501.6
502.4
503.2
504.0
504.8
505.6
506.4
507.2
508.1
508.9
509.7
510.5
511.3
512.1
512.9
513.7
514.5
515.3
516.1
516.8
517.6
518.4
519.2
520.0
520.8
521.5
522.3
523.1
523.9
524.7
525.5
526.2
527.0
527.8
528.6
529.4
530.2
530.9
531.7
532.5
533.3
534.1
534.9
535.6
536.4
537.2
538.0
538.8
539.6
540.3
541.1
541.9
542.7
543.5
544.3
545.0
545.8
546.6
547.4
548.2
549.0
549.7
550.5
551.3
552.1
552.9
553.7
554.4
555.2
556.0
556.8
557.6
558.4
559.1
559.9
560.7
561.5
562.3
563.1
563.8
564.6
565.4
566.2
567.0
567.8
568.5
569.3
570.1
570.9
571.7
572.5
573.2
574.0
574.8
575.6
576.4
577.2
577.9
578.7
579.5
580.3
581.1
581.9
582.6
583.4
584.2
585.0
585.8
586.6
587.3
588.1
588.9
589.6
590.3
591.1
591.8
592.6
593.3
594.0
594.8
595.5
596.3
597.0
597.7
598.5
599.2
600.0
600.7
601.5
602.2
602.9
603.7
604.4
605.2
605.9
606.6
607.4
608.1
608.9
609.6
610.3
611.1
611.8
612.6
613.3
614.0
614.8
615.5
616.3
617.0
617.7
618.5
619.2
620.0
620.7
621.4
622.2
622.9
623.7
624.4
625.2
625.9
626.6
627.4
628.1
628.9
629.6
630.3
631.1
631.8
632.6
633.3
634.0
634.8
635.5
636.3
637.0
637.7
638.5
639.2
640.0
640.7
641.4
642.2
642.9
643.7
644.4
645.1
645.9
646.6
647.4
648.1
648.8
649.6
650.3
651.1
651.8
652.6
653.3
654.0
654.8
655.5
656.3
657.0
657.7
658.5
659.2
660.0
660.7
661.4
662.2
662.9
663.7
664.4
665.1
665.9
666.6
667.4
668.1
668.9
669.6
670.4
671.2
671.9
672.7
673.4
674.2
674.9
675.7
676.5
677.2
678.0
678.7
679.5
680.2
681.0
681.8
682.5
683.3
684.0
684.8
685.5
686.3
687.1
687.8
688.6
689.3
690.1
690.8
691.6
692.4
693.1
693.9
694.6
695.4
696.1
696.9
697.7
698.4
699.2
699.9
700.7
701.4
702.2
703.0
703.7
704.5
705.2
706.0
706.8
707.6
708.4
709.2
710.0
710.8
711.6
712.4
713.2
714.0
714.8
715.6
716.4
717.2
718.0
718.8
719.6
720.4
721.2
722.0
722.8
723.6
724.4
725.2
726.0
726.8
727.6
728.4
729.2
730.0
730.8
731.6
732.4
733.2
734.0
734.8
735.6
736.4
737.2
738.0
738.8
739.6
740.4
741.2
742.0
742.8
743.6
744.4
745.2
746.0
746.8
747.6
748.4
749.2
750.0
750.8
751.6
752.4
753.2
754.0
754.8
755.6
756.4
757.2
758.0
758.8
759.6
760.4
761.2
762.0
762.8
763.6
764.4
765.2
766.0
766.8
767.6
768.4
769.2
770.0
770.8
771.6
772.4
773.2
774.1
774.9
775.7
776.5
777.3
778.1
778.9
779.7
780.5
781.3
782.1
782.9
783.7
784.5
785.3
786.1
786.9
787.7
788.5
789.3
790.1
790.9
791.7
792.5
793.3
794.1
794.9
795.7
796.5
797.3
798.1
798.9
799.7
800.5
801.3
802.1
802.9
803.7
804.5
805.3
806.1
806.9
807.7
808.5
809.3
810.1
810.9
811.7
812.5
813.3
814.1
814.9
815.7
816.5
817.3
818.1
818.9
819.7
820.5
821.3
822.1
822.9
823.7
824.5
825.3
826.1
826.9
827.7
828.5
829.3
830.1
830.9
831.7
832.6
833.4
834.3
835.1
835.9
836.8
837.6
838.5
839.3
840.2
841.0
841.9
842.7
843.5
844.4
845.2
846.1
846.9
847.8
848.6
849.4
850.3
851.1
852.0
852.8
853.7
854.5
855.3
856.2
857.0
857.9
858.7
859.6
860.4
861.3
862.1
862.9
863.8
864.6
865.5
866.3
867.2
868.0
868.8
869.7
870.5
871.4
872.2
873.1
873.9
874.8
875.6
876.4
877.3
878.1
879.0
879.8
880.7
881.5
882.3
883.2
884.0
884.9
885.7
886.6
887.4
888.2
889.1
889.9
890.8
891.6
892.5
893.3
894.2
895.0
895.8
896.7
897.5
898.4
899.2
NEXT_SERIES
0.262985944389
0.265971627295
0.269558482546
0.270563428693
0.270708549
0.271999206411
0.278797924936
0.291325258048
0.306601819707
0.324680921863
0.342385200045
0.360759582059
0.380250731679
0.399731662531
0.419351039136
0.43764174027
0.454369258771
0.470749695332
0.483568923829
0.492854781764
0.497301750881
0.497091755635
0.494898004997
0.488788514653
0.483051768397
0.473249430276
0.464981981956
0.455718147858
0.4486486885
0.441111132987
0.434370279318
0.429698123143
0.425393758759
0.422829472539
0.421294263824
0.420590559532
0.420370607539
0.420248023486
0.421175126978
0.423012543604
0.425513603794
0.4289533594
0.433137897971
0.437184700478
0.441943607646
0.445644170316
0.449618502743
0.452504126871
0.455982725548
0.458391422702
0.460485310287
0.462349661784
0.464528058387
0.466310567081
0.467458228124
0.467624514035
0.468313073717
0.469681709647
0.471423570102
0.47144469197
0.471593554935
0.47042558017
0.47093612283
0.469309519662
0.468909171039
0.467547699755
0.465534172265
0.462507236431
0.459955177377
0.458049839498
0.456102313145
0.452649920173
0.449125010826
0.445004873927
0.440760551859
0.436345866321
0.43264345551
0.429876437518
0.427385965947
0.424510930179
0.420862000522
0.417084787558
0.413383958544
0.410531840071
0.406499518658
0.402779275625
0.398073407249
0.394281532887
0.39064294288
0.388034433944
0.385417511037
0.381498692663
0.377609610181
0.37371615973
0.370825565202
0.367548946707
0.363435730584
0.359645645013
0.356145502783
0.353892088194
0.350818402129
0.347418715771
0.344677758774
0.342772229101
0.341993698999
0.34071517186
0.339620288355
0.33840637349
0.336305449549
0.333791690555
0.331696023123
0.330743182942
0.330581832095
0.329085589863
0.328031033419
0.327290793722
0.327236950928
0.325970361958
0.325196196781
0.324486717036
0.323849692914
0.322200861369
0.32211190718
0.322227224474
0.322767564338
0.322400035972
0.323028973374
0.323375732668
0.323573964792
0.323469100681
0.323563752088
0.322539642238
0.321306705138
0.31984703502
0.318842098263
0.31868769791
0.319544033506
0.321326872632
0.322250896392
0.322803614911
0.322606048733
0.323296335308
0.323658330882
0.323010485542
0.32207701428
0.321662632546
0.32244365945
0.32383207729
0.324035571903
0.324903375382
0.323436055545
0.323181103904
0.321138438478
0.319463779659
0.316801333732
0.31474193625
0.312950580527
0.310873416241
0.308528134911
0.306501009123
0.305387483569
0.304035510092
0.303175558736
0.301215839048
0.299327164314
0.296561852628
0.294678464244
0.291473462298
0.287913124831
0.284511214361
0.282849171185
0.281100404463
0.278748754581
0.27689162232
0.275199468054
0.273287008577
0.271471978997
0.270333510268
0.270104387315
0.27003690536
0.269612744103
0.268654239979
0.266866267717
0.26536989483
0.263737767559
0.261877225861
0.258614591292
0.256463646111
0.254222888041
0.253631049944
0.25271060999
0.251385511532
0.25046312944
0.249070801068
0.24892640158
0.24835588153
0.248381733153
0.248209265108
0.247623045942
0.246833464306
0.246329513284
0.245201308128
0.244319114556
0.243129275682
0.242568313052
0.24021771668
0.237736848127
0.234886426088
0.232889374555
0.231977996496
0.231329605093
0.230364422007
0.227929640164
0.226374569199
0.225741311309
0.225983899172
0.225679479356
0.224926523413
0.224168098311
0.223707700241
0.222541833075
0.22105846496
0.22024041014
0.218907097318
0.216953856319
0.214787826488
0.213638646315
0.212829169969
0.211102240747
0.2101045264
0.208725045369
0.208310735685
0.207951050191
0.208281887075
0.207757451691
0.206964283637
0.206183617638
0.205358036955
0.204017149752
0.202991545548
0.202606994452
0.202114421382
0.201422754251
0.200022496363
0.199107653462
0.197621260811
0.196266857201
0.194415303735
0.193249501532
0.191868574194
0.191109739209
0.190100933388
0.190338492712
0.190025400131
0.190313215858
0.189715019923
0.190299102992
0.189456683683
0.188837049096
0.186737014297
0.18541977856
0.184356599851
0.183133206428
0.18264371982
0.180520191467
0.179503122792
0.177616137871
0.177095614736
0.175693367865
0.174083839233
0.173358084183
0.172571973373
0.172924863909
0.17273944093
0.173027551928
0.173597866571
0.173649318468
0.173656107891
0.173675548482
0.174039646096
0.174978547325
0.174421354333
0.173482127782
0.172256940221
0.172044424152
0.172005667554
0.170764216103
0.169210595804
0.167405663371
0.167515134424
0.166595326466
0.166089223914
0.163735363889
0.163270378969
0.162685542777
0.16439553283
0.164297160778
0.164934626477
0.16439058092
0.165773134094
0.167092657458
0.16866699776
0.169185987259
0.169019972599
0.168593841979
0.169147249714
0.168970160227
0.168339786117
0.16692280599
0.165887494354
0.16614741161
0.165772430076
0.165171946187
0.162956227381
0.161219434835
0.160079677048
0.160177721094
0.159915146704
0.158780479927
0.157895627062
0.157697340058
0.158042928773
0.158831514232
0.158238881082
0.158531440746
0.157230658641
0.157265093428
0.156718196513
0.157230815625
0.156246601212
0.156401700887
0.15472063589
0.15508120255
0.153480995633
0.154174364596
0.152954876714
0.153624216893
0.151305187908
0.151349440798
0.149808260843
0.15127284927
0.151040882148
0.152708178522
0.152135852234
0.153412943707
0.152606978484
0.154244731101
0.154013204321
0.154705178729
0.154560847751
0.154133083795
0.155119260899
0.156564707834
0.159285186953
0.159806495653
0.159864289832
0.159358863712
0.160254912521
0.160916807599
0.163405353171
0.164697726038
0.166183705969
0.166022991553
0.167557820769
0.170329851694
0.174401933129
0.177826333482
0.179290819627
0.180809961786
0.18262499884
0.18588114612
0.189083661604
0.192616876938
0.195542655649
0.197180655534
0.19728845445
0.197907979142
0.199056033293
0.201630197269
0.203608679604
0.204381111297
0.203889147998
0.201854066945
0.200571736186
0.200289894642
0.200766165038
0.200799107561
0.197942352787
0.194721731781
0.191026827495
0.188429771138
0.187789358918
0.186033743292
0.185514907818
0.18160356742
0.178674968454
0.174105495694
0.171061700446
0.169936069729
0.16900107571
0.168682970316
0.166108365094
0.163654110284
0.159588289199
0.156628394008
0.155495929668
0.155996085994
0.156808006988
0.155127289473
0.152718920378
0.148393297913
0.145522996684
0.143917961394
0.144388795665
0.145872568694
0.145322321979
0.143620641274
0.140058522543
0.138993613978
0.138686223339
0.138900155452
0.139974547438
0.140313656062
0.141928999666
0.141002514271
0.140544621545
0.13920597371
0.138611694115
0.139988242545
0.141641995357
0.143311584164
0.143411332239
0.142766220185
0.141286761184
0.139365637928
0.139111205479
0.139225596297
0.141679234933
0.141963096463
0.143303121751
0.141926343446
0.140661296769
0.138960767802
0.138023403053
0.138626809854
0.139449900074
0.140330577233
0.14080098993
0.139985379932
0.138461851789
0.136687938089
0.135583712731
0.134950832614
0.135213912589
0.136039503905
0.137321169689
0.137243137413
0.136853777466
0.136046213774
0.13518481006
0.134347516417
0.134303866252
0.135999734804
0.137600611146
0.138232141999
0.137270213428
0.136133921831
0.134795329798
0.134707687247
0.135320702384
0.137470771991
0.139433149886
0.140708063873
0.140542541815
0.139584353124
0.137581729244
0.136228608664
0.135043720021
0.136319332148
0.137197139519
0.138826308931
0.138627980501
0.139218612008
0.138614572681
0.137385315088
0.1347208015
0.133496311784
0.133373068221
0.134999967055
0.135477006002
0.136417680612
0.137201765353
0.137368618018
0.137324418354
0.136386485616
0.135843803696
0.13527718046
0.1347584777
0.136130020162
0.137790873493
0.139444127639
0.139364902228
0.139154850392
0.139028382645
0.138283578627
0.138255626931
0.137362263086
0.138740368662
0.139438668976
0.141079210976
0.142410953593
0.143017034851
0.143704846517
0.142442455621
0.141826357788
0.141455935952
0.142111560095
0.143175703555
0.144196112007
0.144564768484
0.145794424337
0.145823588066
0.146066266721
0.143508797931
0.142331790811
0.140643901925
0.141033878592
0.140161746326
0.140597136174
0.140636781203
0.141418887181
0.142497822565
0.141979119243
0.14233221663
0.141084350622
0.141473920954
0.141521295816
0.142712836118
0.144731322434
0.146882520939
0.148896007015
0.151021676674
0.152716178815
0.154709241444
0.155008772126
0.153886874732
0.152906528466
0.1519869508
0.152940903288
0.152294175446
0.152965420012
0.153172270963
0.154714466818
0.154939953384
0.154830959852
0.153306541529
0.152458686835
0.150117526368
0.148004438245
0.14575179012
0.144984785722
0.145506554566
0.146462306008
0.148022523862
0.149848104316
0.151509095025
0.151791249881
0.151175593721
0.148956090135
0.148465780226
0.147547144438
0.147684396055
0.147027093133
0.148035510182
0.149145505002
0.150334518458
0.151831091027
0.152629561177
0.153128114559
0.152996458319
0.152408943239
0.152356307507
0.152109574675
0.152931729158
0.153931005679
0.155453991959
0.158079020965
0.159681125407
0.160935752254
0.160895919961
0.161538219545
0.160804720889
0.160311301738
0.158535725029
0.157828203472
0.156178189543
0.156229553521
0.155475483753
0.15643476941
0.156737999862
0.156990631274
0.156170293421
0.155632038526
0.1542568577
0.153036965334
0.151642434345
0.150538280768
0.150769761978
0.150005419065
0.150908073431
0.150715535436
0.151681360606
0.151785927267
0.151742154033
0.15101650144
0.150096339987
0.14957867928
0.148792009688
0.148813878442
0.147973719325
0.14743879435
0.146931188647
0.145938460563
0.146114382133
0.145723664608
0.145494507895
0.145004450572
0.144775408465
0.145253203506
0.144749164986
0.14378434101
0.14277942902
0.141929414803
0.140870494182
0.138868138392
0.137068898754
0.135019088306
0.133841730602
0.130946773388
0.128748481374
0.126601094461
0.12565361894
0.123749264708
0.121187576535
0.119065039891
0.117570779831
0.116031345468
0.114096343199
0.112679894364
0.110729159959
0.109766809614
0.107588776186
0.106938191218
0.104789538737
0.102258537954
END
