380.3
381.1
381.9
382.7
383.5
384.4
385.2
386.0
386.8
387.6
388.4
389.2
390.1
390.9
391.7
392.5
393.3
394.1
394.9
395.8
396.6
397.4
398.2
399.0
399.8
400.6
401.5
402.3
403.1
403.9
404.7
405.5
406.3
407.2
408.0
408.8
409.6
410.4
411.2
412.0
412.8
413.7
414.5
415.3
416.1
416.9
417.7
418.5
419.4
420.2
421.0
421.8
422.6
423.4
424.2
425.1
425.9
426.7
427.5
428.3
429.1
429.9
430.8
431.6
432.4
433.2
434.0
434.8
435.6
436.4
437.3
438.1
438.9
439.7
440.5
441.3
442.1
443.0
443.8
444.6
445.4
446.2
447.0
447.8
448.7
449.5
450.3
451.1
451.9
452.7
453.5
454.4
455.2
456.0
456.8
457.6
458.4
459.2
460.0
460.9
461.7
462.5
463.3
464.1
464.9
465.7
466.6
467.4
468.2
469.0
469.8
470.6
471.4
472.3
473.1
473.9
474.7
475.5
476.3
477.1
478.0
478.8
479.6
480.4
481.2
482.0
482.8
483.6
484.5
485.3
486.1
486.9
487.7
488.5
489.3
490.2
491.0
491.8
492.6
493.4
494.2
495.0
495.9
496.7
497.5
498.3
499.1
499.9
500.7
501.6
502.4
503.2
504.0
504.8
505.6
506.4
507.2
508.1
508.9
509.7
510.5
511.3
512.1
512.9
513.7
514.5
515.3
516.1
516.8
517.6
518.4
519.2
520.0
520.8
521.5
522.3
523.1
523.9
524.7
525.5
526.2
527.0
527.8
528.6
529.4
530.2
530.9
531.7
532.5
533.3
534.1
534.9
535.6
536.4
537.2
538.0
538.8
539.6
540.3
541.1
541.9
542.7
543.5
544.3
545.0
545.8
546.6
547.4
548.2
549.0
549.7
550.5
551.3
552.1
552.9
553.7
554.4
555.2
556.0
556.8
557.6
558.4
559.1
559.9
560.7
561.5
562.3
563.1
563.8
564.6
565.4
566.2
567.0
567.8
568.5
569.3
570.1
570.9
571.7
572.5
573.2
574.0
574.8
575.6
576.4
577.2
577.9
578.7
579.5
580.3
581.1
581.9
582.6
583.4
584.2
585.0
585.8
586.6
587.3
588.1
588.9
589.6
590.3
591.1
591.8
592.6
593.3
594.0
594.8
595.5
596.3
597.0
597.7
598.5
599.2
600.0
600.7
601.5
602.2
602.9
603.7
604.4
605.2
605.9
606.6
607.4
608.1
608.9
609.6
610.3
611.1
611.8
612.6
613.3
614.0
614.8
615.5
616.3
617.0
617.7
618.5
619.2
620.0
620.7
621.4
622.2
622.9
623.7
624.4
625.2
625.9
626.6
627.4
628.1
628.9
629.6
630.3
631.1
631.8
632.6
633.3
634.0
634.8
635.5
636.3
637.0
637.7
638.5
639.2
640.0
640.7
641.4
642.2
642.9
643.7
644.4
645.1
645.9
646.6
647.4
648.1
648.8
649.6
650.3
651.1
651.8
652.6
653.3
654.0
654.8
655.5
656.3
657.0
657.7
658.5
659.2
660.0
660.7
661.4
662.2
662.9
663.7
664.4
665.1
665.9
666.6
667.4
668.1
668.9
669.6
670.4
671.2
671.9
672.7
673.4
674.2
674.9
675.7
676.5
677.2
678.0
678.7
679.5
680.2
681.0
681.8
682.5
683.3
684.0
684.8
685.5
686.3
687.1
687.8
688.6
689.3
690.1
690.8
691.6
692.4
693.1
693.9
694.6
695.4
696.1
696.9
697.7
698.4
699.2
699.9
700.7
701.4
702.2
703.0
703.7
704.5
705.2
706.0
706.8
707.6
708.4
709.2
710.0
710.8
711.6
712.4
713.2
714.0
714.8
715.6
716.4
717.2
718.0
718.8
719.6
720.4
721.2
722.0
722.8
723.6
724.4
725.2
726.0
726.8
727.6
728.4
729.2
730.0
730.8
731.6
732.4
733.2
734.0
734.8
735.6
736.4
737.2
738.0
738.8
739.6
740.4
741.2
742.0
742.8
743.6
744.4
745.2
746.0
746.8
747.6
748.4
749.2
750.0
750.8
751.6
752.4
753.2
754.0
754.8
755.6
756.4
757.2
758.0
758.8
759.6
760.4
761.2
762.0
762.8
763.6
764.4
765.2
766.0
766.8
767.6
768.4
769.2
770.0
770.8
771.6
772.4
773.2
774.1
774.9
775.7
776.5
777.3
778.1
778.9
779.7
780.5
781.3
782.1
782.9
783.7
784.5
785.3
786.1
786.9
787.7
788.5
789.3
790.1
790.9
791.7
792.5
793.3
794.1
794.9
795.7
796.5
797.3
798.1
798.9
799.7
800.5
801.3
802.1
802.9
803.7
804.5
805.3
806.1
806.9
807.7
808.5
809.3
810.1
810.9
811.7
812.5
813.3
814.1
814.9
815.7
816.5
817.3
818.1
818.9
819.7
820.5
821.3
822.1
822.9
823.7
824.5
825.3
826.1
826.9
827.7
828.5
829.3
830.1
830.9
831.7
832.6
833.4
834.3
835.1
835.9
836.8
837.6
838.5
839.3
840.2
841.0
841.9
842.7
843.5
844.4
845.2
846.1
846.9
847.8
848.6
849.4
850.3
851.1
852.0
852.8
853.7
854.5
855.3
856.2
857.0
857.9
858.7
859.6
860.4
861.3
862.1
862.9
863.8
864.6
865.5
866.3
867.2
868.0
868.8
869.7
870.5
871.4
872.2
873.1
873.9
874.8
875.6
876.4
877.3
878.1
879.0
879.8
880.7
881.5
882.3
883.2
884.0
884.9
885.7
886.6
887.4
888.2
889.1
889.9
890.8
891.6
892.5
893.3
894.2
895.0
895.8
896.7
897.5
898.4
899.2
NEXT_SERIES
0.362406811638
0.361847468744
0.362835039289
0.366365536369
0.372270374355
0.378268287425
0.391366152851
0.404462260313
0.421894518415
0.437822433227
0.456681854008
0.476704094957
0.496148570718
0.517640350504
0.537477494709
0.558792478819
0.578311562507
0.596252309646
0.611192499527
0.623253652269
0.629733408549
0.631446891275
0.630767135243
0.627714536384
0.622387990173
0.614225846654
0.606907924253
0.598808984626
0.588946867606
0.580006969482
0.571849757577
0.566226995837
0.561043274595
0.557897895495
0.556439211625
0.555477179982
0.555348977855
0.557131698612
0.558851797364
0.561231710044
0.563337851659
0.567237551267
0.571063662057
0.574552303811
0.579582203335
0.583367769341
0.588486395097
0.591434631515
0.596847088462
0.600073235113
0.604175090704
0.606013035853
0.607610179552
0.607981323984
0.610258986465
0.612040286181
0.614555766071
0.615176873833
0.618011302425
0.61883264042
0.619946958259
0.617916812943
0.616540000884
0.615586729358
0.615519018762
0.615383880891
0.613653540046
0.611245762543
0.608862788806
0.606633397204
0.603239497698
0.599504056127
0.596243385785
0.593025041679
0.588384456143
0.582164647848
0.577385728293
0.573484897085
0.572039941475
0.567198828976
0.562942036626
0.556974296067
0.552549943032
0.548366740382
0.543070939574
0.537707435356
0.532395642297
0.5276037076
0.52459356644
0.519893697928
0.515725575931
0.510593008389
0.506348170116
0.501951303853
0.497972615186
0.493127960223
0.488643867593
0.482655438471
0.477634182866
0.472687512608
0.468394083382
0.465483807657
0.462573992175
0.460419149937
0.45755434331
0.454678359073
0.452764591222
0.451033962546
0.446935520301
0.443893643712
0.440700144986
0.440728144847
0.439638662827
0.438845854563
0.436269456679
0.434444021696
0.432454326414
0.43064482361
0.429539844677
0.427073123497
0.426096989131
0.424233190838
0.424760647336
0.424253189603
0.423220997369
0.421910954578
0.420938449185
0.421292931616
0.421540746898
0.42112948585
0.419861529574
0.417176183313
0.41579266764
0.414296247572
0.414078908087
0.414237224958
0.413295152243
0.413279244539
0.412457332616
0.41227974294
0.411270208848
0.411160000387
0.411049040589
0.410757286647
0.40930535056
0.408048485001
0.40642691099
0.406060410148
0.404790073988
0.405323593126
0.404231109599
0.40239201758
0.399097126707
0.394386098241
0.390275086406
0.385546726779
0.382895468939
0.379287414392
0.374996582158
0.37159577935
0.36886001943
0.365895539677
0.361544700421
0.358091514857
0.353994778329
0.349147748607
0.344035512931
0.339901072959
0.33527434732
0.331298364193
0.32717784502
0.324555557241
0.320000653507
0.316675336147
0.3125325115
0.31081588596
0.308062339142
0.306718810037
0.304638528679
0.303256149655
0.301068913902
0.299441055661
0.29692002464
0.294580288148
0.291298911851
0.288557138844
0.285126003473
0.281431980759
0.278944901894
0.276917752565
0.275587817691
0.273528780612
0.272606025661
0.271039245279
0.269673797363
0.26826981586
0.268182842097
0.268321537934
0.267647850142
0.266531788132
0.265658574845
0.264995132866
0.264525720392
0.262463975321
0.260895354761
0.258121038758
0.256333231395
0.253781362792
0.251615994189
0.25025804432
0.248964595124
0.247652318697
0.246041137731
0.245691113707
0.245668429966
0.246262855143
0.244617248348
0.245255817261
0.244868034947
0.246187723558
0.244307251858
0.243597941602
0.242638192379
0.242161085383
0.239607527646
0.237195762096
0.236118923476
0.23558767945
0.234940114877
0.234150269775
0.233888239084
0.234076763866
0.234064123017
0.234182066903
0.234073607146
0.233710200414
0.23389390961
0.233533516918
0.232913447972
0.231988337064
0.231960892741
0.231851772788
0.232100767692
0.231078705826
0.231838384355
0.230065865144
0.229309128347
0.227673395115
0.227662519734
0.226919770787
0.22590337026
0.225732621987
0.226412042844
0.227117892134
0.227836417928
0.228007625281
0.228477540975
0.228121121106
0.227940438003
0.227558320995
0.227059349582
0.226237702999
0.224360658393
0.223709332188
0.222732904582
0.222382519905
0.220710753596
0.219780508479
0.218995977143
0.218626801778
0.218129901102
0.217307744177
0.217004556667
0.217432161431
0.219292886443
0.220434067836
0.221330775569
0.221268631004
0.221981277557
0.223038377969
0.224287115243
0.224733263459
0.224466016241
0.223171815217
0.223052878799
0.222289072944
0.221836921893
0.2202757335
0.2194232771
0.219175304843
0.218503354502
0.21845508197
0.21717004919
0.217940251016
0.217563726442
0.219469614345
0.219247539777
0.220396161149
0.220459066889
0.222592054802
0.224714507101
0.226533351564
0.227044520437
0.227464111681
0.22799070014
0.230013994536
0.229643432135
0.228783254904
0.226428703334
0.225464330324
0.225162931397
0.225441853368
0.224654147855
0.223695278046
0.22132631891
0.219982693385
0.21944092384
0.220019480889
0.219638898297
0.218707137952
0.217651145577
0.217572851017
0.218263646939
0.217963879161
0.218662885773
0.217605839277
0.21776997722
0.216623045237
0.2172798887
0.215749570886
0.216214901368
0.214045574397
0.214744376875
0.213200088779
0.213983838612
0.212331356619
0.212686988679
0.21043950278
0.210604355588
0.20872932905
0.210532168662
0.210751743626
0.21322765556
0.212783083306
0.213918880297
0.213687922879
0.215587887946
0.216448483847
0.217102897642
0.217803837862
0.218333278083
0.220194623069
0.222008183848
0.225596398821
0.227511779002
0.229215026089
0.22936049793
0.231355282194
0.233399068842
0.237159164286
0.239920314981
0.242695669986
0.244129085651
0.247234524383
0.251732891509
0.257618025069
0.263444089518
0.266948978656
0.270194876874
0.272701202542
0.277304006143
0.282941770264
0.288663893821
0.293424135427
0.2962710752
0.298336681201
0.300192271231
0.30244033136
0.305417630031
0.309670566607
0.31207966984
0.312418606241
0.309646203583
0.306989369146
0.306625877243
0.30657063368
0.307023659461
0.303946067046
0.299231624973
0.294037206721
0.288803058947
0.287171596636
0.28312065972
0.280720918593
0.273415034405
0.267984425081
0.260836353132
0.255979868158
0.252970291152
0.249576231381
0.247598726789
0.243120272029
0.239491816478
0.233346051013
0.228560076384
0.225489266015
0.224576982203
0.224883988864
0.223037781108
0.220200437503
0.214213054246
0.21004157085
0.206730494817
0.206717107634
0.207237255555
0.207092185969
0.205665660617
0.201864806866
0.200033121984
0.198112650481
0.198572477924
0.199854787424
0.200630464946
0.202199125166
0.200376540062
0.199436097666
0.19736394884
0.196783767366
0.198056835175
0.199988293587
0.202408582532
0.202567640791
0.201500579129
0.199349975013
0.197141015502
0.196971424771
0.197459568073
0.200076191645
0.20086917084
0.20195413065
0.200523697835
0.199042816008
0.196957522163
0.195968436144
0.196219365533
0.197500113093
0.198094965479
0.198493381085
0.196283753123
0.194516182951
0.192315620706
0.19193026148
0.19200244089
0.192898764223
0.193986814392
0.195362669276
0.194839771651
0.193239416301
0.191399005197
0.190170602257
0.190180142052
0.190274988922
0.192133804017
0.193797896577
0.194825209402
0.19386332867
0.192919008423
0.191588064802
0.191488122756
0.191905638278
0.193666454845
0.196010259175
0.197630783788
0.197938103444
0.197237285595
0.195196220786
0.193772575369
0.192795054499
0.193302746363
0.194628681962
0.195907038287
0.197183498316
0.197188587479
0.196298412925
0.194453211486
0.19182113665
0.189932080067
0.189282920013
0.190627815605
0.191968665259
0.193306782572
0.195090922648
0.195172032415
0.194882916514
0.193130063423
0.192467495917
0.19220258446
0.192350709137
0.194345629779
0.196190709583
0.197771369073
0.197458544941
0.197407262984
0.19778507204
0.19693930581
0.196962885043
0.195883195416
0.197603604961
0.198470204142
0.200924869003
0.203426379914
0.204629230245
0.205282875974
0.203328353985
0.202623863058
0.201714399746
0.202479851069
0.203352137652
0.205123256376
0.206394208948
0.20828523354
0.208368758643
0.208736468379
0.206180930649
0.204750904951
0.201540058392
0.20116798875
0.199941023393
0.200494202743
0.200873242575
0.202566779766
0.204171063625
0.203810064566
0.203971616641
0.203998765529
0.204018044279
0.203415672771
0.203604613864
0.206276488868
0.209827970232
0.213205764549
0.216419743874
0.218365312237
0.220368136916
0.220427806318
0.219944536621
0.21915418598
0.21914355655
0.21919735041
0.218641677018
0.218753873588
0.219937431289
0.221279513763
0.222289236079
0.22219608381
0.220362813588
0.218583973836
0.215805995798
0.21456859953
0.212336586694
0.211896527413
0.211647715839
0.212235214766
0.213554378072
0.2156117534
0.21765939624
0.21836321761
0.217723900085
0.21571799278
0.214289172216
0.213013846561
0.212730509808
0.212447284597
0.213730833166
0.215590898116
0.21680524241
0.218414381182
0.220199638072
0.221451328991
0.221539004961
0.220614126143
0.220368942156
0.220017417555
0.221076129381
0.222714574331
0.225005086847
0.227541968523
0.229997791203
0.231879782054
0.231998013373
0.231770154141
0.230575473333
0.230336340735
0.228646821352
0.228162658066
0.226687123397
0.226541366245
0.226253345171
0.226422520078
0.227484749001
0.227896943057
0.229086694731
0.228285875542
0.22775934343
0.225176323399
0.223508288997
0.221657885186
0.221516575662
0.22098660863
0.22113835785
0.222040312021
0.222910175566
0.223571675212
0.223529645193
0.223121881786
0.222634039003
0.22174170912
0.221537033652
0.220807057234
0.220297690082
0.219275559884
0.219116179857
0.217035743182
0.21718924001
0.217148908173
0.218088346266
0.218322936699
0.217622810594
0.217892230413
0.217305646944
0.217043876769
0.217152598437
0.215858305824
0.21498892287
0.211928083634
0.209948665856
0.207569521713
0.206584711059
0.204377472928
0.202443786641
0.199380855778
0.197052527069
0.193864631485
0.190536527793
0.186961715277
0.183906663203
0.182055437586
0.181491362079
0.17999208404
0.177455140154
0.175643248344
0.173648982645
0.173329859244
0.170780395903
0.168484526986
END
