380.3
381.1
381.9
382.7
383.5
384.4
385.2
386.0
386.8
387.6
388.4
389.2
390.1
390.9
391.7
392.5
393.3
394.1
394.9
395.8
396.6
397.4
398.2
399.0
399.8
400.6
401.5
402.3
403.1
403.9
404.7
405.5
406.3
407.2
408.0
408.8
409.6
410.4
411.2
412.0
412.8
413.7
414.5
415.3
416.1
416.9
417.7
418.5
419.4
420.2
421.0
421.8
422.6
423.4
424.2
425.1
425.9
426.7
427.5
428.3
429.1
429.9
430.8
431.6
432.4
433.2
434.0
434.8
435.6
436.4
437.3
438.1
438.9
439.7
440.5
441.3
442.1
443.0
443.8
444.6
445.4
446.2
447.0
447.8
448.7
449.5
450.3
451.1
451.9
452.7
453.5
454.4
455.2
456.0
456.8
457.6
458.4
459.2
460.0
460.9
461.7
462.5
463.3
464.1
464.9
465.7
466.6
467.4
468.2
469.0
469.8
470.6
471.4
472.3
473.1
473.9
474.7
475.5
476.3
477.1
478.0
478.8
479.6
480.4
481.2
482.0
482.8
483.6
484.5
485.3
486.1
486.9
487.7
488.5
489.3
490.2
491.0
491.8
492.6
493.4
494.2
495.0
495.9
496.7
497.5
498.3
499.1
499.9
500.7
501.6
502.4
503.2
504.0
504.8
505.6
506.4
507.2
508.1
508.9
509.7
510.5
511.3
512.1
512.9
513.7
514.5
515.3
516.1
516.8
517.6
518.4
519.2
520.0
520.8
521.5
522.3
523.1
523.9
524.7
525.5
526.2
527.0
527.8
528.6
529.4
530.2
530.9
531.7
532.5
533.3
534.1
534.9
535.6
536.4
537.2
538.0
538.8
539.6
540.3
541.1
541.9
542.7
543.5
544.3
545.0
545.8
546.6
547.4
548.2
549.0
549.7
550.5
551.3
552.1
552.9
553.7
554.4
555.2
556.0
556.8
557.6
558.4
559.1
559.9
560.7
561.5
562.3
563.1
563.8
564.6
565.4
566.2
567.0
567.8
568.5
569.3
570.1
570.9
571.7
572.5
573.2
574.0
574.8
575.6
576.4
577.2
577.9
578.7
579.5
580.3
581.1
581.9
582.6
583.4
584.2
585.0
585.8
586.6
587.3
588.1
588.9
589.6
590.3
591.1
591.8
592.6
593.3
594.0
594.8
595.5
596.3
597.0
597.7
598.5
599.2
600.0
600.7
601.5
602.2
602.9
603.7
604.4
605.2
605.9
606.6
607.4
608.1
608.9
609.6
610.3
611.1
611.8
612.6
613.3
614.0
614.8
615.5
616.3
617.0
617.7
618.5
619.2
620.0
620.7
621.4
622.2
622.9
623.7
624.4
625.2
625.9
626.6
627.4
628.1
628.9
629.6
630.3
631.1
631.8
632.6
633.3
634.0
634.8
635.5
636.3
637.0
637.7
638.5
639.2
640.0
640.7
641.4
642.2
642.9
643.7
644.4
645.1
645.9
646.6
647.4
648.1
648.8
649.6
650.3
651.1
651.8
652.6
653.3
654.0
654.8
655.5
656.3
657.0
657.7
658.5
659.2
660.0
660.7
661.4
662.2
662.9
663.7
664.4
665.1
665.9
666.6
667.4
668.1
668.9
669.6
670.4
671.2
671.9
672.7
673.4
674.2
674.9
675.7
676.5
677.2
678.0
678.7
679.5
680.2
681.0
681.8
682.5
683.3
684.0
684.8
685.5
686.3
687.1
687.8
688.6
689.3
690.1
690.8
691.6
692.4
693.1
693.9
694.6
695.4
696.1
696.9
697.7
698.4
699.2
699.9
700.7
701.4
702.2
703.0
703.7
704.5
705.2
706.0
706.8
707.6
708.4
709.2
710.0
710.8
711.6
712.4
713.2
714.0
714.8
715.6
716.4
717.2
718.0
718.8
719.6
720.4
721.2
722.0
722.8
723.6
724.4
725.2
726.0
726.8
727.6
728.4
729.2
730.0
730.8
731.6
732.4
733.2
734.0
734.8
735.6
736.4
737.2
738.0
738.8
739.6
740.4
741.2
742.0
742.8
743.6
744.4
745.2
746.0
746.8
747.6
748.4
749.2
750.0
750.8
751.6
752.4
753.2
754.0
754.8
755.6
756.4
757.2
758.0
758.8
759.6
760.4
761.2
762.0
762.8
763.6
764.4
765.2
766.0
766.8
767.6
768.4
769.2
770.0
770.8
771.6
772.4
773.2
774.1
774.9
775.7
776.5
777.3
778.1
778.9
779.7
780.5
781.3
782.1
782.9
783.7
784.5
785.3
786.1
786.9
787.7
788.5
789.3
790.1
790.9
791.7
792.5
793.3
794.1
794.9
795.7
796.5
797.3
798.1
798.9
799.7
800.5
801.3
802.1
802.9
803.7
804.5
805.3
806.1
806.9
807.7
808.5
809.3
810.1
810.9
811.7
812.5
813.3
814.1
814.9
815.7
816.5
817.3
818.1
818.9
819.7
820.5
821.3
822.1
822.9
823.7
824.5
825.3
826.1
826.9
827.7
828.5
829.3
830.1
830.9
831.7
832.6
833.4
834.3
835.1
835.9
836.8
837.6
838.5
839.3
840.2
841.0
841.9
842.7
843.5
844.4
845.2
846.1
846.9
847.8
848.6
849.4
850.3
851.1
852.0
852.8
853.7
854.5
855.3
856.2
857.0
857.9
858.7
859.6
860.4
861.3
862.1
862.9
863.8
864.6
865.5
866.3
867.2
868.0
868.8
869.7
870.5
871.4
872.2
873.1
873.9
874.8
875.6
876.4
877.3
878.1
879.0
879.8
880.7
881.5
882.3
883.2
884.0
884.9
885.7
886.6
887.4
888.2
889.1
889.9
890.8
891.6
892.5
893.3
894.2
895.0
895.8
896.7
897.5
898.4
899.2
NEXT_SERIES
0.209745053696
0.210118352537
0.209277051207
0.210825263934
0.213009262104
0.217863172916
0.223864668411
0.232811600197
0.245803830278
0.262135045663
0.281105232899
0.299265137443
0.316431271582
0.33391784624
0.352508306124
0.371624534514
0.387529526116
0.400706178238
0.411013543215
0.418539270215
0.42321606045
0.421808955051
0.419273064508
0.413955008004
0.408314981983
0.399617985854
0.391064218639
0.383201705621
0.377106717449
0.369633792494
0.363813072557
0.35792588177
0.354425407096
0.352331330979
0.351164251449
0.350326694586
0.350761072964
0.351729851924
0.353578199194
0.355053952749
0.357159837146
0.359924207762
0.363161483956
0.36768112681
0.372449268642
0.376570139845
0.37976184797
0.382523886553
0.385119288081
0.38821098565
0.390919002635
0.393390560178
0.394315446509
0.395957293379
0.397500979732
0.399024494145
0.399822108329
0.400343850617
0.401809929452
0.401709525881
0.401839773754
0.400972408751
0.400250660585
0.399094709391
0.397778905038
0.396835085508
0.395658425414
0.393009283232
0.390744635885
0.388659408774
0.386845089151
0.38354845936
0.379541767342
0.375486931663
0.372445338978
0.368704784111
0.365401201883
0.362140044331
0.359702268362
0.356515302025
0.353277993717
0.348706049291
0.34554823824
0.34169886837
0.33916348695
0.335592528162
0.333338019319
0.329744613888
0.32620150834
0.322542864162
0.320622056054
0.318723726873
0.316293181142
0.311916196059
0.307856855627
0.304848767576
0.302505076437
0.299548481341
0.295775512773
0.293558777846
0.291614743694
0.288878304405
0.285783674899
0.283580376178
0.282014171448
0.28105301768
0.279891750483
0.278884485739
0.275957389707
0.274870252709
0.274154761847
0.273903696368
0.271971225143
0.271764760099
0.271389632502
0.272332954523
0.270601135296
0.269408236634
0.268536167614
0.268055141119
0.267980825794
0.266220572888
0.266152159015
0.26642317494
0.266976965923
0.267418658331
0.267179095477
0.267958873604
0.26751467989
0.268035041585
0.268052286058
0.267414737309
0.266051629051
0.26460610338
0.265031275663
0.265160569052
0.266110720467
0.26643576727
0.267796647864
0.26812756134
0.267979616651
0.268951422111
0.269830796164
0.270941671117
0.270245334417
0.269970294827
0.271082245106
0.272745213376
0.273543578057
0.274177112778
0.273156830529
0.272838125022
0.271355011292
0.26942642317
0.267788334898
0.26619334351
0.265434661194
0.264195258928
0.262502035141
0.262137262414
0.260934481281
0.259666531895
0.258202970055
0.257375827118
0.255377658936
0.252518460226
0.250074142377
0.24794033449
0.244870043179
0.242535877921
0.241439305047
0.240811554153
0.238781701746
0.237114829971
0.235507484692
0.234432949416
0.232428740522
0.232122578362
0.231802295287
0.231981182135
0.231587754645
0.230832417425
0.229767819507
0.22784177382
0.226839923541
0.225082919091
0.222959696175
0.220899212474
0.21939773332
0.218777827402
0.218337888359
0.217252715608
0.217082766065
0.215749625761
0.215475579704
0.214523730695
0.214746350183
0.21477530639
0.214319095646
0.213205771909
0.212573772008
0.211723083947
0.210962270797
0.208687393069
0.208468790767
0.206192820525
0.205677902488
0.202860150633
0.201474843538
0.200407712642
0.199819217249
0.198523118867
0.196874300179
0.195260553437
0.195233739348
0.193897479599
0.193055317353
0.19252739314
0.192895507099
0.193914711939
0.193088922303
0.192273517946
0.190066416494
0.189083982811
0.186690888174
0.185252930657
0.183178443485
0.182340894518
0.181425535867
0.180849866476
0.180097319678
0.179603725814
0.179285743222
0.178990693547
0.178547163401
0.177299920133
0.176601217566
0.175462299295
0.174848109316
0.17448829653
0.173606252367
0.17238038611
0.170920213905
0.169887558435
0.169334427976
0.16797852013
0.166949479326
0.165411568104
0.164398248054
0.162782129181
0.162103887647
0.161141225927
0.160895177931
0.16015527386
0.160437181473
0.160097657106
0.160357065593
0.159434252528
0.158604856968
0.157680456779
0.156531041508
0.155771334883
0.153604238617
0.153012074535
0.151059308062
0.150220252751
0.148583367374
0.147845172291
0.146601780134
0.145479903547
0.144720153724
0.143984822448
0.143168601575
0.143387180834
0.144465807376
0.145735153153
0.145246034236
0.144461484119
0.144299002359
0.145409966402
0.146954373148
0.146310856301
0.145116988489
0.143271797402
0.14333680284
0.142920265383
0.14164774194
0.139951646956
0.138640869824
0.138824842503
0.137977340602
0.136931459395
0.1347260225
0.134029942892
0.134005853534
0.135497710017
0.135808687745
0.135600743512
0.13515934509
0.136302878136
0.138170193464
0.138696492135
0.139018646304
0.139219538765
0.139758697259
0.140262044979
0.139554346459
0.13850138759
0.137176550056
0.136043089394
0.136251201117
0.135736453504
0.134934248612
0.13304200042
0.131066737922
0.13039618793
0.130124782954
0.130736117813
0.129949352157
0.12948543965
0.128846314534
0.129287977764
0.129998789294
0.12951382207
0.12944019455
0.128117428554
0.128328417864
0.12785819565
0.128921898348
0.127859619957
0.127697660732
0.125716829788
0.126117169286
0.125187677447
0.125967189337
0.124865876206
0.125193641192
0.123653645412
0.123585716679
0.122544976521
0.123245443415
0.123127794014
0.12394509972
0.123417869851
0.124094106648
0.123577229706
0.124417569885
0.124752243563
0.125071778228
0.125154626096
0.124417715176
0.125475598915
0.126565456776
0.128762843769
0.128908878384
0.129277601119
0.128450380769
0.129701732663
0.129849733006
0.131809252642
0.131854770297
0.132476344062
0.132515332012
0.134019225343
0.136498314375
0.140010527773
0.142551952735
0.14340138096
0.143933113995
0.145465619731
0.148376714401
0.150851633683
0.153482202236
0.156071997453
0.157279578548
0.157033465978
0.156947100884
0.157823279475
0.159436779424
0.161218941142
0.162069405299
0.161346134095
0.159018388634
0.15756065066
0.157912733389
0.158892346008
0.159037933419
0.15719376061
0.154473711836
0.151744966492
0.149135621471
0.149207856345
0.147747945164
0.147600093136
0.144384170411
0.141928932002
0.138759647823
0.135938177117
0.135610882628
0.13473193601
0.135454706678
0.133625396998
0.131648182099
0.127405400076
0.125004202012
0.124028201183
0.124464502967
0.125235559465
0.12436664099
0.123041978655
0.11931137178
0.117180219802
0.115721380477
0.116367073521
0.117068243755
0.117139057311
0.115966459738
0.113634023388
0.112726135166
0.111522946284
0.111738008235
0.113051037491
0.114214860022
0.115457640691
0.113651115969
0.113249512494
0.111697086679
0.111926810021
0.112684644025
0.114757073931
0.116176158984
0.116666917546
0.115803898367
0.114878411024
0.113152910256
0.113020347674
0.112776692455
0.114755227347
0.115118016288
0.115445631622
0.114278463917
0.113599306041
0.112953733231
0.112189173388
0.112406824826
0.113088910374
0.11403192112
0.114401140584
0.113660255908
0.111824388525
0.110273852587
0.108959050842
0.10918450387
0.10945626426
0.11043636195
0.111480183843
0.111182973217
0.110743188091
0.109378635314
0.1085115845
0.107713750097
0.107550144941
0.108585701481
0.109725762149
0.110718145021
0.10965831949
0.109024180039
0.107690704305
0.108056310112
0.108859834138
0.110174382242
0.111726404975
0.112313880772
0.112108871288
0.111535420739
0.109513929732
0.108831943776
0.108487686776
0.109200186361
0.109789719602
0.110700057661
0.111693742237
0.112386462864
0.111187492425
0.109517327595
0.107365838848
0.106990333115
0.106811776753
0.107696912011
0.108230363962
0.109181984745
0.110061463827
0.109385615488
0.109097957158
0.107982585025
0.107916397482
0.107657118794
0.107767905988
0.108767193838
0.109699575234
0.110877392556
0.111404500615
0.111209641562
0.110437508871
0.109126813106
0.109558587847
0.109713139269
0.11114654765
0.111524934322
0.113177124606
0.11436952485
0.114975836356
0.114727923103
0.113455245693
0.113157357554
0.113088738824
0.113870242373
0.114550385449
0.115534333897
0.115808329727
0.116920711328
0.117141146319
0.117568401913
0.115182540603
0.113583610925
0.111252018347
0.111809791742
0.111316907159
0.111878379312
0.111794712068
0.112155237159
0.113270742514
0.112991636005
0.113738890202
0.113552615969
0.113479946285
0.113321570472
0.113384747996
0.115612582804
0.117595830076
0.119477338928
0.121138971523
0.122739934296
0.124306340689
0.124188634093
0.12323433705
0.122617000559
0.121818447678
0.122252784087
0.121364101174
0.122071403309
0.122334570575
0.123849248753
0.123896323803
0.123819354819
0.122708666877
0.121797608708
0.120073239408
0.117925823009
0.11619088698
0.115262366536
0.115471513108
0.116585720267
0.117998952494
0.119872351495
0.121243099058
0.121805016588
0.121031086071
0.120163485362
0.119750022469
0.119023171944
0.118570547536
0.118334110696
0.119413487309
0.119979624413
0.11986953054
0.121021224482
0.122276221694
0.123408758539
0.123543828604
0.123192131139
0.123001277878
0.12284549251
0.123599180682
0.124059240654
0.125134404122
0.126751728702
0.129181286569
0.130332057978
0.130190818841
0.130459938377
0.130073820041
0.130000030247
0.127686443372
0.126688020519
0.125559983943
0.126025757634
0.125848204572
0.125585067705
0.12562511765
0.126061689392
0.126325810967
0.126460284842
0.12550059819
0.124124801109
0.122983320391
0.121601353559
0.121477679169
0.120646243465
0.121266279584
0.121165560015
0.121194549125
0.121506270424
0.121362686291
0.122240438032
0.121534856273
0.12139208809
0.119800449023
0.119579028268
0.118308910872
0.117823535262
0.117014625704
0.117237116478
0.117232311436
0.117233466608
0.116867673918
0.116356566935
0.116333843376
0.116247200738
0.115660643084
0.1149197478
0.114276724642
0.113198117017
0.112053791026
0.110175440631
0.109054792545
0.107060804872
0.105917896481
0.103792964263
0.101785560713
0.100038610598
0.0989745560456
0.0972554048188
0.0945689053338
0.0929681837418
0.0917401638255
0.0921406929556
0.0901858793355
0.0891059766608
0.0861266529005
0.0858088759119
0.083701406339
0.0831225440656
0.0819323775971
0.0809032788875
END
