380.3
381.1
381.9
382.7
383.5
384.4
385.2
386.0
386.8
387.6
388.4
389.2
390.1
390.9
391.7
392.5
393.3
394.1
394.9
395.8
396.6
397.4
398.2
399.0
399.8
400.6
401.5
402.3
403.1
403.9
404.7
405.5
406.3
407.2
408.0
408.8
409.6
410.4
411.2
412.0
412.8
413.7
414.5
415.3
416.1
416.9
417.7
418.5
419.4
420.2
421.0
421.8
422.6
423.4
424.2
425.1
425.9
426.7
427.5
428.3
429.1
429.9
430.8
431.6
432.4
433.2
434.0
434.8
435.6
436.4
437.3
438.1
438.9
439.7
440.5
441.3
442.1
443.0
443.8
444.6
445.4
446.2
447.0
447.8
448.7
449.5
450.3
451.1
451.9
452.7
453.5
454.4
455.2
456.0
456.8
457.6
458.4
459.2
460.0
460.9
461.7
462.5
463.3
464.1
464.9
465.7
466.6
467.4
468.2
469.0
469.8
470.6
471.4
472.3
473.1
473.9
474.7
475.5
476.3
477.1
478.0
478.8
479.6
480.4
481.2
482.0
482.8
483.6
484.5
485.3
486.1
486.9
487.7
488.5
489.3
490.2
491.0
491.8
492.6
493.4
494.2
495.0
495.9
496.7
497.5
498.3
499.1
499.9
500.7
501.6
502.4
503.2
504.0
504.8
505.6
506.4
507.2
508.1
508.9
509.7
510.5
511.3
512.1
512.9
513.7
514.5
515.3
516.1
516.8
517.6
518.4
519.2
520.0
520.8
521.5
522.3
523.1
523.9
524.7
525.5
526.2
527.0
527.8
528.6
529.4
530.2
530.9
531.7
532.5
533.3
534.1
534.9
535.6
536.4
537.2
538.0
538.8
539.6
540.3
541.1
541.9
542.7
543.5
544.3
545.0
545.8
546.6
547.4
548.2
549.0
549.7
550.5
551.3
552.1
552.9
553.7
554.4
555.2
556.0
556.8
557.6
558.4
559.1
559.9
560.7
561.5
562.3
563.1
563.8
564.6
565.4
566.2
567.0
567.8
568.5
569.3
570.1
570.9
571.7
572.5
573.2
574.0
574.8
575.6
576.4
577.2
577.9
578.7
579.5
580.3
581.1
581.9
582.6
583.4
584.2
585.0
585.8
586.6
587.3
588.1
588.9
589.6
590.3
591.1
591.8
592.6
593.3
594.0
594.8
595.5
596.3
597.0
597.7
598.5
599.2
600.0
600.7
601.5
602.2
602.9
603.7
604.4
605.2
605.9
606.6
607.4
608.1
608.9
609.6
610.3
611.1
611.8
612.6
613.3
614.0
614.8
615.5
616.3
617.0
617.7
618.5
619.2
620.0
620.7
621.4
622.2
622.9
623.7
624.4
625.2
625.9
626.6
627.4
628.1
628.9
629.6
630.3
631.1
631.8
632.6
633.3
634.0
634.8
635.5
636.3
637.0
637.7
638.5
639.2
640.0
640.7
641.4
642.2
642.9
643.7
644.4
645.1
645.9
646.6
647.4
648.1
648.8
649.6
650.3
651.1
651.8
652.6
653.3
654.0
654.8
655.5
656.3
657.0
657.7
658.5
659.2
660.0
660.7
661.4
662.2
662.9
663.7
664.4
665.1
665.9
666.6
667.4
668.1
668.9
669.6
670.4
671.2
671.9
672.7
673.4
674.2
674.9
675.7
676.5
677.2
678.0
678.7
679.5
680.2
681.0
681.8
682.5
683.3
684.0
684.8
685.5
686.3
687.1
687.8
688.6
689.3
690.1
690.8
691.6
692.4
693.1
693.9
694.6
695.4
696.1
696.9
697.7
698.4
699.2
699.9
700.7
701.4
702.2
703.0
703.7
704.5
705.2
706.0
706.8
707.6
708.4
709.2
710.0
710.8
711.6
712.4
713.2
714.0
714.8
715.6
716.4
717.2
718.0
718.8
719.6
720.4
721.2
722.0
722.8
723.6
724.4
725.2
726.0
726.8
727.6
728.4
729.2
730.0
730.8
731.6
732.4
733.2
734.0
734.8
735.6
736.4
737.2
738.0
738.8
739.6
740.4
741.2
742.0
742.8
743.6
744.4
745.2
746.0
746.8
747.6
748.4
749.2
750.0
750.8
751.6
752.4
753.2
754.0
754.8
755.6
756.4
757.2
758.0
758.8
759.6
760.4
761.2
762.0
762.8
763.6
764.4
765.2
766.0
766.8
767.6
768.4
769.2
770.0
770.8
771.6
772.4
773.2
774.1
774.9
775.7
776.5
777.3
778.1
778.9
779.7
780.5
781.3
782.1
782.9
783.7
784.5
785.3
786.1
786.9
787.7
788.5
789.3
790.1
790.9
791.7
792.5
793.3
794.1
794.9
795.7
796.5
797.3
798.1
798.9
799.7
800.5
801.3
802.1
802.9
803.7
804.5
805.3
806.1
806.9
807.7
808.5
809.3
810.1
810.9
811.7
812.5
813.3
814.1
814.9
815.7
816.5
817.3
818.1
818.9
819.7
820.5
821.3
822.1
822.9
823.7
824.5
825.3
826.1
826.9
827.7
828.5
829.3
830.1
830.9
831.7
832.6
833.4
834.3
835.1
835.9
836.8
837.6
838.5
839.3
840.2
841.0
841.9
842.7
843.5
844.4
845.2
846.1
846.9
847.8
848.6
849.4
850.3
851.1
852.0
852.8
853.7
854.5
855.3
856.2
857.0
857.9
858.7
859.6
860.4
861.3
862.1
862.9
863.8
864.6
865.5
866.3
867.2
868.0
868.8
869.7
870.5
871.4
872.2
873.1
873.9
874.8
875.6
876.4
877.3
878.1
879.0
879.8
880.7
881.5
882.3
883.2
884.0
884.9
885.7
886.6
887.4
888.2
889.1
889.9
890.8
891.6
892.5
893.3
894.2
895.0
895.8
896.7
897.5
898.4
899.2
NEXT_SERIES
-0.0154384764373
-0.0168950848482
-0.0191562882164
-0.0224431911215
-0.0218579311986
-0.0230245858686
-0.0224218087952
-0.0212602347034
-0.0157329092735
-0.00721217067466
0.00239657373189
0.0119464831107
0.0223141118178
0.0322514154402
0.0425737601342
0.0524950218976
0.062542579652
0.071058280501
0.0771895234097
0.0806263861697
0.0827265024879
0.0825547767837
0.0812554094982
0.0774803916461
0.0739025505388
0.0687478986584
0.0648793851666
0.061233324769
0.057804296526
0.0550072468232
0.0523667687974
0.0510129914095
0.0507142538116
0.0515697806936
0.0530495531054
0.0540715789069
0.0552265478799
0.0567202932185
0.058557269736
0.0603051380574
0.0623879609306
0.0647285622444
0.0662552328458
0.0694568857731
0.0723120781015
0.0765417994163
0.0787307842437
0.081237397952
0.0835972318964
0.0865750415905
0.0886150291353
0.0905503408303
0.0919444790213
0.093260236482
0.0952733002919
0.0964107833474
0.0982299273561
0.0989458501895
0.0999696267551
0.0999735706648
0.100242426769
0.100361209119
0.100067870315
0.0988832753644
0.0982005257119
0.0981726149759
0.0978949040963
0.0966441899468
0.095110160703
0.0928272099426
0.09146046267
0.0894457964287
0.0886232573034
0.0862237659491
0.083898501567
0.0813024823361
0.0792354721657
0.0779462254931
0.0763954492389
0.0751673482813
0.074016150736
0.0718189851998
0.0696760811445
0.067422984233
0.0659250311817
0.0643794553846
0.0625911074429
0.0611750491315
0.0599094694612
0.0583250536011
0.0562075592308
0.0547968797264
0.0535484121833
0.0524700917992
0.0507458535462
0.0492145149902
0.0474587243693
0.0452119352443
0.0435562888062
0.0420138920618
0.0408736530194
0.0387032160178
0.0372951521399
0.0365752984353
0.0353164518374
0.0341079260302
0.0321049927187
0.0320910004524
0.0303921774785
0.0301444880475
0.0285790100715
0.0285955792909
0.0273489263011
0.0270904884312
0.0266487785292
0.026613401702
0.0255466075433
0.0247017871201
0.0239754734345
0.0234439034128
0.0225405753418
0.0222032080744
0.0218294749727
0.0219349427314
0.0214823538815
0.0211803482342
0.02076186557
0.0202909902846
0.020328854502
0.0206303675959
0.0203356157609
0.0196683662274
0.0185881987526
0.0178622954438
0.0176906624614
0.0173649367602
0.0180640178667
0.0184807125888
0.0191993119152
0.0192575549493
0.0186965588825
0.0183390483853
0.0181099959604
0.0188523278084
0.0190644004302
0.0193002782034
0.018755159855
0.020009766602
0.0199434567123
0.0211505921444
0.0202967042432
0.020019254792
0.0189090653888
0.0179677654954
0.0171238255175
0.0165549328317
0.0161957539537
0.0151250309477
0.0145708044165
0.0141805979347
0.0144072965014
0.012939827767
0.0121452202991
0.0112521810419
0.0109083448399
0.00979474863909
0.00892741311957
0.00776271729733
0.00597904009698
0.00511980616026
0.00455488946045
0.00410378893714
0.00280406360156
0.00197044184565
0.00142146331981
0.000839445639109
1.75059071026e-05
0.000280830220688
-0.000261562873239
-0.00019663942523
-0.0012937453239
-0.00136646881601
-0.00210281874598
-0.00269263019844
-0.00318345922763
-0.00366864715643
-0.00476151019185
-0.00548694548521
-0.00645313014997
-0.00636027536126
-0.0070668485384
-0.0079452257758
-0.00836376051562
-0.0091040195168
-0.00881721679023
-0.00929091519634
-0.00874563282515
-0.00894412853818
-0.00970258013324
-0.010290628516
-0.0108381398554
-0.0105890599305
-0.0112561355838
-0.0122343909384
-0.0129013004414
-0.0135702089438
-0.0136514742558
-0.0141984265168
-0.014700639804
-0.0152598289425
-0.0156888929239
-0.0160283903406
-0.0160027707777
-0.0163339943673
-0.0162708213768
-0.0169506615289
-0.0173312199247
-0.01776675651
-0.0178298696667
-0.0173693323244
-0.017447188031
-0.0173920555592
-0.0176846665983
-0.0179570883966
-0.0184454671293
-0.0188907356133
-0.0193669758093
-0.0192355674542
-0.0196737794496
-0.0198114167689
-0.0208594167175
-0.0202495569184
-0.0199287219429
-0.0195017756758
-0.0198357358652
-0.0201564124864
-0.0198922003005
-0.0199373735165
-0.0198137311843
-0.0197495670566
-0.0198058217422
-0.0200492648557
-0.0204388926505
-0.020922568952
-0.0212830974165
-0.0217773802782
-0.0219528057687
-0.0220534775849
-0.0222978722638
-0.0230719682299
-0.0230631168326
-0.022852592596
-0.0225399357201
-0.02301061505
-0.0232987921024
-0.0235293282014
-0.0234049187715
-0.0236854828928
-0.0239067563848
-0.0243327083942
-0.0245893621073
-0.0247037087836
-0.024974768001
-0.0246100548126
-0.0251105299466
-0.0255653144385
-0.0261164934283
-0.0264372801633
-0.0268638636093
-0.0272907766309
-0.0271748069988
-0.0265424978742
-0.0267054264498
-0.0264720074743
-0.0265267521823
-0.0260849838915
-0.0261356464772
-0.0263188183475
-0.0263699602546
-0.026027598378
-0.0254807080876
-0.0253500774643
-0.0256181189106
-0.025834955333
-0.0256103099076
-0.0251787213704
-0.0257202932105
-0.0263321417571
-0.0270368734747
-0.0262525114157
-0.0260310632817
-0.026294823682
-0.0275381478928
-0.027441501584
-0.0272159682753
-0.0259481028742
-0.0262698557784
-0.0264204811044
-0.0273686601887
-0.026704862314
-0.026345227086
-0.0257120638036
-0.0261939151426
-0.0260570535685
-0.0258925274517
-0.0248158121409
-0.0250421404554
-0.0255961534525
-0.0267621881821
-0.0264840495919
-0.0257698929198
-0.0260331531177
-0.0265974003499
-0.0277599166612
-0.0280706634919
-0.0283971020406
-0.0276513030279
-0.0275329608208
-0.0275268517725
-0.0280126496164
-0.02787816753
-0.0277944210615
-0.0275910187734
-0.0282271118964
-0.0281165933375
-0.028693401326
-0.0281540794058
-0.0280389341847
-0.0274498547519
-0.0278769743657
-0.0279673274122
-0.0282205170482
-0.0275166271848
-0.027410744456
-0.0270749543556
-0.0274137234777
-0.027182615362
-0.0278176837798
-0.0271212408874
-0.0270801207022
-0.0262436890139
-0.0267150563571
-0.0261713883099
-0.0265877687873
-0.025954546131
-0.0259408686264
-0.0253563537325
-0.0251028978545
-0.0253978163639
-0.0251181815486
-0.0253438448009
-0.0246829036879
-0.0241166298401
-0.0234457649313
-0.0233556660063
-0.0232118727184
-0.0226602864691
-0.0220143846158
-0.0218796766781
-0.0214814039605
-0.0211500533312
-0.0208059707491
-0.0205793383271
-0.0201955491857
-0.0188945070808
-0.0177542122705
-0.0166271359936
-0.0166766503833
-0.0166006299341
-0.0159265903927
-0.0146967443351
-0.0131447567423
-0.0121909603184
-0.0116789925212
-0.0117718138696
-0.0115600997116
-0.010787044267
-0.00986913352967
-0.00969160489188
-0.00927476772176
-0.00945163854634
-0.00937808145527
-0.00975135341409
-0.00952888028846
-0.00864682065414
-0.00819194437046
-0.0081922811994
-0.00903749988905
-0.00974518085184
-0.00995781957641
-0.010087507164
-0.00969203622049
-0.0100597254946
-0.00975103860618
-0.0103597882156
-0.0106595057595
-0.0115535106199
-0.012060297444
-0.0119727432826
-0.0123247781193
-0.0121521588621
-0.0122134140674
-0.0123361222162
-0.0128169264616
-0.0133553722472
-0.0130554446885
-0.012931444717
-0.0125953086841
-0.0129095708275
-0.0128322522848
-0.0135694404665
-0.0139405815858
-0.0144865761024
-0.0141391103785
-0.013436209523
-0.0127069003735
-0.0125019320236
-0.0131618137345
-0.0136515137154
-0.0139209925708
-0.0135849783862
-0.0123757463121
-0.0114372290577
-0.0105502236403
-0.0110368703664
-0.0109696243475
-0.0110590548418
-0.0106394557312
-0.0102426172548
-0.00921043042503
-0.00855518987854
-0.00802187452641
-0.00797117532887
-0.00801129807566
-0.00809986665523
-0.00813153318624
-0.007775983755
-0.00742674145897
-0.00693176469902
-0.00642466758987
-0.00635168324657
-0.00630633756695
-0.00672031172831
-0.00672591808229
-0.00702776836436
-0.00696328594882
-0.00701561817531
-0.00646775656359
-0.00628986531909
-0.006155479976
-0.00636768025663
-0.00612347575467
-0.00640540036853
-0.00663831800923
-0.00686946222164
-0.00581046637569
-0.00507082924898
-0.00427996315479
-0.00439155331282
-0.00454474472676
-0.0048495558764
-0.00521785297612
-0.00450876607471
-0.0037431916469
-0.00252080701959
-0.00223375217025
-0.00206343673042
-0.00192052349534
-0.0018628738096
-0.00165299744723
-0.0012275941397
-0.00054165361004
0.000172177354004
0.000660606170841
0.00117963370372
0.000938936852949
0.000911233789387
0.000751800108134
0.00168111169749
0.00209205273307
0.00333554300637
0.00393176789285
0.00459372779508
0.0046056993752
0.00460868999241
0.00481396186897
0.00474450315962
0.00497032989062
0.00497403534425
0.00589428035537
0.00702966692255
0.00829891785013
0.00807166989491
0.00809972755217
0.00786923086001
0.00840968548941
0.00879944731954
0.00967083296204
0.0107507000424
0.0112713995489
0.0124087114235
0.0126542114056
0.0134761983103
0.0133651822272
0.0133573625793
0.0135163964095
0.0135884184823
0.0146123125234
0.0151505182752
0.0161249565098
0.0171398236142
0.0178489761795
0.0186655758072
0.018359167123
0.0188774735762
0.0187693687016
0.0196271824263
0.0200311527524
0.0208464129826
0.02115887719
0.0217270010715
0.0226595098362
0.0235343477409
0.0232984320845
0.0226467512774
0.0222478674664
0.0229659269877
0.0224115077671
0.0223868037574
0.0222712826198
0.0232990414628
0.0243484587274
0.0246328070136
0.0250063221277
0.0252848551764
0.0257754423525
0.0262430890318
0.0269305610593
0.0276785670795
0.02888111209
0.0292382135665
0.0309688741641
0.0324306483607
0.0345573716082
0.035014598072
0.0349862081108
0.0345799198703
0.0349769153327
0.0353335726277
0.0352487819761
0.0347994097891
0.0356287617099
0.0365375738788
0.0373174324978
0.037212396593
0.0372685957165
0.0380635333614
0.0375540407534
0.0368678544219
0.0353290057349
0.0352147215401
0.0357823955796
0.0363073954833
0.0377348631716
0.0390156239908
0.0410950374091
0.0417974209747
0.0415094923773
0.0404996499115
0.0399009860759
0.0399901101647
0.0402124916136
0.040623077044
0.0411972928293
0.0422344252543
0.0424816941948
0.0432914971768
0.0440285352372
0.0447574700307
0.0451984378775
0.0449663630754
0.0448908346119
0.0447950541142
0.0456784242253
0.0465113445733
0.047583123625
0.047773553344
0.0491212027197
0.0496538026961
0.0505299462228
0.0501998981215
0.0499861148199
0.0504930778376
0.0498262383493
0.049848359101
0.048494673922
0.0487062480836
0.0477264556338
0.0480476005162
0.0483605402258
0.0489532012621
0.0493075262522
0.0491703355478
0.0488068001225
0.0477440225844
0.0470340171544
0.0464111797804
0.0463880384496
0.0458867693488
0.0462184004122
0.045768280113
0.046162411315
0.0457746445738
0.0463326196446
0.0465847330554
0.0463939079257
0.0460629089065
0.0450580778379
0.0451799979374
0.0446099805404
0.0449417683225
0.0443763082358
0.0432175679851
0.0423468622488
0.0418009830258
0.0414982748522
0.0408014895248
0.0399474426499
0.039562771338
0.0397590163557
0.0399973527893
0.0399399279404
0.0387829742063
0.0385935946478
0.0373072322852
0.0369326748917
0.0350935812847
0.0347751855696
0.0323759016532
0.0308186567801
0.0293233754554
0.0292089254603
0.0276232912468
0.0262908619118
0.0236480334069
0.0227989608424
0.0213900920567
0.0212963270449
0.0206067737892
0.0195323778257
0.0179960454478
0.016705306764
0.0168492767646
0.0158919349815
0.015490166354
END
