380.3
381.1
381.9
382.7
383.5
384.4
385.2
386.0
386.8
387.6
388.4
389.2
390.1
390.9
391.7
392.5
393.3
394.1
394.9
395.8
396.6
397.4
398.2
399.0
399.8
400.6
401.5
402.3
403.1
403.9
404.7
405.5
406.3
407.2
408.0
408.8
409.6
410.4
411.2
412.0
412.8
413.7
414.5
415.3
416.1
416.9
417.7
418.5
419.4
420.2
421.0
421.8
422.6
423.4
424.2
425.1
425.9
426.7
427.5
428.3
429.1
429.9
430.8
431.6
432.4
433.2
434.0
434.8
435.6
436.4
437.3
438.1
438.9
439.7
440.5
441.3
442.1
443.0
443.8
444.6
445.4
446.2
447.0
447.8
448.7
449.5
450.3
451.1
451.9
452.7
453.5
454.4
455.2
456.0
456.8
457.6
458.4
459.2
460.0
460.9
461.7
462.5
463.3
464.1
464.9
465.7
466.6
467.4
468.2
469.0
469.8
470.6
471.4
472.3
473.1
473.9
474.7
475.5
476.3
477.1
478.0
478.8
479.6
480.4
481.2
482.0
482.8
483.6
484.5
485.3
486.1
486.9
487.7
488.5
489.3
490.2
491.0
491.8
492.6
493.4
494.2
495.0
495.9
496.7
497.5
498.3
499.1
499.9
500.7
501.6
502.4
503.2
504.0
504.8
505.6
506.4
507.2
508.1
508.9
509.7
510.5
511.3
512.1
512.9
513.7
514.5
515.3
516.1
516.8
517.6
518.4
519.2
520.0
520.8
521.5
522.3
523.1
523.9
524.7
525.5
526.2
527.0
527.8
528.6
529.4
530.2
530.9
531.7
532.5
533.3
534.1
534.9
535.6
536.4
537.2
538.0
538.8
539.6
540.3
541.1
541.9
542.7
543.5
544.3
545.0
545.8
546.6
547.4
548.2
549.0
549.7
550.5
551.3
552.1
552.9
553.7
554.4
555.2
556.0
556.8
557.6
558.4
559.1
559.9
560.7
561.5
562.3
563.1
563.8
564.6
565.4
566.2
567.0
567.8
568.5
569.3
570.1
570.9
571.7
572.5
573.2
574.0
574.8
575.6
576.4
577.2
577.9
578.7
579.5
580.3
581.1
581.9
582.6
583.4
584.2
585.0
585.8
586.6
587.3
588.1
588.9
589.6
590.3
591.1
591.8
592.6
593.3
594.0
594.8
595.5
596.3
597.0
597.7
598.5
599.2
600.0
600.7
601.5
602.2
602.9
603.7
604.4
605.2
605.9
606.6
607.4
608.1
608.9
609.6
610.3
611.1
611.8
612.6
613.3
614.0
614.8
615.5
616.3
617.0
617.7
618.5
619.2
620.0
620.7
621.4
622.2
622.9
623.7
624.4
625.2
625.9
626.6
627.4
628.1
628.9
629.6
630.3
631.1
631.8
632.6
633.3
634.0
634.8
635.5
636.3
637.0
637.7
638.5
639.2
640.0
640.7
641.4
642.2
642.9
643.7
644.4
645.1
645.9
646.6
647.4
648.1
648.8
649.6
650.3
651.1
651.8
652.6
653.3
654.0
654.8
655.5
656.3
657.0
657.7
658.5
659.2
660.0
660.7
661.4
662.2
662.9
663.7
664.4
665.1
665.9
666.6
667.4
668.1
668.9
669.6
670.4
671.2
671.9
672.7
673.4
674.2
674.9
675.7
676.5
677.2
678.0
678.7
679.5
680.2
681.0
681.8
682.5
683.3
684.0
684.8
685.5
686.3
687.1
687.8
688.6
689.3
690.1
690.8
691.6
692.4
693.1
693.9
694.6
695.4
696.1
696.9
697.7
698.4
699.2
699.9
700.7
701.4
702.2
703.0
703.7
704.5
705.2
706.0
706.8
707.6
708.4
709.2
710.0
710.8
711.6
712.4
713.2
714.0
714.8
715.6
716.4
717.2
718.0
718.8
719.6
720.4
721.2
722.0
722.8
723.6
724.4
725.2
726.0
726.8
727.6
728.4
729.2
730.0
730.8
731.6
732.4
733.2
734.0
734.8
735.6
736.4
737.2
738.0
738.8
739.6
740.4
741.2
742.0
742.8
743.6
744.4
745.2
746.0
746.8
747.6
748.4
749.2
750.0
750.8
751.6
752.4
753.2
754.0
754.8
755.6
756.4
757.2
758.0
758.8
759.6
760.4
761.2
762.0
762.8
763.6
764.4
765.2
766.0
766.8
767.6
768.4
769.2
770.0
770.8
771.6
772.4
773.2
774.1
774.9
775.7
776.5
777.3
778.1
778.9
779.7
780.5
781.3
782.1
782.9
783.7
784.5
785.3
786.1
786.9
787.7
788.5
789.3
790.1
790.9
791.7
792.5
793.3
794.1
794.9
795.7
796.5
797.3
798.1
798.9
799.7
800.5
801.3
802.1
802.9
803.7
804.5
805.3
806.1
806.9
807.7
808.5
809.3
810.1
810.9
811.7
812.5
813.3
814.1
814.9
815.7
816.5
817.3
818.1
818.9
819.7
820.5
821.3
822.1
822.9
823.7
824.5
825.3
826.1
826.9
827.7
828.5
829.3
830.1
830.9
831.7
832.6
833.4
834.3
835.1
835.9
836.8
837.6
838.5
839.3
840.2
841.0
841.9
842.7
843.5
844.4
845.2
846.1
846.9
847.8
848.6
849.4
850.3
851.1
852.0
852.8
853.7
854.5
855.3
856.2
857.0
857.9
858.7
859.6
860.4
861.3
862.1
862.9
863.8
864.6
865.5
866.3
867.2
868.0
868.8
869.7
870.5
871.4
872.2
873.1
873.9
874.8
875.6
876.4
877.3
878.1
879.0
879.8
880.7
881.5
882.3
883.2
884.0
884.9
885.7
886.6
887.4
888.2
889.1
889.9
890.8
891.6
892.5
893.3
894.2
895.0
895.8
896.7
897.5
898.4
899.2
NEXT_SERIES
0.261833173104
0.263074786525
0.26450199068
0.266476012631
0.268683037098
0.270214502253
0.278174960526
0.288277618707
0.302141701455
0.316386739393
0.331213465839
0.347522515396
0.36475089144
0.382646977943
0.399940013821
0.41599114956
0.430277561027
0.444054544298
0.453606128706
0.459546882009
0.461782524295
0.461663509377
0.459573486886
0.453743922572
0.446078542044
0.437273466557
0.429224766828
0.421488383307
0.413716746667
0.406817731226
0.400301490398
0.396887066021
0.392776194307
0.391236342215
0.388658225007
0.389051322077
0.387925155323
0.388340770181
0.387797560135
0.388519455586
0.389856541838
0.392211947508
0.395290663014
0.398902905991
0.4017964911
0.405323663614
0.407637748769
0.409407939514
0.411756819817
0.413747742519
0.415763209689
0.416113012719
0.415932859144
0.416883996153
0.416997224526
0.417120131266
0.417362930733
0.418222671567
0.419589856863
0.418752051906
0.419013018054
0.418120126189
0.417141360376
0.414420713699
0.41194314551
0.410637365222
0.409067501675
0.407358941477
0.404799476917
0.401974613597
0.399497312177
0.396406633722
0.39349952734
0.388883155576
0.385735719951
0.3827839742
0.380049410081
0.37762648898
0.374935312541
0.372399402009
0.36855772804
0.365532041073
0.36263121142
0.360937978873
0.35796955873
0.354957889936
0.351930902239
0.349069449478
0.347433353918
0.345519589686
0.343736844386
0.342389152347
0.339825375869
0.337497653302
0.334866562505
0.333119544288
0.330309019863
0.327644430637
0.324772037669
0.324096290754
0.322500750922
0.320974449068
0.318829770893
0.317747697684
0.316877620749
0.316235529793
0.316288307409
0.315327752018
0.313751454622
0.312479555655
0.313104645098
0.313901353913
0.313824603364
0.31421739492
0.315202040502
0.316866861152
0.317552619451
0.31721067077
0.317463647434
0.316775456195
0.317515019925
0.317135453401
0.318264829367
0.319368275667
0.320373820482
0.322115337231
0.322552175603
0.324197732523
0.325761924376
0.327727149664
0.32895007872
0.328229545279
0.328217895556
0.328376068283
0.330002065843
0.330604064823
0.332360196023
0.334493065945
0.338053186573
0.340315673888
0.341995991906
0.342460022481
0.343575326087
0.344877827419
0.346262478298
0.34774001874
0.348948311284
0.351647660595
0.351944282332
0.353966880631
0.355068345805
0.356949605116
0.356988312681
0.356083901546
0.355013621347
0.3547145879
0.35456443163
0.354168682609
0.353240938311
0.353809967549
0.354362075427
0.353943316773
0.353389761607
0.353641237436
0.353575660695
0.352524128625
0.351877956058
0.351460781806
0.35010876283
0.348808699121
0.347578752256
0.346776230545
0.345104187555
0.344443733667
0.343306143002
0.343576098381
0.342404573964
0.343157778018
0.342513901405
0.343305690432
0.34311316756
0.342872690854
0.341549474644
0.33965217532
0.338873028238
0.336990705713
0.335818871909
0.33393873405
0.332979600141
0.331745100515
0.33025581766
0.32887212358
0.328156540554
0.3269341493
0.326220870307
0.324509795663
0.323966444121
0.323562296826
0.322535297427
0.321214088009
0.31935782238
0.318116818664
0.3166001312
0.314838896999
0.313238451316
0.310601092642
0.307740831752
0.305128751149
0.302539167911
0.300478653403
0.297622841146
0.295166881024
0.292303023322
0.291015338218
0.289855499463
0.288294630118
0.285636661759
0.282799727548
0.282142703786
0.280966241748
0.278554599933
0.275495625855
0.272929104511
0.270559657939
0.266640483926
0.263459224312
0.260309632451
0.25817960137
0.255157157803
0.252555509216
0.249582048017
0.246768075457
0.244500215559
0.24194670304
0.238939774048
0.23631791143
0.234485807425
0.232716202483
0.229693767388
0.226233842488
0.223553373306
0.221033521109
0.21874827085
0.215174977845
0.212895272891
0.20937792154
0.206874102105
0.203167376159
0.200577400882
0.197032715173
0.19476767398
0.192212306816
0.190039918067
0.186939658235
0.184801962572
0.182379655909
0.180835249201
0.1782757962
0.176246392611
0.173766894377
0.171002864585
0.168690756935
0.165942428355
0.164205864567
0.161085299357
0.159101367836
0.155854324495
0.154026364673
0.151363301454
0.149354770308
0.147141525488
0.144648084785
0.142712691378
0.141220755798
0.140312823363
0.140140801008
0.138527281725
0.136980203904
0.135343143979
0.135331502402
0.135112957787
0.133702526043
0.131194330815
0.129263986882
0.127900263584
0.126976345545
0.124970162685
0.122621363776
0.120517993514
0.119929691761
0.118346603725
0.116746879006
0.11398471891
0.113144269312
0.11200639296
0.11219760608
0.111443051135
0.11083302636
0.109787292221
0.110015785877
0.110609768412
0.110835962321
0.10989102429
0.109074711055
0.107980451854
0.108520927728
0.108111031888
0.107469680842
0.105278120967
0.103601633405
0.102791757703
0.101987092162
0.10047527577
0.0984142184675
0.0960821915763
0.0949626726723
0.094801652132
0.094914014542
0.0937333505181
0.0924631388215
0.0914497524401
0.0914513520016
0.0918072703012
0.0910801858056
0.0906587774834
0.0883839457186
0.0882901481998
0.0878683176471
0.0891943283025
0.0877582018258
0.0872573532381
0.084652828231
0.0850619148768
0.0839334247219
0.0845802188611
0.0832776149694
0.083428237198
0.0814438904578
0.0811835760595
0.0794732426405
0.0802500143748
0.0795701531631
0.0805984775471
0.0798123855775
0.0800708399505
0.0791364036175
0.0800610941452
0.0801798968284
0.0798339662856
0.078954369094
0.0779932914598
0.0786651054963
0.0797487526193
0.0815851437765
0.0819991924294
0.0814907716439
0.0803328278653
0.0805997980934
0.0811939420106
0.0834134003379
0.0841133155082
0.0847796079682
0.083751723378
0.0846316055639
0.0864190746734
0.0897013485361
0.0917878543825
0.0925467278611
0.092654718309
0.093757310607
0.0958197169228
0.0982678757331
0.10044438698
0.102010081451
0.102737349699
0.102514782991
0.103206841068
0.104364354966
0.106064842514
0.10741765719
0.107296265515
0.106391842139
0.104487518823
0.10400956851
0.104700133142
0.105458200941
0.10558634215
0.103861413578
0.101508403473
0.0992264480159
0.0974898383222
0.0980365799683
0.0970932702951
0.0971089924932
0.0944854569097
0.0922745181435
0.0886930992435
0.0866730304544
0.0865279197687
0.0863438580779
0.0863841767272
0.0848297319216
0.0838365198278
0.0808218517246
0.0791546949768
0.0782436137245
0.0786006909765
0.0791037815458
0.0782348286925
0.0766225136789
0.0733580413507
0.0715837221047
0.0705278336089
0.0715056958974
0.0721855820978
0.0727286929373
0.0715755877342
0.069080558007
0.068075423936
0.0673967739137
0.0679314073186
0.0693498243494
0.0701709017728
0.0713243813664
0.0700141414701
0.06975846576
0.068882370832
0.0688050749255
0.0696001361433
0.0712022054671
0.0731426423858
0.0734254793886
0.0732569750062
0.0719197882811
0.0707821818582
0.0699645314597
0.0700704055992
0.0717739204681
0.0725597951121
0.0730447859256
0.0721198259983
0.0712606311411
0.0699812472522
0.0695228461592
0.0698009755163
0.070828767436
0.0711804775214
0.0712806351018
0.0708357203999
0.0698246472716
0.0690122371257
0.0682960514157
0.0682058105833
0.068064977754
0.068816986592
0.070398366894
0.071082017511
0.0706930080867
0.0695644262242
0.0684438083605
0.0680281587214
0.0676727579524
0.0691542540496
0.0707703872313
0.0718074511452
0.0710842171916
0.0700824095804
0.0693059078849
0.0696731831455
0.0698394849846
0.0714801199904
0.0724332227833
0.0741602259965
0.0740953257348
0.0737784098718
0.0721156479525
0.0712417025332
0.0706470599052
0.0711185477881
0.0719501658447
0.0738508263389
0.0748265106246
0.0753921054124
0.0748882185678
0.0736008372276
0.072073749871
0.0712393044078
0.0714078496832
0.0723454733729
0.0727117666697
0.0740333269016
0.0748953642647
0.0746108351842
0.0738688055793
0.0724089289938
0.0726030374124
0.0731719528151
0.0740992699671
0.0753493831875
0.0762213980145
0.0777754292755
0.0778255334368
0.0775869277308
0.0771343811913
0.076422270223
0.0769814464057
0.0766590570758
0.0780388182803
0.0787161240332
0.0801789310122
0.0819458336967
0.0822486159605
0.0827878312339
0.0811975747384
0.0810324696517
0.0805747939415
0.0815089281984
0.0818380521301
0.0826424073353
0.0829862988765
0.0842246907452
0.084560027322
0.0853421424074
0.0837680319969
0.0829910707417
0.0816688230977
0.0816430118378
0.0811557529572
0.0813546039464
0.0820945552861
0.0832221024199
0.0843276521459
0.083925234568
0.0840126281164
0.0837224620401
0.0840810023366
0.08388591969
0.0844185552668
0.0865668757031
0.0888856382933
0.0903604932896
0.0917204466256
0.0935320684862
0.0952310097232
0.0964075995573
0.0954913993188
0.0948899100911
0.0936813651547
0.0942635236742
0.0933415489864
0.0940477414563
0.0947545975301
0.0963010146919
0.0965935462235
0.0958101215753
0.094904836445
0.0942468094455
0.0923266157405
0.0908432511606
0.0889347456154
0.0888465251204
0.0896474711335
0.0904781496698
0.0921045279722
0.093163692439
0.0944516887826
0.095323925346
0.0953316864337
0.0942081326242
0.0931164267296
0.0919371095331
0.092120908341
0.0916114142851
0.0932836960619
0.0941654287979
0.0953997144259
0.0964813603909
0.0981085570853
0.0989255294543
0.099111574275
0.098376022606
0.0981284919275
0.0978765109412
0.0987512089172
0.100360695825
0.101714278025
0.102465486556
0.10361832506
0.104326293443
0.105312501089
0.104829330938
0.104007244866
0.104002778164
0.103397663274
0.103695191323
0.102055454698
0.101611183181
0.101043116029
0.100774068893
0.100675329513
0.100002964984
0.10064942757
0.100359372571
0.099721165547
0.0974063793414
0.0963486266308
0.0955816865671
0.0959335561607
0.0962317024216
0.096238719723
0.0963799941354
0.096680490638
0.0972185108137
0.0976778969407
0.0976162187558
0.0966988853058
0.0961074898712
0.0946946740102
0.094703366338
0.0938637519131
0.0932651624908
0.0924693048477
0.0920856362841
0.0921090230147
0.091582072021
0.091246866915
0.0908564344094
0.0901625381454
0.0897691964552
0.0895540263726
0.0898835161399
0.0892463338031
0.0879960247135
0.0868168195138
0.0854803247509
0.0842614946995
0.0828123040832
0.0811437481223
0.0780804310311
0.0760322999378
0.074718092671
0.0746210906884
0.0725567656037
0.0702111557047
0.0679955042656
0.0667515178378
0.065222734766
0.0632883968757
0.0633315257527
0.0615507372296
0.0614567091395
0.0578389943777
0.0580460177664
0.0565595264174
0.0561669403908
END
