380.3
381.1
381.9
382.7
383.5
384.4
385.2
386.0
386.8
387.6
388.4
389.2
390.1
390.9
391.7
392.5
393.3
394.1
394.9
395.8
396.6
397.4
398.2
399.0
399.8
400.6
401.5
402.3
403.1
403.9
404.7
405.5
406.3
407.2
408.0
408.8
409.6
410.4
411.2
412.0
412.8
413.7
414.5
415.3
416.1
416.9
417.7
418.5
419.4
420.2
421.0
421.8
422.6
423.4
424.2
425.1
425.9
426.7
427.5
428.3
429.1
429.9
430.8
431.6
432.4
433.2
434.0
434.8
435.6
436.4
437.3
438.1
438.9
439.7
440.5
441.3
442.1
443.0
443.8
444.6
445.4
446.2
447.0
447.8
448.7
449.5
450.3
451.1
451.9
452.7
453.5
454.4
455.2
456.0
456.8
457.6
458.4
459.2
460.0
460.9
461.7
462.5
463.3
464.1
464.9
465.7
466.6
467.4
468.2
469.0
469.8
470.6
471.4
472.3
473.1
473.9
474.7
475.5
476.3
477.1
478.0
478.8
479.6
480.4
481.2
482.0
482.8
483.6
484.5
485.3
486.1
486.9
487.7
488.5
489.3
490.2
491.0
491.8
492.6
493.4
494.2
495.0
495.9
496.7
497.5
498.3
499.1
499.9
500.7
501.6
502.4
503.2
504.0
504.8
505.6
506.4
507.2
508.1
508.9
509.7
510.5
511.3
512.1
512.9
513.7
514.5
515.3
516.1
516.8
517.6
518.4
519.2
520.0
520.8
521.5
522.3
523.1
523.9
524.7
525.5
526.2
527.0
527.8
528.6
529.4
530.2
530.9
531.7
532.5
533.3
534.1
534.9
535.6
536.4
537.2
538.0
538.8
539.6
540.3
541.1
541.9
542.7
543.5
544.3
545.0
545.8
546.6
547.4
548.2
549.0
549.7
550.5
551.3
552.1
552.9
553.7
554.4
555.2
556.0
556.8
557.6
558.4
559.1
559.9
560.7
561.5
562.3
563.1
563.8
564.6
565.4
566.2
567.0
567.8
568.5
569.3
570.1
570.9
571.7
572.5
573.2
574.0
574.8
575.6
576.4
577.2
577.9
578.7
579.5
580.3
581.1
581.9
582.6
583.4
584.2
585.0
585.8
586.6
587.3
588.1
588.9
589.6
590.3
591.1
591.8
592.6
593.3
594.0
594.8
595.5
596.3
597.0
597.7
598.5
599.2
600.0
600.7
601.5
602.2
602.9
603.7
604.4
605.2
605.9
606.6
607.4
608.1
608.9
609.6
610.3
611.1
611.8
612.6
613.3
614.0
614.8
615.5
616.3
617.0
617.7
618.5
619.2
620.0
620.7
621.4
622.2
622.9
623.7
624.4
625.2
625.9
626.6
627.4
628.1
628.9
629.6
630.3
631.1
631.8
632.6
633.3
634.0
634.8
635.5
636.3
637.0
637.7
638.5
639.2
640.0
640.7
641.4
642.2
642.9
643.7
644.4
645.1
645.9
646.6
647.4
648.1
648.8
649.6
650.3
651.1
651.8
652.6
653.3
654.0
654.8
655.5
656.3
657.0
657.7
658.5
659.2
660.0
660.7
661.4
662.2
662.9
663.7
664.4
665.1
665.9
666.6
667.4
668.1
668.9
669.6
670.4
671.2
671.9
672.7
673.4
674.2
674.9
675.7
676.5
677.2
678.0
678.7
679.5
680.2
681.0
681.8
682.5
683.3
684.0
684.8
685.5
686.3
687.1
687.8
688.6
689.3
690.1
690.8
691.6
692.4
693.1
693.9
694.6
695.4
696.1
696.9
697.7
698.4
699.2
699.9
700.7
701.4
702.2
703.0
703.7
704.5
705.2
706.0
706.8
707.6
708.4
709.2
710.0
710.8
711.6
712.4
713.2
714.0
714.8
715.6
716.4
717.2
718.0
718.8
719.6
720.4
721.2
722.0
722.8
723.6
724.4
725.2
726.0
726.8
727.6
728.4
729.2
730.0
730.8
731.6
732.4
733.2
734.0
734.8
735.6
736.4
737.2
738.0
738.8
739.6
740.4
741.2
742.0
742.8
743.6
744.4
745.2
746.0
746.8
747.6
748.4
749.2
750.0
750.8
751.6
752.4
753.2
754.0
754.8
755.6
756.4
757.2
758.0
758.8
759.6
760.4
761.2
762.0
762.8
763.6
764.4
765.2
766.0
766.8
767.6
768.4
769.2
770.0
770.8
771.6
772.4
773.2
774.1
774.9
775.7
776.5
777.3
778.1
778.9
779.7
780.5
781.3
782.1
782.9
783.7
784.5
785.3
786.1
786.9
787.7
788.5
789.3
790.1
790.9
791.7
792.5
793.3
794.1
794.9
795.7
796.5
797.3
798.1
798.9
799.7
800.5
801.3
802.1
802.9
803.7
804.5
805.3
806.1
806.9
807.7
808.5
809.3
810.1
810.9
811.7
812.5
813.3
814.1
814.9
815.7
816.5
817.3
818.1
818.9
819.7
820.5
821.3
822.1
822.9
823.7
824.5
825.3
826.1
826.9
827.7
828.5
829.3
830.1
830.9
831.7
832.6
833.4
834.3
835.1
835.9
836.8
837.6
838.5
839.3
840.2
841.0
841.9
842.7
843.5
844.4
845.2
846.1
846.9
847.8
848.6
849.4
850.3
851.1
852.0
852.8
853.7
854.5
855.3
856.2
857.0
857.9
858.7
859.6
860.4
861.3
862.1
862.9
863.8
864.6
865.5
866.3
867.2
868.0
868.8
869.7
870.5
871.4
872.2
873.1
873.9
874.8
875.6
876.4
877.3
878.1
879.0
879.8
880.7
881.5
882.3
883.2
884.0
884.9
885.7
886.6
887.4
888.2
889.1
889.9
890.8
891.6
892.5
893.3
894.2
895.0
895.8
896.7
897.5
898.4
899.2
NEXT_SERIES
0.190519308845
0.189130673578
0.18816401844
0.188241950947
0.189699983974
0.191483385608
0.199908501024
0.211514661935
0.225909674519
0.241937727748
0.259802728706
0.277843998613
0.296930495501
0.316805979814
0.336942515614
0.356376165017
0.370397359939
0.384333674138
0.39468740362
0.404029577446
0.408870935407
0.409591435771
0.407923779709
0.402538431944
0.396016523928
0.387372775672
0.379643322275
0.371374971133
0.36434932286
0.35794068431
0.352276240285
0.34730262771
0.343560833704
0.34224219335
0.341927689606
0.342296748738
0.342577039563
0.343958852815
0.345588028401
0.348607476117
0.351970524522
0.356544708638
0.360129696823
0.365499875113
0.370601792927
0.375843715113
0.380081941108
0.38332421016
0.387111422296
0.390430226146
0.393554280459
0.396239098749
0.39816909634
0.399962813751
0.402069518998
0.403719705476
0.405850057441
0.407918571467
0.410019794217
0.411248997743
0.410734607766
0.409999615007
0.408326538894
0.407189485366
0.407157422667
0.40737395063
0.40672863501
0.402974605105
0.400400046478
0.397252719288
0.396197004827
0.393160315054
0.390206726148
0.38545584374
0.38107822257
0.376753305933
0.373038355463
0.370137118059
0.36791855975
0.365389688572
0.36158397818
0.357554232334
0.353204527283
0.349999905049
0.345796916336
0.341922474617
0.338129775347
0.335199064444
0.332496652755
0.329461564481
0.325820557292
0.321908614651
0.318197627666
0.314220083846
0.311198419638
0.307367046501
0.303903721909
0.298823986947
0.295338210539
0.292092694064
0.290240147693
0.287293910293
0.284843173021
0.282712274245
0.280544506536
0.278941290656
0.276507739992
0.274020467575
0.27123000771
0.26887639502
0.267397979678
0.266091756931
0.265884837466
0.26514370701
0.26424572972
0.26309162804
0.26188279435
0.260563738341
0.258779060031
0.257666452131
0.256045836528
0.254788911624
0.254206417711
0.25462943008
0.254427961457
0.253489904575
0.252508056982
0.251854006757
0.252038405429
0.252098528635
0.251860243096
0.250345622464
0.249223440603
0.248090847732
0.247416751391
0.247803030064
0.248011336117
0.248141009278
0.247132267996
0.247349994115
0.247414937682
0.247869996642
0.247526933056
0.247518425896
0.246962788722
0.247004779222
0.247265829608
0.248423485936
0.248394585106
0.248584724256
0.248177198055
0.247619248656
0.24645309958
0.243035950524
0.240551120572
0.238353146876
0.237442480245
0.235738178429
0.233153784708
0.231364263963
0.229702111408
0.227311234121
0.226128773458
0.224523541293
0.223305831641
0.220439291098
0.21790060293
0.215321388168
0.211244606795
0.208761194288
0.206725984191
0.205842849057
0.202784436462
0.200155837011
0.198401607427
0.197797863233
0.196809892989
0.196272193492
0.195532145973
0.195045400969
0.193699445646
0.192641641371
0.191283882705
0.189911270955
0.188275475327
0.186740125933
0.184782938289
0.182408235771
0.180480291342
0.178975286049
0.178981428735
0.177586419199
0.177558460714
0.175624517167
0.175523230866
0.174560037414
0.175599137055
0.175685900038
0.174723076494
0.173864562875
0.173466052044
0.173767245727
0.172943532952
0.171501543774
0.171344090352
0.169290084968
0.168332798061
0.165266564905
0.164107299287
0.1631195163
0.162399194496
0.16147461828
0.16024961901
0.159613362365
0.159654563296
0.159559565702
0.159314425306
0.159136593805
0.158639834795
0.15909199249
0.158734784006
0.158506877188
0.157621061802
0.15700492651
0.154841737625
0.153160855602
0.151420204189
0.152086638768
0.151625169793
0.151586681157
0.150183309003
0.150256695043
0.150452069074
0.150782517996
0.15048183148
0.150084457688
0.150240865733
0.150331719963
0.150214906588
0.149824749144
0.149411782429
0.14857959636
0.148435772422
0.14765384935
0.147950928497
0.147001871113
0.146179477218
0.144810009424
0.144777128485
0.143866825372
0.143419169089
0.142165923655
0.142920363404
0.143090445478
0.144084909526
0.1436940004
0.144140583273
0.143490468679
0.143583565012
0.142749660111
0.141616921938
0.141239360171
0.140260027036
0.140652951525
0.138856712005
0.138228236865
0.136566057642
0.136437926528
0.13541621805
0.135001324063
0.134237780273
0.133771800838
0.133057340984
0.133232769137
0.134175527968
0.135812533191
0.136127525292
0.13655441335
0.136608302811
0.138251537247
0.139069536121
0.139202313603
0.138098057738
0.136721168614
0.136769308939
0.13722662279
0.136831213558
0.135585081589
0.133535133132
0.133987593323
0.133340646004
0.132999946537
0.130730905438
0.130924240968
0.130887993543
0.13254696057
0.132504412034
0.133019844659
0.133061366651
0.134304607773
0.135507201203
0.136746401386
0.13677343825
0.137043219621
0.137031798397
0.138510387269
0.138888643138
0.138646290812
0.136796394466
0.136000036283
0.135862888655
0.135668534599
0.134820437106
0.133018781293
0.131414286998
0.130412018257
0.130781926859
0.130758653375
0.129963442652
0.128866734402
0.128466423307
0.129073086031
0.129892761617
0.129819961267
0.129824059461
0.128574217893
0.128748171873
0.127697041179
0.129196659217
0.128256571058
0.128939724759
0.126634266321
0.12704242082
0.126348495434
0.127169187902
0.126404545536
0.126799806929
0.125200572489
0.125174458716
0.123839961515
0.12523067643
0.12505200646
0.126646914124
0.126113897183
0.127141334656
0.126839382992
0.128028835129
0.128193006573
0.128139867753
0.128253001983
0.128120217015
0.129169676998
0.130351103251
0.131989738939
0.132553985221
0.132452437859
0.132428039362
0.133406079098
0.134138843763
0.136385990763
0.136794205209
0.138194077052
0.13845687096
0.140501322541
0.143077361612
0.146322494298
0.149700506808
0.151416111309
0.152501681185
0.153698871851
0.156177068894
0.159502956258
0.16245088734
0.164779972604
0.16577478558
0.166073178092
0.166321843729
0.167463915304
0.169637844438
0.172028458411
0.173653029267
0.172794788398
0.171252691954
0.169486731043
0.169700938749
0.169874521597
0.170164020175
0.168292086378
0.165741521393
0.162683629878
0.160322558624
0.16009199664
0.158662734933
0.158193097992
0.154954974433
0.152429573996
0.148665272577
0.146440872927
0.145872282277
0.145613090394
0.145256430018
0.143110791997
0.140970703686
0.137452951956
0.135135444779
0.133925953908
0.133934529392
0.134448649139
0.133028704543
0.131666984182
0.127708686419
0.125440047206
0.123461728032
0.124211866242
0.125452348636
0.125775138594
0.124422409596
0.1213877647
0.119854442328
0.119261119025
0.119932122381
0.121183413336
0.122046918863
0.123062189935
0.121776520221
0.120907833861
0.120080939345
0.120035839781
0.121279790069
0.123248458179
0.125063783403
0.125426424622
0.124704842189
0.123244054586
0.121694274875
0.120897861558
0.12166016592
0.123467678998
0.124137084904
0.124804242298
0.12338118948
0.122472928547
0.120744049384
0.12043269853
0.120764599554
0.12178903154
0.122658820457
0.122936146754
0.12203144456
0.120631022803
0.119248690724
0.118826781621
0.118672205031
0.118772644001
0.119436010288
0.120396955933
0.120656582376
0.11982609362
0.118555928701
0.117535514865
0.117103307456
0.117328838229
0.119063217485
0.120556038486
0.121357230193
0.120043292297
0.119161171688
0.118369298591
0.118598942668
0.118993936737
0.120630145076
0.122216238409
0.123769933716
0.123513926418
0.123135633045
0.121582212895
0.120617655576
0.119937739577
0.12068154922
0.122025210116
0.123167273318
0.123750147139
0.123899119335
0.123791413467
0.122388308958
0.120774494715
0.119728928683
0.119292770152
0.120185694128
0.120795105495
0.122066056059
0.122897320417
0.122564949431
0.122297493518
0.121382010063
0.121182435946
0.121152297819
0.121302577685
0.122685752122
0.123348907513
0.124617277794
0.125000583738
0.125525872533
0.125711288726
0.124208077055
0.124265481672
0.123204502191
0.124782440888
0.1249795291
0.126948750279
0.129038852115
0.129810032576
0.130288313552
0.128613999413
0.128560248845
0.128016117019
0.128764746083
0.129560085105
0.13076320185
0.131362373989
0.132715711485
0.132858454641
0.133339241695
0.131602117144
0.130585645193
0.128811260631
0.12801960979
0.126985439235
0.12709843221
0.127840243925
0.129048520526
0.130819952434
0.131121568267
0.131860600093
0.131514623485
0.131451606804
0.131338461391
0.131816781777
0.13393204491
0.136281017666
0.138026363034
0.140069849524
0.14182741387
0.143985785438
0.144153491315
0.143017766914
0.142125454747
0.141422291546
0.142080871323
0.141421758273
0.141853793716
0.142640624774
0.14396458321
0.145124894844
0.144687773078
0.143976579045
0.142824031116
0.140534543249
0.138496115981
0.13610149374
0.135644240742
0.135811382969
0.136754172215
0.138607616699
0.13990370716
0.141538544449
0.142172491644
0.142284889873
0.14110198162
0.140276215758
0.139236956684
0.139017400136
0.138440304586
0.139528081242
0.14075230603
0.141613377037
0.143466750967
0.144520551211
0.145855684773
0.145683501447
0.145296634875
0.144550104487
0.143793210293
0.144727589214
0.145903330599
0.14815203558
0.149775300058
0.151927017483
0.153092667439
0.153812184602
0.153397063965
0.152530355352
0.152132723434
0.150515825137
0.150102636395
0.149200065967
0.149264816885
0.148286677495
0.148162928212
0.150026767184
0.150570106901
0.150520151043
0.14896441163
0.148756562013
0.147359336094
0.146177314082
0.144374822255
0.144103989178
0.144007684071
0.143864177367
0.143834726953
0.143896616999
0.144763342155
0.145417833126
0.145452574206
0.144893371101
0.144464007195
0.143761681011
0.143659029649
0.142401905125
0.142036843852
0.141742032619
0.14112357811
0.140553110341
0.140310460085
0.140997628628
0.140997689281
0.140523322836
0.139006889315
0.138683017092
0.138430795936
0.139138170536
0.137983061176
0.136972800029
0.134792978303
0.132936663657
0.130380709473
0.129690170896
0.127809495658
0.126756133179
0.123863793356
0.122720978656
0.119775708618
0.11743634938
0.1152830927
0.113699095307
0.112520697452
0.110691324202
0.109933928788
0.108024716803
0.107223901602
0.104935693229
0.104710896813
0.103064243147
0.101921719328
END
