380.3
381.1
381.9
382.7
383.5
384.4
385.2
386.0
386.8
387.6
388.4
389.2
390.1
390.9
391.7
392.5
393.3
394.1
394.9
395.8
396.6
397.4
398.2
399.0
399.8
400.6
401.5
402.3
403.1
403.9
404.7
405.5
406.3
407.2
408.0
408.8
409.6
410.4
411.2
412.0
412.8
413.7
414.5
415.3
416.1
416.9
417.7
418.5
419.4
420.2
421.0
421.8
422.6
423.4
424.2
425.1
425.9
426.7
427.5
428.3
429.1
429.9
430.8
431.6
432.4
433.2
434.0
434.8
435.6
436.4
437.3
438.1
438.9
439.7
440.5
441.3
442.1
443.0
443.8
444.6
445.4
446.2
447.0
447.8
448.7
449.5
450.3
451.1
451.9
452.7
453.5
454.4
455.2
456.0
456.8
457.6
458.4
459.2
460.0
460.9
461.7
462.5
463.3
464.1
464.9
465.7
466.6
467.4
468.2
469.0
469.8
470.6
471.4
472.3
473.1
473.9
474.7
475.5
476.3
477.1
478.0
478.8
479.6
480.4
481.2
482.0
482.8
483.6
484.5
485.3
486.1
486.9
487.7
488.5
489.3
490.2
491.0
491.8
492.6
493.4
494.2
495.0
495.9
496.7
497.5
498.3
499.1
499.9
500.7
501.6
502.4
503.2
504.0
504.8
505.6
506.4
507.2
508.1
508.9
509.7
510.5
511.3
512.1
512.9
513.7
514.5
515.3
516.1
516.8
517.6
518.4
519.2
520.0
520.8
521.5
522.3
523.1
523.9
524.7
525.5
526.2
527.0
527.8
528.6
529.4
530.2
530.9
531.7
532.5
533.3
534.1
534.9
535.6
536.4
537.2
538.0
538.8
539.6
540.3
541.1
541.9
542.7
543.5
544.3
545.0
545.8
546.6
547.4
548.2
549.0
549.7
550.5
551.3
552.1
552.9
553.7
554.4
555.2
556.0
556.8
557.6
558.4
559.1
559.9
560.7
561.5
562.3
563.1
563.8
564.6
565.4
566.2
567.0
567.8
568.5
569.3
570.1
570.9
571.7
572.5
573.2
574.0
574.8
575.6
576.4
577.2
577.9
578.7
579.5
580.3
581.1
581.9
582.6
583.4
584.2
585.0
585.8
586.6
587.3
588.1
588.9
589.6
590.3
591.1
591.8
592.6
593.3
594.0
594.8
595.5
596.3
597.0
597.7
598.5
599.2
600.0
600.7
601.5
602.2
602.9
603.7
604.4
605.2
605.9
606.6
607.4
608.1
608.9
609.6
610.3
611.1
611.8
612.6
613.3
614.0
614.8
615.5
616.3
617.0
617.7
618.5
619.2
620.0
620.7
621.4
622.2
622.9
623.7
624.4
625.2
625.9
626.6
627.4
628.1
628.9
629.6
630.3
631.1
631.8
632.6
633.3
634.0
634.8
635.5
636.3
637.0
637.7
638.5
639.2
640.0
640.7
641.4
642.2
642.9
643.7
644.4
645.1
645.9
646.6
647.4
648.1
648.8
649.6
650.3
651.1
651.8
652.6
653.3
654.0
654.8
655.5
656.3
657.0
657.7
658.5
659.2
660.0
660.7
661.4
662.2
662.9
663.7
664.4
665.1
665.9
666.6
667.4
668.1
668.9
669.6
670.4
671.2
671.9
672.7
673.4
674.2
674.9
675.7
676.5
677.2
678.0
678.7
679.5
680.2
681.0
681.8
682.5
683.3
684.0
684.8
685.5
686.3
687.1
687.8
688.6
689.3
690.1
690.8
691.6
692.4
693.1
693.9
694.6
695.4
696.1
696.9
697.7
698.4
699.2
699.9
700.7
701.4
702.2
703.0
703.7
704.5
705.2
706.0
706.8
707.6
708.4
709.2
710.0
710.8
711.6
712.4
713.2
714.0
714.8
715.6
716.4
717.2
718.0
718.8
719.6
720.4
721.2
722.0
722.8
723.6
724.4
725.2
726.0
726.8
727.6
728.4
729.2
730.0
730.8
731.6
732.4
733.2
734.0
734.8
735.6
736.4
737.2
738.0
738.8
739.6
740.4
741.2
742.0
742.8
743.6
744.4
745.2
746.0
746.8
747.6
748.4
749.2
750.0
750.8
751.6
752.4
753.2
754.0
754.8
755.6
756.4
757.2
758.0
758.8
759.6
760.4
761.2
762.0
762.8
763.6
764.4
765.2
766.0
766.8
767.6
768.4
769.2
770.0
770.8
771.6
772.4
773.2
774.1
774.9
775.7
776.5
777.3
778.1
778.9
779.7
780.5
781.3
782.1
782.9
783.7
784.5
785.3
786.1
786.9
787.7
788.5
789.3
790.1
790.9
791.7
792.5
793.3
794.1
794.9
795.7
796.5
797.3
798.1
798.9
799.7
800.5
801.3
802.1
802.9
803.7
804.5
805.3
806.1
806.9
807.7
808.5
809.3
810.1
810.9
811.7
812.5
813.3
814.1
814.9
815.7
816.5
817.3
818.1
818.9
819.7
820.5
821.3
822.1
822.9
823.7
824.5
825.3
826.1
826.9
827.7
828.5
829.3
830.1
830.9
831.7
832.6
833.4
834.3
835.1
835.9
836.8
837.6
838.5
839.3
840.2
841.0
841.9
842.7
843.5
844.4
845.2
846.1
846.9
847.8
848.6
849.4
850.3
851.1
852.0
852.8
853.7
854.5
855.3
856.2
857.0
857.9
858.7
859.6
860.4
861.3
862.1
862.9
863.8
864.6
865.5
866.3
867.2
868.0
868.8
869.7
870.5
871.4
872.2
873.1
873.9
874.8
875.6
876.4
877.3
878.1
879.0
879.8
880.7
881.5
882.3
883.2
884.0
884.9
885.7
886.6
887.4
888.2
889.1
889.9
890.8
891.6
892.5
893.3
894.2
895.0
895.8
896.7
897.5
898.4
899.2
NEXT_SERIES
-0.0386250552705
-0.04004646036
-0.0424601950843
-0.0443004154955
-0.0459258964488
-0.050083979044
-0.0505873485684
-0.0501748059976
-0.0452995971713
-0.0400301253226
-0.0335095941159
-0.0280693439759
-0.0206334713578
-0.0122363657955
-0.00257232299597
0.00496749235529
0.013058145601
0.0194971371435
0.0256055345562
0.0294482103786
0.0318233600213
0.031808753412
0.030493866065
0.0282388389263
0.0265418401071
0.0245580176305
0.0231374755896
0.0210599535928
0.0191541203363
0.0180580800875
0.0176421458297
0.0186297854061
0.0191194981939
0.0207500171094
0.0223600586606
0.024749030721
0.0268417325986
0.0288267127692
0.0307996284491
0.0328178587756
0.035031790532
0.0378506470035
0.040172308304
0.0430917590918
0.0462599195412
0.0495508451751
0.0521057768428
0.0537825223024
0.0565040719534
0.0585340343924
0.060867372154
0.0621929233526
0.0635756831674
0.064412297914
0.0656129402809
0.0664459498481
0.0672929462735
0.0688376076105
0.0700998926483
0.0706497445188
0.0699442049971
0.0695982410431
0.0696674564077
0.0689721183418
0.0680924107683
0.0669555912499
0.0660088016733
0.0648163216968
0.0630627684241
0.0616654258359
0.0609717799277
0.0599264003166
0.0581531192002
0.0548566681129
0.0518809409268
0.0492953543935
0.0469373918464
0.0455106068632
0.0438765141558
0.0426650080381
0.0406671210067
0.0381297828344
0.0364447289565
0.0340880659878
0.0328103931861
0.0300726077625
0.0284863200493
0.026896057594
0.0260481663769
0.0249376181656
0.0232160288376
0.0216025436892
0.0196531432993
0.0177958318375
0.0157223221127
0.0133338095019
0.0109023095288
0.00856788199893
0.00771586745291
0.00615111879027
0.00534318268707
0.00267321258911
0.00123965101406
-0.00132769954942
-0.00286014218787
-0.00450518494693
-0.00571880003597
-0.00675327788609
-0.00837018508314
-0.00969187603055
-0.0104990165633
-0.0111393518394
-0.0117773540789
-0.0123147836619
-0.013244307376
-0.0134849472317
-0.0149660122778
-0.0159727616154
-0.0179343420855
-0.0189022485704
-0.0198980731147
-0.0203879586786
-0.0201311425811
-0.0207812453726
-0.0205820374595
-0.0216756864969
-0.021263256444
-0.0215411407615
-0.021645926498
-0.0219167476604
-0.0218416553908
-0.0223921277382
-0.0227665427629
-0.0238240903332
-0.0242506177537
-0.0247645918758
-0.025019867178
-0.0236898211858
-0.0235122436888
-0.022814084913
-0.0230421242338
-0.0222141079883
-0.0220037995501
-0.0219624394764
-0.0222072784782
-0.0220557384726
-0.0216177829971
-0.0201946155156
-0.0202549917584
-0.0199312088643
-0.0197686143741
-0.0193203149495
-0.0195827336354
-0.0211933936105
-0.0215743154462
-0.0216740315658
-0.0211069330834
-0.02187222282
-0.0231597632679
-0.0235136124128
-0.0239153151081
-0.0243604751983
-0.0253132564242
-0.0253916021194
-0.0260747988697
-0.0274192840851
-0.0283311742305
-0.0288916419337
-0.0298871454391
-0.030874144264
-0.0318140978721
-0.0319148066978
-0.0329853463683
-0.0326757389232
-0.033169011471
-0.0332500567761
-0.034390654715
-0.03440399141
-0.0344662376009
-0.0343644988793
-0.0349607684878
-0.0351105481701
-0.0355666701874
-0.0363459389234
-0.0369807779514
-0.0374882852116
-0.0381891652038
-0.0384349130689
-0.0394289539642
-0.039355498666
-0.0401614519135
-0.0402589995738
-0.0399764764226
-0.0402248951109
-0.0404097165253
-0.041390042067
-0.0412027450313
-0.0410726698402
-0.0412587609034
-0.0417031073262
-0.0424689887282
-0.0425461978324
-0.0425055599707
-0.0426869493086
-0.0424467204443
-0.0435336721271
-0.0437146151698
-0.0443692396782
-0.0445484929296
-0.0442821598256
-0.0450231526418
-0.0448323803962
-0.0453933640365
-0.0453334751847
-0.0453538961129
-0.0454889578202
-0.0452901916933
-0.0457595929782
-0.046001030781
-0.0456950700403
-0.0459832103113
-0.0456211588075
-0.0460635541309
-0.045683117707
-0.0461693671147
-0.0465270880888
-0.0470650586459
-0.0472136204357
-0.0468687989738
-0.0471184366087
-0.0473882300056
-0.0477088173731
-0.0469573187941
-0.0465166594817
-0.0467909959806
-0.0474575923673
-0.0471251424897
-0.047075359704
-0.0465334024095
-0.0471392283222
-0.0466071898358
-0.0468174767462
-0.0465001467712
-0.0473800928025
-0.0475193788252
-0.0481809191775
-0.047852013895
-0.0475847543767
-0.0473631159797
-0.047926075667
-0.0485265185764
-0.0485787353625
-0.0484171892744
-0.0487420987574
-0.0491276105935
-0.0492312374382
-0.0490977809805
-0.0494813124853
-0.0500443444278
-0.0500391546935
-0.0501512728784
-0.049568815166
-0.0499940010276
-0.0499043720342
-0.0502977106302
-0.0503219127059
-0.0505168574806
-0.0506588585176
-0.0515465256972
-0.0516301863055
-0.051979444617
-0.0514091097217
-0.0515309681415
-0.05105993427
-0.0509281642196
-0.0503455339022
-0.0510400729948
-0.0514353902706
-0.0517659095814
-0.0507280126371
-0.0498915129785
-0.0495276672833
-0.0501997484839
-0.0505837221536
-0.0506248261453
-0.0501617109739
-0.0505177290586
-0.0513441833924
-0.0515336120441
-0.0509216270288
-0.0502858357327
-0.0507414373191
-0.0514949199179
-0.0516973221535
-0.0514502243543
-0.0509214660042
-0.0511433406036
-0.0511469180452
-0.0512527350823
-0.0510282272086
-0.051087754493
-0.0509996136543
-0.0511653498649
-0.0512296239133
-0.0514858828213
-0.0508735177479
-0.0506320600584
-0.0505455003575
-0.0508343954001
-0.0508071856307
-0.0508087941439
-0.0508060531474
-0.0513533840379
-0.0515157483196
-0.0522917590612
-0.0523212243855
-0.0522270317433
-0.0520520722144
-0.0521401376821
-0.0526995984197
-0.0527979299336
-0.0527063099214
-0.0520593730632
-0.0523220716366
-0.0523571398902
-0.0532223452902
-0.0523777177124
-0.0522169972948
-0.0513547660963
-0.0521969293402
-0.0520689037549
-0.0526187394489
-0.0516505318612
-0.0515688945647
-0.0504810737526
-0.0510830467109
-0.0502430485483
-0.0507351487317
-0.049879264296
-0.0503086176978
-0.0499207206604
-0.0504327731348
-0.050012091138
-0.0508515087951
-0.050393327474
-0.0509784414622
-0.0500905389516
-0.0498249584934
-0.0496545373082
-0.0493920515694
-0.0496820239808
-0.0488430904127
-0.0484117654317
-0.0475017754664
-0.0477007195273
-0.0474853476902
-0.0473645512999
-0.0466679810528
-0.0467004234216
-0.0464609640001
-0.0469329731212
-0.0470528243499
-0.0473195200903
-0.0465617902756
-0.0459217877089
-0.045334570467
-0.0452235065515
-0.0449907689543
-0.0444685081771
-0.0435937134128
-0.0429611068015
-0.0424483907227
-0.0420654621397
-0.0416682387492
-0.0415326356059
-0.0414916233457
-0.0408729684334
-0.0403857419767
-0.0402009591213
-0.0401344407926
-0.0402347347558
-0.0400819318182
-0.0399870015504
-0.0396396526265
-0.0387808363622
-0.038892500762
-0.0386956815027
-0.0393374347756
-0.0394736501606
-0.0391084694767
-0.0392502654189
-0.0384487354861
-0.0391203827866
-0.0386415076854
-0.0393783369463
-0.039262475225
-0.0397024996129
-0.0395683636748
-0.0395360762436
-0.0397456354684
-0.0392881374258
-0.0390876062936
-0.0379664085809
-0.0383126957252
-0.0380051999472
-0.0382802388212
-0.0381526508987
-0.0381702519092
-0.0387332594284
-0.038417117715
-0.0389774612968
-0.0387527637718
-0.0391572863086
-0.0385036498167
-0.0380174021683
-0.0376314056026
-0.0376349085249
-0.0379039534934
-0.0380212862217
-0.0380744367051
-0.0379137536477
-0.0370911429936
-0.0367217768074
-0.0361568664904
-0.0361550229149
-0.0357214506272
-0.0355215151926
-0.0353888550882
-0.0350099691623
-0.0343069515918
-0.0339128608537
-0.0336961120796
-0.0333053252398
-0.0330625213768
-0.0329662872465
-0.0333837862714
-0.0331858685418
-0.032742382371
-0.0330110427166
-0.0330591031893
-0.0333575099498
-0.0325458137772
-0.0324209417741
-0.0320789841313
-0.0322083321567
-0.0320908120516
-0.0324168791878
-0.0323845255954
-0.0320419906197
-0.0317118343194
-0.0315878617724
-0.0318050933142
-0.0323690592192
-0.0328403298074
-0.0332549506011
-0.0323676333231
-0.0317297574003
-0.0312465122051
-0.0312736876341
-0.0312798708922
-0.0312499096952
-0.0311823273306
-0.0309884007556
-0.0302274676767
-0.0298346853281
-0.0296586758603
-0.0296826591179
-0.0296241818599
-0.0294573615841
-0.029224839719
-0.0288628433443
-0.0282738886623
-0.0279155149434
-0.0275072247757
-0.02737645946
-0.0276513249376
-0.0278675750665
-0.0280227927082
-0.0274701654827
-0.0271531768132
-0.0260614079224
-0.0257521402632
-0.0252051440555
-0.0258593485079
-0.0258941765239
-0.0260226036834
-0.0259174511645
-0.0258858384101
-0.0255806744748
-0.0247023501642
-0.0238928688682
-0.0232047388798
-0.0230814416368
-0.0229286830745
-0.0231985333416
-0.0231251338022
-0.0229970380498
-0.0224062950111
-0.0215991217298
-0.0210185793474
-0.0203987148985
-0.0202201457806
-0.0202415731979
-0.0203100559501
-0.0204659829268
-0.0200703912094
-0.02022783668
-0.0194326242104
-0.0187744306526
-0.0177593538725
-0.0170151499201
-0.0172567479413
-0.0172469505927
-0.0178786273687
-0.0174732993632
-0.017208792355
-0.0167005155122
-0.0159420608159
-0.0159475878457
-0.0161660105081
-0.0163940180753
-0.0158821805618
-0.0155456184007
-0.0159821996834
-0.0163751113728
-0.0165262766457
-0.0162343509
-0.0164940121583
-0.016428081777
-0.0162460309923
-0.0157921249053
-0.0147640732771
-0.0147457917091
-0.0144067334627
-0.0144889517158
-0.0141681849812
-0.0137017145824
-0.013405140241
-0.012741246252
-0.0122628361209
-0.0117481759052
-0.0111758327425
-0.0104585034595
-0.00966586051512
-0.00899656758531
-0.00932664506248
-0.00972470777
-0.0103116213047
-0.01010458668
-0.0103146816411
-0.0105189232539
-0.00998905647684
-0.00946703500657
-0.00895994219787
-0.00887922011974
-0.00889080219915
-0.00851432734175
-0.00917322313807
-0.00971805486304
-0.0101287624345
-0.0102130747658
-0.00990325256296
-0.0091294747059
-0.00852382495506
-0.00743186671754
-0.00701536603904
-0.00607783949894
-0.00582732621721
-0.00601805614691
-0.00632893138329
-0.00700655479908
-0.00668033173322
-0.00627142034061
-0.00560594671315
-0.00508823872746
-0.00527576305957
-0.00410993267959
-0.00353840349157
-0.00281537401237
-0.0028216613096
-0.0032867235155
-0.00320654260474
-0.0037095941343
-0.00300690322138
-0.00258602832763
-0.0021498778088
-0.00177601449793
-0.00092489580736
-0.000119540104146
0.000290706313536
-3.19700811158e-07
-0.000628456526479
-0.000691161128257
-0.00162246277393
-0.00127346332362
-0.00154389326029
-0.000902083725191
-0.00136379868254
-0.0021030043162
-0.00201560538137
-0.00196250639449
-0.00146907579815
-0.00190711565435
-0.00206593553056
-0.00278998832446
-0.0025934778719
-0.00312377634114
-0.00302711079992
-0.00331519402788
-0.00348231295092
-0.00349400335376
-0.00403126663237
-0.00409513496115
-0.00468367545237
-0.00459928191495
-0.00471559652223
-0.00471571657654
-0.00542089365312
-0.0054778278254
-0.00633478351773
-0.00703864179616
-0.00753569292652
-0.00774741248772
-0.00769523916663
-0.0076819171374
-0.00800090702989
-0.00792744020988
-0.00912874824468
-0.00950214867319
-0.0100801210933
-0.0101515518152
-0.0102679472681
-0.0111703263776
-0.011692052004
-0.0124213160582
-0.0127403874965
-0.0133874864147
-0.0138024336163
-0.014629700102
-0.0154544812046
-0.0167867482982
-0.0180674305866
-0.0195951263477
-0.0207621122129
-0.0211948058173
-0.0215224208346
-0.0217452848226
-0.0221225552846
-0.0220824376448
-0.022736875772
-0.023179611767
-0.0246888245901
-0.0248135166757
-0.0247326625962
-0.0250372285641
END
