380.3
381.1
381.9
382.7
383.5
384.4
385.2
386.0
386.8
387.6
388.4
389.2
390.1
390.9
391.7
392.5
393.3
394.1
394.9
395.8
396.6
397.4
398.2
399.0
399.8
400.6
401.5
402.3
403.1
403.9
404.7
405.5
406.3
407.2
408.0
408.8
409.6
410.4
411.2
412.0
412.8
413.7
414.5
415.3
416.1
416.9
417.7
418.5
419.4
420.2
421.0
421.8
422.6
423.4
424.2
425.1
425.9
426.7
427.5
428.3
429.1
429.9
430.8
431.6
432.4
433.2
434.0
434.8
435.6
436.4
437.3
438.1
438.9
439.7
440.5
441.3
442.1
443.0
443.8
444.6
445.4
446.2
447.0
447.8
448.7
449.5
450.3
451.1
451.9
452.7
453.5
454.4
455.2
456.0
456.8
457.6
458.4
459.2
460.0
460.9
461.7
462.5
463.3
464.1
464.9
465.7
466.6
467.4
468.2
469.0
469.8
470.6
471.4
472.3
473.1
473.9
474.7
475.5
476.3
477.1
478.0
478.8
479.6
480.4
481.2
482.0
482.8
483.6
484.5
485.3
486.1
486.9
487.7
488.5
489.3
490.2
491.0
491.8
492.6
493.4
494.2
495.0
495.9
496.7
497.5
498.3
499.1
499.9
500.7
501.6
502.4
503.2
504.0
504.8
505.6
506.4
507.2
508.1
508.9
509.7
510.5
511.3
512.1
512.9
513.7
514.5
515.3
516.1
516.8
517.6
518.4
519.2
520.0
520.8
521.5
522.3
523.1
523.9
524.7
525.5
526.2
527.0
527.8
528.6
529.4
530.2
530.9
531.7
532.5
533.3
534.1
534.9
535.6
536.4
537.2
538.0
538.8
539.6
540.3
541.1
541.9
542.7
543.5
544.3
545.0
545.8
546.6
547.4
548.2
549.0
549.7
550.5
551.3
552.1
552.9
553.7
554.4
555.2
556.0
556.8
557.6
558.4
559.1
559.9
560.7
561.5
562.3
563.1
563.8
564.6
565.4
566.2
567.0
567.8
568.5
569.3
570.1
570.9
571.7
572.5
573.2
574.0
574.8
575.6
576.4
577.2
577.9
578.7
579.5
580.3
581.1
581.9
582.6
583.4
584.2
585.0
585.8
586.6
587.3
588.1
588.9
589.6
590.3
591.1
591.8
592.6
593.3
594.0
594.8
595.5
596.3
597.0
597.7
598.5
599.2
600.0
600.7
601.5
602.2
602.9
603.7
604.4
605.2
605.9
606.6
607.4
608.1
608.9
609.6
610.3
611.1
611.8
612.6
613.3
614.0
614.8
615.5
616.3
617.0
617.7
618.5
619.2
620.0
620.7
621.4
622.2
622.9
623.7
624.4
625.2
625.9
626.6
627.4
628.1
628.9
629.6
630.3
631.1
631.8
632.6
633.3
634.0
634.8
635.5
636.3
637.0
637.7
638.5
639.2
640.0
640.7
641.4
642.2
642.9
643.7
644.4
645.1
645.9
646.6
647.4
648.1
648.8
649.6
650.3
651.1
651.8
652.6
653.3
654.0
654.8
655.5
656.3
657.0
657.7
658.5
659.2
660.0
660.7
661.4
662.2
662.9
663.7
664.4
665.1
665.9
666.6
667.4
668.1
668.9
669.6
670.4
671.2
671.9
672.7
673.4
674.2
674.9
675.7
676.5
677.2
678.0
678.7
679.5
680.2
681.0
681.8
682.5
683.3
684.0
684.8
685.5
686.3
687.1
687.8
688.6
689.3
690.1
690.8
691.6
692.4
693.1
693.9
694.6
695.4
696.1
696.9
697.7
698.4
699.2
699.9
700.7
701.4
702.2
703.0
703.7
704.5
705.2
706.0
706.8
707.6
708.4
709.2
710.0
710.8
711.6
712.4
713.2
714.0
714.8
715.6
716.4
717.2
718.0
718.8
719.6
720.4
721.2
722.0
722.8
723.6
724.4
725.2
726.0
726.8
727.6
728.4
729.2
730.0
730.8
731.6
732.4
733.2
734.0
734.8
735.6
736.4
737.2
738.0
738.8
739.6
740.4
741.2
742.0
742.8
743.6
744.4
745.2
746.0
746.8
747.6
748.4
749.2
750.0
750.8
751.6
752.4
753.2
754.0
754.8
755.6
756.4
757.2
758.0
758.8
759.6
760.4
761.2
762.0
762.8
763.6
764.4
765.2
766.0
766.8
767.6
768.4
769.2
770.0
770.8
771.6
772.4
773.2
774.1
774.9
775.7
776.5
777.3
778.1
778.9
779.7
780.5
781.3
782.1
782.9
783.7
784.5
785.3
786.1
786.9
787.7
788.5
789.3
790.1
790.9
791.7
792.5
793.3
794.1
794.9
795.7
796.5
797.3
798.1
798.9
799.7
800.5
801.3
802.1
802.9
803.7
804.5
805.3
806.1
806.9
807.7
808.5
809.3
810.1
810.9
811.7
812.5
813.3
814.1
814.9
815.7
816.5
817.3
818.1
818.9
819.7
820.5
821.3
822.1
822.9
823.7
824.5
825.3
826.1
826.9
827.7
828.5
829.3
830.1
830.9
831.7
832.6
833.4
834.3
835.1
835.9
836.8
837.6
838.5
839.3
840.2
841.0
841.9
842.7
843.5
844.4
845.2
846.1
846.9
847.8
848.6
849.4
850.3
851.1
852.0
852.8
853.7
854.5
855.3
856.2
857.0
857.9
858.7
859.6
860.4
861.3
862.1
862.9
863.8
864.6
865.5
866.3
867.2
868.0
868.8
869.7
870.5
871.4
872.2
873.1
873.9
874.8
875.6
876.4
877.3
878.1
879.0
879.8
880.7
881.5
882.3
883.2
884.0
884.9
885.7
886.6
887.4
888.2
889.1
889.9
890.8
891.6
892.5
893.3
894.2
895.0
895.8
896.7
897.5
898.4
899.2
NEXT_SERIES
0.465355924707
0.465153283084
0.463935296458
0.464449689837
0.46607907633
0.473591533368
0.484223200581
0.498457397306
0.516924405788
0.53439139453
0.553538836892
0.570611270783
0.587676212077
0.608881180705
0.630370431796
0.65142608479
0.668381075478
0.684677330127
0.698372315049
0.707588851329
0.712396992972
0.713254578531
0.711612850692
0.706812648223
0.701251892027
0.692506351849
0.684688246504
0.675559430703
0.667882409569
0.658881446183
0.6520553262
0.646464156486
0.640641821114
0.636912643528
0.634024234292
0.633506223293
0.633037742904
0.633083897036
0.632674411603
0.631970674506
0.632302827651
0.634463459409
0.636895528581
0.639971957507
0.643665606127
0.648218572634
0.652151885572
0.654977174714
0.657293968245
0.659675134025
0.660669436611
0.662059181773
0.661581658524
0.663115963405
0.664030717325
0.66539608059
0.665696643375
0.665516547748
0.666115828177
0.666592511269
0.665231967257
0.665419909659
0.663287850049
0.661994538865
0.659874715352
0.660100832537
0.65784640979
0.654387730447
0.650781716585
0.650030478495
0.648200472957
0.645583388449
0.641447487426
0.638432890642
0.633465347844
0.629012067391
0.623589294022
0.620048293206
0.617580549997
0.61543521462
0.612896206454
0.609711989111
0.606157020433
0.603924471484
0.600716757345
0.596809234426
0.592050631507
0.588328398762
0.585182382748
0.582271705581
0.580386284947
0.579097864862
0.575765167407
0.572916109291
0.568701257917
0.56761480382
0.563846700111
0.56091588624
0.557841096798
0.555627237446
0.555174940537
0.553103303723
0.55195050641
0.550938047056
0.549712901254
0.547405365968
0.545856575512
0.546079447373
0.546119259675
0.546125235888
0.545237212609
0.54645292217
0.545680843844
0.546530316742
0.54749095015
0.549282847414
0.549492975959
0.547798507838
0.549994214142
0.550830493944
0.55257801414
0.551763070365
0.553784138229
0.555987124476
0.557609636312
0.558348052085
0.5595788035
0.561859220479
0.564618407827
0.566947531825
0.566808850537
0.56707133856
0.568040359632
0.569847118178
0.571919670855
0.573521169494
0.57486890248
0.575579365788
0.576685738524
0.577968838833
0.579281269816
0.581694885273
0.583735989305
0.584931383645
0.585808352689
0.586551072815
0.588322954923
0.59002483537
0.590949944108
0.592865779188
0.592955513914
0.594574529977
0.593240280764
0.591560192267
0.590106669535
0.589227387676
0.589249932863
0.587519193002
0.585859764828
0.583785145163
0.582772869583
0.581273318475
0.580439835766
0.578653919766
0.576323355798
0.573986578743
0.572404821339
0.569523958562
0.565791864827
0.562674615319
0.561540384318
0.560115622333
0.55682965246
0.554725023784
0.552726369319
0.551393076003
0.548362893898
0.548643335143
0.54913938197
0.550229674733
0.547252465945
0.545163808125
0.543636438243
0.542576299197
0.540596983057
0.537252910988
0.533994097714
0.53126746796
0.528703311383
0.526337045466
0.524002410678
0.521704781793
0.520585107035
0.518802040927
0.516755920553
0.514507041124
0.511757588453
0.511057460546
0.5084857323
0.507544158406
0.504903578301
0.503410470691
0.499963645006
0.49656818472
0.493668452164
0.490749365698
0.487345282287
0.48278615866
0.478822522935
0.475571392872
0.473170480737
0.46894580485
0.465533615298
0.461697377009
0.460298864924
0.457276048737
0.454510060275
0.451403304315
0.448799370393
0.447015417672
0.443571785135
0.441209998208
0.436200746048
0.431599786726
0.425768273106
0.421709237751
0.417783182955
0.4149702821
0.40998787726
0.405939346542
0.401535520533
0.400179729471
0.397511418078
0.394691305915
0.390432982339
0.38714399686
0.383832113763
0.380493667746
0.37747474662
0.374166627047
0.370712809082
0.366336958915
0.363201918676
0.359755578399
0.356421927865
0.351732594231
0.347416095334
0.34357010911
0.340255168518
0.336578768183
0.333269175833
0.329539989485
0.327111883096
0.324560142161
0.322857655435
0.320088732606
0.31815219982
0.315257470112
0.312429523042
0.308737597594
0.305552760633
0.30261581288
0.298734731112
0.295241397604
0.291658068359
0.289186351996
0.285872800919
0.283285938533
0.280035258809
0.277101882141
0.274580161258
0.272220857309
0.269968083215
0.268208485944
0.267046020805
0.266716279765
0.265371966235
0.264439345298
0.263020498522
0.262847112771
0.263142367568
0.262458270752
0.260615606831
0.257236234528
0.255225183715
0.253149854333
0.251381029989
0.249205176703
0.247550777571
0.246897712251
0.244917954528
0.243443994183
0.240686726164
0.24002600867
0.238677389862
0.239292678434
0.238629628014
0.238823060066
0.238109291942
0.238738227689
0.238865262711
0.239398163283
0.239872597791
0.239958476202
0.239503058448
0.239883470086
0.238476436388
0.237101502962
0.234454831901
0.233272575069
0.232083637283
0.231092051317
0.230183332443
0.228360924086
0.226130755812
0.224382061927
0.223817585912
0.223188271404
0.221968264022
0.220894194837
0.220435370296
0.220434407307
0.220839279535
0.219527306326
0.218976598142
0.217443412441
0.217531786192
0.216874770219
0.217099620445
0.215527591314
0.214994394256
0.212861309532
0.212737018316
0.211649091123
0.212044193767
0.210761075165
0.210332385208
0.207946838725
0.207363102423
0.205824783566
0.206747846179
0.206572423119
0.207911472948
0.207103246162
0.2082962606
0.208004704068
0.209079236583
0.209553168019
0.209438264091
0.209900667861
0.209401161989
0.210431504638
0.21203783289
0.214694130139
0.216048099508
0.21640756721
0.21557593621
0.216337129128
0.217507143139
0.220783951502
0.222876099597
0.224796747373
0.225165365787
0.227147068146
0.230547833045
0.235398207998
0.239393279486
0.241358143214
0.243413316998
0.246040539854
0.249454015932
0.252936833969
0.256903965913
0.261276476324
0.263946557923
0.264248011497
0.264775965256
0.266237504399
0.269561067857
0.272292377529
0.273786987892
0.273530403463
0.271225540027
0.268970089275
0.268123231964
0.268278683174
0.268486218491
0.266345685223
0.262352311337
0.258021318544
0.25364598495
0.252959164013
0.250450746507
0.249766272808
0.244276592248
0.240140051453
0.234039276575
0.230612938702
0.228921942091
0.226763335785
0.225204100163
0.221366774322
0.21843315258
0.213592422779
0.209919143016
0.207402091459
0.207142397702
0.207835457639
0.206447426804
0.203788520155
0.197913383595
0.194933898399
0.192695803242
0.193831793761
0.194550691114
0.194643973115
0.193234584114
0.189720607058
0.187755792705
0.185862126984
0.18566886551
0.186686973935
0.18713382513
0.188876786772
0.18749134341
0.187401219111
0.185754758592
0.185108804412
0.186033460807
0.188217918904
0.190893919398
0.191161720059
0.1902617111
0.18840853871
0.186233331803
0.185747869282
0.185908718079
0.188497824708
0.188897106229
0.189885771427
0.188784643284
0.187550168496
0.185578182937
0.184292230996
0.18496991755
0.186058718817
0.187268366904
0.187441201957
0.186126153511
0.184531391593
0.182518364366
0.181573685989
0.181150823505
0.182041039406
0.183145895307
0.184064720201
0.183604664203
0.182668484325
0.181296953361
0.180272335216
0.179596950434
0.179751891693
0.18152806171
0.183281424852
0.184107604471
0.183059902873
0.181967295989
0.180746349816
0.180983774813
0.181371595142
0.18343411238
0.185380590388
0.187125795878
0.187298528754
0.185993027559
0.183946556079
0.182353981385
0.181586643051
0.182205074831
0.183472630033
0.184886740057
0.185936837912
0.186862976186
0.186049558449
0.184081464472
0.180882033006
0.179566572601
0.179557011569
0.180532963892
0.181674685668
0.183275122917
0.185390322114
0.185352996574
0.184533174275
0.18258949002
0.181918639552
0.18153474507
0.181667551127
0.183489439319
0.185539852656
0.187431007493
0.187526229282
0.187603733487
0.187199900723
0.186270245413
0.185854804148
0.185249946524
0.186318297397
0.187148703681
0.189249396992
0.191816052975
0.192701227014
0.193843784796
0.192927373133
0.192837957194
0.192117928688
0.192291838233
0.19343063044
0.194297299191
0.195022101339
0.195981724027
0.196256751972
0.196951486635
0.195118128103
0.194199483259
0.191656714118
0.190713060536
0.189628910434
0.189630054685
0.190650152788
0.192182110088
0.194197595841
0.193943807316
0.194183855759
0.193805906368
0.193839747841
0.19346981193
0.194133077375
0.196803239213
0.199813027243
0.202027670026
0.204726386811
0.206843993988
0.209554914006
0.20976506666
0.208735057569
0.207430670173
0.20667139167
0.207407083595
0.206754473116
0.207530774372
0.208713829976
0.210507163037
0.211694777103
0.211998530105
0.210616920473
0.209223877443
0.205460550645
0.203600086271
0.201044191597
0.200700252383
0.201106401553
0.202077031739
0.204048890239
0.205712203483
0.207147859144
0.20796413043
0.207723478797
0.206476713953
0.205081014522
0.204211327264
0.204059029385
0.203905156565
0.205206807703
0.206761512486
0.207649019695
0.209259330855
0.210521841075
0.211587910386
0.211308605769
0.210264714632
0.209775148866
0.209835810824
0.211392907394
0.212748035417
0.214269086914
0.216061464895
0.218784684876
0.220756220598
0.221634813076
0.221812177309
0.220991841619
0.220153259213
0.218359226556
0.217983806137
0.216971639378
0.217271934544
0.216259580697
0.217242299421
0.217774558046
0.218247954683
0.218177402288
0.218138850913
0.217764365696
0.215319766609
0.213541627863
0.211517080728
0.211656348881
0.210782076298
0.211654849526
0.211884409056
0.212334411823
0.212512059602
0.212212408301
0.21261710052
0.212978571126
0.212851442272
0.211581488934
0.210285797115
0.209186916328
0.208671510341
0.208587341922
0.208582595199
0.208060972723
0.207499168027
0.207538560048
0.208166390477
0.207681799333
0.207122671553
0.207006114102
0.207344050697
0.206516749809
0.204778001692
0.203971150766
0.202803829468
0.201239290981
0.197868891328
0.196457383097
0.194083467504
0.192576777995
0.189451791604
0.188528843344
0.185626875421
0.1834359547
0.180819947845
0.178882867398
0.17753295395
0.174928747293
0.173493555188
0.171386818459
0.170485170873
0.167902041153
0.166324161295
0.164203464147
0.163494503407
END
