380.3
381.1
381.9
382.7
383.5
384.4
385.2
386.0
386.8
387.6
388.4
389.2
390.1
390.9
391.7
392.5
393.3
394.1
394.9
395.8
396.6
397.4
398.2
399.0
399.8
400.6
401.5
402.3
403.1
403.9
404.7
405.5
406.3
407.2
408.0
408.8
409.6
410.4
411.2
412.0
412.8
413.7
414.5
415.3
416.1
416.9
417.7
418.5
419.4
420.2
421.0
421.8
422.6
423.4
424.2
425.1
425.9
426.7
427.5
428.3
429.1
429.9
430.8
431.6
432.4
433.2
434.0
434.8
435.6
436.4
437.3
438.1
438.9
439.7
440.5
441.3
442.1
443.0
443.8
444.6
445.4
446.2
447.0
447.8
448.7
449.5
450.3
451.1
451.9
452.7
453.5
454.4
455.2
456.0
456.8
457.6
458.4
459.2
460.0
460.9
461.7
462.5
463.3
464.1
464.9
465.7
466.6
467.4
468.2
469.0
469.8
470.6
471.4
472.3
473.1
473.9
474.7
475.5
476.3
477.1
478.0
478.8
479.6
480.4
481.2
482.0
482.8
483.6
484.5
485.3
486.1
486.9
487.7
488.5
489.3
490.2
491.0
491.8
492.6
493.4
494.2
495.0
495.9
496.7
497.5
498.3
499.1
499.9
500.7
501.6
502.4
503.2
504.0
504.8
505.6
506.4
507.2
508.1
508.9
509.7
510.5
511.3
512.1
512.9
513.7
514.5
515.3
516.1
516.8
517.6
518.4
519.2
520.0
520.8
521.5
522.3
523.1
523.9
524.7
525.5
526.2
527.0
527.8
528.6
529.4
530.2
530.9
531.7
532.5
533.3
534.1
534.9
535.6
536.4
537.2
538.0
538.8
539.6
540.3
541.1
541.9
542.7
543.5
544.3
545.0
545.8
546.6
547.4
548.2
549.0
549.7
550.5
551.3
552.1
552.9
553.7
554.4
555.2
556.0
556.8
557.6
558.4
559.1
559.9
560.7
561.5
562.3
563.1
563.8
564.6
565.4
566.2
567.0
567.8
568.5
569.3
570.1
570.9
571.7
572.5
573.2
574.0
574.8
575.6
576.4
577.2
577.9
578.7
579.5
580.3
581.1
581.9
582.6
583.4
584.2
585.0
585.8
586.6
587.3
588.1
588.9
589.6
590.3
591.1
591.8
592.6
593.3
594.0
594.8
595.5
596.3
597.0
597.7
598.5
599.2
600.0
600.7
601.5
602.2
602.9
603.7
604.4
605.2
605.9
606.6
607.4
608.1
608.9
609.6
610.3
611.1
611.8
612.6
613.3
614.0
614.8
615.5
616.3
617.0
617.7
618.5
619.2
620.0
620.7
621.4
622.2
622.9
623.7
624.4
625.2
625.9
626.6
627.4
628.1
628.9
629.6
630.3
631.1
631.8
632.6
633.3
634.0
634.8
635.5
636.3
637.0
637.7
638.5
639.2
640.0
640.7
641.4
642.2
642.9
643.7
644.4
645.1
645.9
646.6
647.4
648.1
648.8
649.6
650.3
651.1
651.8
652.6
653.3
654.0
654.8
655.5
656.3
657.0
657.7
658.5
659.2
660.0
660.7
661.4
662.2
662.9
663.7
664.4
665.1
665.9
666.6
667.4
668.1
668.9
669.6
670.4
671.2
671.9
672.7
673.4
674.2
674.9
675.7
676.5
677.2
678.0
678.7
679.5
680.2
681.0
681.8
682.5
683.3
684.0
684.8
685.5
686.3
687.1
687.8
688.6
689.3
690.1
690.8
691.6
692.4
693.1
693.9
694.6
695.4
696.1
696.9
697.7
698.4
699.2
699.9
700.7
701.4
702.2
703.0
703.7
704.5
705.2
706.0
706.8
707.6
708.4
709.2
710.0
710.8
711.6
712.4
713.2
714.0
714.8
715.6
716.4
717.2
718.0
718.8
719.6
720.4
721.2
722.0
722.8
723.6
724.4
725.2
726.0
726.8
727.6
728.4
729.2
730.0
730.8
731.6
732.4
733.2
734.0
734.8
735.6
736.4
737.2
738.0
738.8
739.6
740.4
741.2
742.0
742.8
743.6
744.4
745.2
746.0
746.8
747.6
748.4
749.2
750.0
750.8
751.6
752.4
753.2
754.0
754.8
755.6
756.4
757.2
758.0
758.8
759.6
760.4
761.2
762.0
762.8
763.6
764.4
765.2
766.0
766.8
767.6
768.4
769.2
770.0
770.8
771.6
772.4
773.2
774.1
774.9
775.7
776.5
777.3
778.1
778.9
779.7
780.5
781.3
782.1
782.9
783.7
784.5
785.3
786.1
786.9
787.7
788.5
789.3
790.1
790.9
791.7
792.5
793.3
794.1
794.9
795.7
796.5
797.3
798.1
798.9
799.7
800.5
801.3
802.1
802.9
803.7
804.5
805.3
806.1
806.9
807.7
808.5
809.3
810.1
810.9
811.7
812.5
813.3
814.1
814.9
815.7
816.5
817.3
818.1
818.9
819.7
820.5
821.3
822.1
822.9
823.7
824.5
825.3
826.1
826.9
827.7
828.5
829.3
830.1
830.9
831.7
832.6
833.4
834.3
835.1
835.9
836.8
837.6
838.5
839.3
840.2
841.0
841.9
842.7
843.5
844.4
845.2
846.1
846.9
847.8
848.6
849.4
850.3
851.1
852.0
852.8
853.7
854.5
855.3
856.2
857.0
857.9
858.7
859.6
860.4
861.3
862.1
862.9
863.8
864.6
865.5
866.3
867.2
868.0
868.8
869.7
870.5
871.4
872.2
873.1
873.9
874.8
875.6
876.4
877.3
878.1
879.0
879.8
880.7
881.5
882.3
883.2
884.0
884.9
885.7
886.6
887.4
888.2
889.1
889.9
890.8
891.6
892.5
893.3
894.2
895.0
895.8
896.7
897.5
898.4
899.2
NEXT_SERIES
0.251083652017
0.249464337705
0.252242431846
0.252467431765
0.254951266665
0.255754436075
0.262800503639
0.272165133466
0.285134174798
0.299403412387
0.316007737659
0.33199075543
0.350091564592
0.3678195429
0.386293388179
0.402648004161
0.417834270286
0.430172071776
0.439590771822
0.445390052331
0.447784802364
0.446818241095
0.443831376415
0.439143186815
0.433508305314
0.426797204603
0.420399753076
0.412635196406
0.405961364977
0.398239720227
0.392652711208
0.38879507849
0.386220867313
0.385109421557
0.382952448401
0.382510561546
0.381985387947
0.382968279448
0.384174917248
0.385868451099
0.388720475048
0.391496836674
0.394063377817
0.397231360593
0.401315328746
0.405133948936
0.407826417833
0.409529503695
0.41289087645
0.415726364091
0.417279396946
0.418225728215
0.418092638252
0.41954821027
0.421002015961
0.421933785671
0.422664354796
0.423702956761
0.424895955785
0.424172587112
0.423160854619
0.421687649316
0.421552436943
0.419092447513
0.417579180045
0.416128287805
0.415053413385
0.41325133491
0.410602188512
0.409007417807
0.406991568136
0.404892123986
0.401416754104
0.397259543861
0.393573148477
0.38977912128
0.387233424564
0.384209323706
0.381510863365
0.378576757601
0.376413993201
0.374485399465
0.372716683287
0.369755371974
0.366233740807
0.362398022122
0.360238649588
0.359033256876
0.358406515444
0.356639633075
0.354638455629
0.352415048107
0.350963318948
0.349464592876
0.348405354545
0.345519953545
0.342779912628
0.339273754103
0.337626956195
0.33619769986
0.335881465027
0.335026864321
0.334532105
0.334097323415
0.332484684553
0.332061050754
0.331697569351
0.333572558048
0.332445739713
0.332452077135
0.332453406187
0.334152254053
0.334142149333
0.335382729195
0.336292755069
0.338081594595
0.338144930792
0.338694043901
0.339456316105
0.339274374773
0.339682752581
0.339802223996
0.342916533654
0.344161346453
0.345469258641
0.345565909088
0.347417586584
0.349962664617
0.352316578576
0.354109966822
0.35538313205
0.355991548912
0.356322822191
0.35728433809
0.358543242863
0.360556535155
0.36200324054
0.36421609325
0.365953372597
0.367888721033
0.369065081616
0.370862962169
0.372902201406
0.374939631253
0.376503854089
0.377899054291
0.379811283383
0.382474315088
0.383880944777
0.386772097706
0.38790872784
0.389183042018
0.388723223076
0.387752065646
0.387727905997
0.388069915037
0.389155988848
0.389128904635
0.38898182132
0.389920773596
0.391475344414
0.391922740057
0.391853762253
0.391963362658
0.392286562678
0.391467886678
0.390136221409
0.389065980625
0.388637160281
0.388977871111
0.388348225738
0.386880541604
0.385769577176
0.386005293308
0.386760326292
0.385873494504
0.385511291563
0.385677562464
0.386678045411
0.386346944649
0.386612775795
0.386778362519
0.385967065929
0.384662354511
0.383142062384
0.382046344925
0.380781848024
0.378974991398
0.377142009488
0.375341678356
0.374625426213
0.373951527994
0.374415795679
0.373261394707
0.372420988776
0.370861101131
0.370298138053
0.369441538232
0.367912146178
0.365514523796
0.364513144528
0.362966206256
0.362096834602
0.359485354935
0.357692953406
0.354477809795
0.352560170877
0.349333051158
0.346220276187
0.343539995648
0.34007784412
0.338045176268
0.334258155779
0.331763068115
0.329466600971
0.32747880965
0.32600454905
0.323605760932
0.321769075198
0.318858163394
0.316042589521
0.313023322523
0.309913677475
0.306711011608
0.302203312917
0.298451389368
0.294412641394
0.291905250398
0.288895084728
0.286384783745
0.282948173334
0.280475658434
0.277521808917
0.27466084368
0.271245586935
0.268387048642
0.266185142224
0.263453033614
0.260589814322
0.256664798925
0.253908560681
0.25045888002
0.247868460293
0.24459230858
0.241708474712
0.238127077556
0.235007777135
0.231531130541
0.228066028797
0.224459702983
0.221906282212
0.219488475125
0.216732189288
0.213578664655
0.211507213923
0.208985064382
0.206989709896
0.203702652862
0.201152614146
0.198223960696
0.19577351012
0.192861204435
0.189819037163
0.187659158885
0.185424429497
0.182848231082
0.179675799578
0.176364994026
0.173648156989
0.170960719943
0.169216052989
0.167473889998
0.165281888815
0.164119629523
0.163369620947
0.163134695144
0.1615813158
0.159850163294
0.158441732157
0.158400560399
0.158314630071
0.156773773028
0.154261076375
0.152029355615
0.151420468106
0.149929082496
0.147820908795
0.145488733224
0.144000455896
0.143211813735
0.141553840917
0.140230824181
0.138077467602
0.137711396738
0.136316808701
0.136349615592
0.135162561005
0.134891109938
0.134165083214
0.13463852052
0.135132030959
0.135595278997
0.135283810749
0.135183505838
0.135072958947
0.13539655155
0.134400770954
0.132739137944
0.130924358211
0.129830831618
0.129459313108
0.128572672303
0.127452423638
0.12554969492
0.123408119284
0.122323352737
0.121916916168
0.122023940868
0.12099850476
0.119922033714
0.118871480773
0.118775918388
0.1190211928
0.118716749878
0.118497671154
0.116930843569
0.116594730016
0.115916160363
0.116313460053
0.115398685335
0.115555859808
0.114188430211
0.114575409559
0.113780536022
0.11422786584
0.112807490023
0.112063031458
0.110268433211
0.110285063164
0.109444404509
0.110375583882
0.109245862135
0.110020224858
0.109483881406
0.110486924443
0.110389159388
0.11090185571
0.110714967756
0.110068209169
0.109917518103
0.109279305888
0.110207550423
0.110706723894
0.11238627243
0.112170687368
0.111918067456
0.111115962135
0.111592450536
0.11201227535
0.113580727029
0.113692747366
0.114138109531
0.113252505924
0.114394574656
0.116465380402
0.118814265078
0.120452572547
0.120584854253
0.121434935725
0.12213139396
0.124457666757
0.126953815561
0.129505680482
0.130601242094
0.130899401101
0.130265032978
0.130845194504
0.131146868657
0.132775119412
0.133855287856
0.13487612608
0.133414142161
0.131126361075
0.129990791233
0.130737941972
0.131579560187
0.131420109664
0.129393519679
0.12731391114
0.124779460689
0.123054733335
0.122977264305
0.121954830688
0.122132389834
0.119626673192
0.117809936174
0.115086376786
0.11363439974
0.114292392766
0.113843504331
0.114321204631
0.112205599472
0.110608958536
0.107525543285
0.106308502054
0.106136346836
0.106775298752
0.107359161042
0.106250304186
0.104647583156
0.101172336766
0.0998426621891
0.0991001981613
0.099987178508
0.100722125058
0.100456676751
0.0996057494981
0.0970708107718
0.096354895918
0.095470652485
0.0958974154274
0.0970061770368
0.0976325993696
0.0990662325339
0.0976305457913
0.0974222719263
0.0962204547576
0.0965217807131
0.0974978311123
0.0992834013023
0.100716815433
0.100811689445
0.100012753025
0.0987239999567
0.0977953582483
0.0977569410722
0.0979556337211
0.0994651119621
0.0995881556048
0.10002152879
0.0988478777495
0.0979767942145
0.0968889778264
0.0962577991481
0.0970870424821
0.0982082087056
0.0990582175899
0.0988966995887
0.0976029373248
0.0962043185472
0.0952408390614
0.0950343310609
0.0950904332077
0.0948769455408
0.0951050700263
0.0956193713899
0.095702714828
0.095341782618
0.0945137971216
0.093561510695
0.0929459600606
0.0928298065537
0.0940490017017
0.0952873623893
0.0960633747837
0.0954381868522
0.0946425856054
0.0941511424887
0.0938090366653
0.0940140339358
0.0952053394447
0.0962998130856
0.0973509800126
0.096898409595
0.0967406294759
0.0953825930939
0.0942897388617
0.0930664006345
0.0931622047095
0.0939954997825
0.0955505837369
0.0965345935824
0.0971334516772
0.0962681951516
0.0947154716085
0.0931987518965
0.0926528502323
0.0927057812119
0.092546369266
0.0932311392444
0.0941340142767
0.0954435380365
0.0948019379821
0.0942901608372
0.0928707441028
0.0924796300406
0.0923351257429
0.0926553005799
0.0934823094621
0.0942232237178
0.0949698128117
0.0951785197912
0.0950026851515
0.095175844704
0.0942222944132
0.0940810918203
0.0933639530499
0.0948963162553
0.0953202039684
0.0968866230079
0.0981780647918
0.098645212869
0.0982537285677
0.0968382323561
0.0968590962703
0.097347594943
0.0979810787619
0.0987133038377
0.0994949359825
0.100100800021
0.101101089826
0.100960401083
0.100660533024
0.0986350753913
0.0974795024873
0.0961070039495
0.0962461619931
0.0953861123264
0.0953845861701
0.0955779850787
0.096402021406
0.0976337225787
0.0972674463435
0.0974983758422
0.0970772820418
0.0974785099903
0.0974477490419
0.0977153841242
0.0990798531322
0.100989530073
0.102920459813
0.104100135138
0.105252275157
0.106422403338
0.106610834609
0.105728260526
0.105594713008
0.104994519563
0.105206109709
0.10399567301
0.104673473621
0.105298988575
0.106114368924
0.106766824458
0.106157806925
0.10576611196
0.104616279799
0.103102920773
0.101280697028
0.0995169502397
0.0991040949375
0.099303054878
0.100386015684
0.101854352795
0.103708463286
0.104646427722
0.105232426271
0.104740172874
0.103736108167
0.10287022859
0.102358349681
0.102261263688
0.102094105359
0.103094571342
0.104174703379
0.104580720061
0.104800156395
0.105474422073
0.106220470976
0.106388908317
0.105460470617
0.105060964496
0.105051886567
0.105697617059
0.106698901544
0.10753500037
0.108813181559
0.11012285186
0.111164757637
0.111607952337
0.112068046634
0.111146314164
0.11099616536
0.109191041373
0.108640559396
0.107533863998
0.10736393784
0.106541299893
0.106172527324
0.106906500998
0.107446207123
0.108059880033
0.10671084846
0.106025516634
0.10364945196
0.103027259523
0.102024888604
0.102497558455
0.102138897137
0.102002456755
0.101764559895
0.101898761424
0.102452040188
0.102845514252
0.102795616392
0.101966219734
0.101362235044
0.101052263877
0.100524421213
0.100235077483
0.098871390149
0.0989257842213
0.0970882868587
0.096621205328
0.0955421683237
0.0955217233653
0.0962596399141
0.0962483085507
0.0966674302062
0.0954966585103
0.0952245393636
0.0939888984872
0.092825690216
0.091925758725
0.0907698180015
0.0899177603585
0.0875675307991
0.0870179300807
0.0843220885396
0.0828823492319
0.0801017031493
0.0797587370412
0.0777330523637
0.0762497728535
0.0743478706748
0.0738624491942
0.0728104754439
0.0713643979945
0.0697857652935
0.0685969107995
0.0680757373412
0.0661709036915
0.0649635143141
0.0640825483286
0.0634122659883
END
