380.3
381.1
381.9
382.7
383.5
384.4
385.2
386.0
386.8
387.6
388.4
389.2
390.1
390.9
391.7
392.5
393.3
394.1
394.9
395.8
396.6
397.4
398.2
399.0
399.8
400.6
401.5
402.3
403.1
403.9
404.7
405.5
406.3
407.2
408.0
408.8
409.6
410.4
411.2
412.0
412.8
413.7
414.5
415.3
416.1
416.9
417.7
418.5
419.4
420.2
421.0
421.8
422.6
423.4
424.2
425.1
425.9
426.7
427.5
428.3
429.1
429.9
430.8
431.6
432.4
433.2
434.0
434.8
435.6
436.4
437.3
438.1
438.9
439.7
440.5
441.3
442.1
443.0
443.8
444.6
445.4
446.2
447.0
447.8
448.7
449.5
450.3
451.1
451.9
452.7
453.5
454.4
455.2
456.0
456.8
457.6
458.4
459.2
460.0
460.9
461.7
462.5
463.3
464.1
464.9
465.7
466.6
467.4
468.2
469.0
469.8
470.6
471.4
472.3
473.1
473.9
474.7
475.5
476.3
477.1
478.0
478.8
479.6
480.4
481.2
482.0
482.8
483.6
484.5
485.3
486.1
486.9
487.7
488.5
489.3
490.2
491.0
491.8
492.6
493.4
494.2
495.0
495.9
496.7
497.5
498.3
499.1
499.9
500.7
501.6
502.4
503.2
504.0
504.8
505.6
506.4
507.2
508.1
508.9
509.7
510.5
511.3
512.1
512.9
513.7
514.5
515.3
516.1
516.8
517.6
518.4
519.2
520.0
520.8
521.5
522.3
523.1
523.9
524.7
525.5
526.2
527.0
527.8
528.6
529.4
530.2
530.9
531.7
532.5
533.3
534.1
534.9
535.6
536.4
537.2
538.0
538.8
539.6
540.3
541.1
541.9
542.7
543.5
544.3
545.0
545.8
546.6
547.4
548.2
549.0
549.7
550.5
551.3
552.1
552.9
553.7
554.4
555.2
556.0
556.8
557.6
558.4
559.1
559.9
560.7
561.5
562.3
563.1
563.8
564.6
565.4
566.2
567.0
567.8
568.5
569.3
570.1
570.9
571.7
572.5
573.2
574.0
574.8
575.6
576.4
577.2
577.9
578.7
579.5
580.3
581.1
581.9
582.6
583.4
584.2
585.0
585.8
586.6
587.3
588.1
588.9
589.6
590.3
591.1
591.8
592.6
593.3
594.0
594.8
595.5
596.3
597.0
597.7
598.5
599.2
600.0
600.7
601.5
602.2
602.9
603.7
604.4
605.2
605.9
606.6
607.4
608.1
608.9
609.6
610.3
611.1
611.8
612.6
613.3
614.0
614.8
615.5
616.3
617.0
617.7
618.5
619.2
620.0
620.7
621.4
622.2
622.9
623.7
624.4
625.2
625.9
626.6
627.4
628.1
628.9
629.6
630.3
631.1
631.8
632.6
633.3
634.0
634.8
635.5
636.3
637.0
637.7
638.5
639.2
640.0
640.7
641.4
642.2
642.9
643.7
644.4
645.1
645.9
646.6
647.4
648.1
648.8
649.6
650.3
651.1
651.8
652.6
653.3
654.0
654.8
655.5
656.3
657.0
657.7
658.5
659.2
660.0
660.7
661.4
662.2
662.9
663.7
664.4
665.1
665.9
666.6
667.4
668.1
668.9
669.6
670.4
671.2
671.9
672.7
673.4
674.2
674.9
675.7
676.5
677.2
678.0
678.7
679.5
680.2
681.0
681.8
682.5
683.3
684.0
684.8
685.5
686.3
687.1
687.8
688.6
689.3
690.1
690.8
691.6
692.4
693.1
693.9
694.6
695.4
696.1
696.9
697.7
698.4
699.2
699.9
700.7
701.4
702.2
703.0
703.7
704.5
705.2
706.0
706.8
707.6
708.4
709.2
710.0
710.8
711.6
712.4
713.2
714.0
714.8
715.6
716.4
717.2
718.0
718.8
719.6
720.4
721.2
722.0
722.8
723.6
724.4
725.2
726.0
726.8
727.6
728.4
729.2
730.0
730.8
731.6
732.4
733.2
734.0
734.8
735.6
736.4
737.2
738.0
738.8
739.6
740.4
741.2
742.0
742.8
743.6
744.4
745.2
746.0
746.8
747.6
748.4
749.2
750.0
750.8
751.6
752.4
753.2
754.0
754.8
755.6
756.4
757.2
758.0
758.8
759.6
760.4
761.2
762.0
762.8
763.6
764.4
765.2
766.0
766.8
767.6
768.4
769.2
770.0
770.8
771.6
772.4
773.2
774.1
774.9
775.7
776.5
777.3
778.1
778.9
779.7
780.5
781.3
782.1
782.9
783.7
784.5
785.3
786.1
786.9
787.7
788.5
789.3
790.1
790.9
791.7
792.5
793.3
794.1
794.9
795.7
796.5
797.3
798.1
798.9
799.7
800.5
801.3
802.1
802.9
803.7
804.5
805.3
806.1
806.9
807.7
808.5
809.3
810.1
810.9
811.7
812.5
813.3
814.1
814.9
815.7
816.5
817.3
818.1
818.9
819.7
820.5
821.3
822.1
822.9
823.7
824.5
825.3
826.1
826.9
827.7
828.5
829.3
830.1
830.9
831.7
832.6
833.4
834.3
835.1
835.9
836.8
837.6
838.5
839.3
840.2
841.0
841.9
842.7
843.5
844.4
845.2
846.1
846.9
847.8
848.6
849.4
850.3
851.1
852.0
852.8
853.7
854.5
855.3
856.2
857.0
857.9
858.7
859.6
860.4
861.3
862.1
862.9
863.8
864.6
865.5
866.3
867.2
868.0
868.8
869.7
870.5
871.4
872.2
873.1
873.9
874.8
875.6
876.4
877.3
878.1
879.0
879.8
880.7
881.5
882.3
883.2
884.0
884.9
885.7
886.6
887.4
888.2
889.1
889.9
890.8
891.6
892.5
893.3
894.2
895.0
895.8
896.7
897.5
898.4
899.2
NEXT_SERIES
-0.0501402875878
-0.0525112539849
-0.0575110008893
-0.0601650141306
-0.0625968202026
-0.065885561518
-0.0674002630202
-0.0679498432429
-0.0644332038544
-0.057973536792
-0.0489665791701
-0.0416215876475
-0.0334763594407
-0.0261575338638
-0.016480402139
-0.00838507092591
-0.00112920203729
0.00474023998696
0.010139924105
0.0136044267498
0.0157844302993
0.0153029812528
0.0149006849235
0.0123877334438
0.00993990849448
0.00606386940691
0.00404586063091
0.00123377250561
-0.000940715259702
-0.00377161087999
-0.00530644052544
-0.00608876213238
-0.00544042456791
-0.00422665892845
-0.0029568928524
-0.00250274820046
-0.00204730605273
-0.000278650772346
0.0010470368877
0.00295368857298
0.00369699964984
0.00598252525657
0.00711380417336
0.00987989571816
0.0121598525489
0.0152456007672
0.0176297259007
0.0196787358439
0.0219660032046
0.0236694709694
0.0259258756818
0.0277885593811
0.0294095811414
0.0305474572748
0.0317940489538
0.0330243081498
0.0338883039259
0.0353602128762
0.0364091352159
0.0371826767732
0.0372672415592
0.0371705870426
0.0368660875601
0.035906746124
0.0353645426767
0.0346989614339
0.0341716188436
0.0329159695409
0.0320023174463
0.0307165801488
0.0301406020772
0.0287096003839
0.0273965621868
0.0251985913029
0.0223186383155
0.0202060123111
0.0179798266824
0.0174258576751
0.0161010996228
0.0151571692939
0.0136551587907
0.0117333645563
0.0097607156262
0.0082120274882
0.0068228520224
0.00552448788485
0.00385957633452
0.00270125009871
0.00201495380871
0.00120869680726
-0.000941871726575
-0.00274170412312
-0.00404043240883
-0.00495177561233
-0.00619332405991
-0.00812678097894
-0.00931309601597
-0.0111547356778
-0.0121431335165
-0.0134439091483
-0.0146870290678
-0.0166271393554
-0.0177564670132
-0.0182805211277
-0.0189708169701
-0.0199591134551
-0.0217957967665
-0.0226615915669
-0.0242685766051
-0.0246022577059
-0.0256875994588
-0.0260069935935
-0.0263982258595
-0.0266949642632
-0.0269913583303
-0.0277760005146
-0.0287113609516
-0.0298065412479
-0.0302158277444
-0.030862471646
-0.0318830589064
-0.0322605714932
-0.0322339171497
-0.0319706767375
-0.0328662603738
-0.0335812871085
-0.0342279937465
-0.0338246441882
-0.0333585285109
-0.0329517931094
-0.0330164112951
-0.0345760148525
-0.0353153445041
-0.0365095848642
-0.0359355146701
-0.0363412679115
-0.0363049139336
-0.0362238997387
-0.036013264815
-0.0361440466132
-0.0358805576701
-0.0357563203851
-0.0349201885512
-0.0347892171464
-0.0347964783939
-0.0351931893898
-0.034920230658
-0.0338661835309
-0.033819931245
-0.0336089932245
-0.0334879668016
-0.0332402590166
-0.0332854749758
-0.034307945052
-0.0346761628223
-0.0351255754209
-0.0351983533139
-0.0356271394473
-0.0362170109759
-0.0356441236736
-0.0352577556389
-0.0356379692577
-0.0365253699616
-0.0368842001748
-0.0369379725399
-0.0378066390782
-0.0385091743424
-0.0390643146885
-0.0397691827018
-0.04012809516
-0.0405175281548
-0.0406043951423
-0.0414431880998
-0.0411028799225
-0.041399516907
-0.0416502209738
-0.0431920051483
-0.0427273261806
-0.0423628731162
-0.0414321612271
-0.0419190998246
-0.0425753648515
-0.0429571135871
-0.0432649001142
-0.0434027586223
-0.04437656265
-0.0449150511439
-0.0449660773388
-0.0446979966278
-0.0446680837345
-0.0447589354863
-0.0455196451045
-0.0454889504522
-0.0461089635415
-0.04533976761
-0.04574447317
-0.0454631771798
-0.0460475443635
-0.0459414224262
-0.0458193589868
-0.0454429515625
-0.0455422906013
-0.0456626840385
-0.0465182331331
-0.0462287196565
-0.0473472992618
-0.0476744922732
-0.0483707504658
-0.0482918443869
-0.0479872052574
-0.0486003033243
-0.0488386669471
-0.0489181225994
-0.0485151348716
-0.0481484816455
-0.0483922006101
-0.0488238338487
-0.0492416151834
-0.0494876725438
-0.0493227031631
-0.0493758563808
-0.0491756285858
-0.0491783625474
-0.0490187619518
-0.049601839612
-0.0502647435372
-0.0507205739885
-0.0509320827285
-0.050372523708
-0.050208571153
-0.0499781761452
-0.0499921267254
-0.0496683666914
-0.0494809292029
-0.0498786062861
-0.0503320045329
-0.0502024035604
-0.0502589549615
-0.0503647435814
-0.0507065248887
-0.0503651658763
-0.0501722640303
-0.0500221585894
-0.0505478471529
-0.0507571524682
-0.0510308725086
-0.0510124416767
-0.0508253940381
-0.050995072248
-0.0517303003556
-0.0520367551711
-0.0519690053373
-0.0513324324597
-0.0513883066448
-0.0517391543282
-0.0520126672021
-0.0521665390205
-0.05266909013
-0.0531852908103
-0.0535445957459
-0.0534732442787
-0.0532602647792
-0.0532568625897
-0.0531343920652
-0.0531823967373
-0.0535463943399
-0.0537955023111
-0.0539029108489
-0.0539008018163
-0.0539443314051
-0.0542409930397
-0.0538963337743
-0.0540854782967
-0.0533095497173
-0.0536456595709
-0.0529889099384
-0.053803010809
-0.0535573942871
-0.0531746863208
-0.0523942365948
-0.0520984619389
-0.0524563382281
-0.0527120927807
-0.0525855651268
-0.0523530567702
-0.0518967949093
-0.0523080411255
-0.0528082941814
-0.0527986953293
-0.0522517265037
-0.0520997143295
-0.0529165892024
-0.0539714634627
-0.0537690357748
-0.053400143641
-0.0528348282698
-0.0530066768295
-0.0532196787998
-0.0535087433615
-0.0532389523544
-0.053274068782
-0.0530881972198
-0.0532799301366
-0.0531005846003
-0.0528139661697
-0.0518844116261
-0.0519795269159
-0.0524586734476
-0.0534013701865
-0.0532810628771
-0.0529362824149
-0.0534007339897
-0.0536468141
-0.0539277101704
-0.0541255753936
-0.0545175422783
-0.0546386182432
-0.0541201392825
-0.0541774776451
-0.0541540534293
-0.0542372412268
-0.053902778866
-0.0534977080452
-0.0537987797142
-0.0534199171978
-0.0541460239574
-0.0534612659882
-0.0537382342237
-0.0531823413562
-0.0540456762238
-0.0536781640924
-0.0540994229964
-0.0531915553521
-0.0532729916471
-0.0524377660515
-0.0530818712383
-0.0526212091625
-0.0530045188145
-0.0521390999953
-0.0521513616626
-0.051466604168
-0.0520540350068
-0.0519521413161
-0.0527335714022
-0.0520414347031
-0.0522948555177
-0.0516136550344
-0.0512320604593
-0.0509992080392
-0.0508016654126
-0.0511673084024
-0.0505627787637
-0.0501789021109
-0.0497893465472
-0.0499616164622
-0.0496080005561
-0.0491949199446
-0.0485876147903
-0.0488216114169
-0.0484824717376
-0.048706490172
-0.0485277357807
-0.04873562903
-0.0484094791743
-0.0476515510115
-0.0470062454883
-0.0466759234984
-0.0466343039139
-0.0463769047567
-0.0458116238867
-0.0453053495789
-0.0446013912911
-0.0437543245946
-0.0435609827748
-0.0433807373046
-0.0434090126244
-0.0426635642827
-0.0424013290534
-0.0422747210981
-0.041979657964
-0.0420222633251
-0.0420819654003
-0.0420641818859
-0.0418547789816
-0.0408569293198
-0.0411343240017
-0.0411029722622
-0.0419096340651
-0.0418236283958
-0.0412759935778
-0.0411906834116
-0.0406418916967
-0.0415216366557
-0.0411613684663
-0.0416251492485
-0.0413008913658
-0.0413419895671
-0.0413753971074
-0.0409352497315
-0.0411346838205
-0.0400803532864
-0.0399175862065
-0.038441046793
-0.0386387729375
-0.0381714750898
-0.0386098931518
-0.0387075414054
-0.0385688522316
-0.0388938872155
-0.0386511426753
-0.0391462973397
-0.0391068554568
-0.0394701180444
-0.0389285507544
-0.0384267260666
-0.0378924985172
-0.0381191835032
-0.0382471559711
-0.0379534317835
-0.0378651541915
-0.0380444434224
-0.0375536162891
-0.0367371299858
-0.0355033562121
-0.0357026168277
-0.0354435788619
-0.0353374005337
-0.0348538719229
-0.0347154769856
-0.0340997049365
-0.0337737216131
-0.0331862631299
-0.0329825009118
-0.0327677285463
-0.0326208275484
-0.0326401867632
-0.0324220479212
-0.03218934011
-0.0323178138862
-0.0318928501904
-0.0321731162022
-0.0317696619675
-0.0321083844948
-0.0315398403333
-0.0317039263649
-0.0315113119345
-0.0315686557929
-0.0311916351222
-0.0310744190378
-0.0309756972328
-0.0308581923983
-0.0309296965176
-0.0313673718056
-0.0319146352642
-0.0315386915746
-0.0309312655119
-0.0300004455409
-0.0298341912888
-0.0296489522349
-0.0299299722338
-0.0303035320715
-0.0303756182025
-0.0298291900779
-0.0289309321466
-0.02812206351
-0.0280708225625
-0.0280330019902
-0.0281653981514
-0.0283220395744
-0.0280328521682
-0.02728732986
-0.0264217340999
-0.0256038052653
-0.0253603963863
-0.0248474018241
-0.0253355792159
-0.0255274535927
-0.0256802818894
-0.0252595163021
-0.0250168104732
-0.0242557819972
-0.0236795233253
-0.0232023896351
-0.0231967188948
-0.0230460071545
-0.0231287285466
-0.0234691501464
-0.0235835678324
-0.0231651745781
-0.0221555938046
-0.0211913315211
-0.02070619968
-0.02100219566
-0.0213600709951
-0.0212158699583
-0.021068719299
-0.0207263281231
-0.0206977098403
-0.0196834499013
-0.0190825497718
-0.0182304417658
-0.0181436301673
-0.0179120545279
-0.0176788894832
-0.0177730170281
-0.017521592306
-0.0179068754363
-0.0168158747034
-0.0162633757812
-0.0150633716933
-0.0147788950472
-0.0149142836583
-0.0151418420773
-0.0161070722595
-0.0158707639689
-0.0155076245436
-0.0145325895839
-0.0139568242983
-0.0136423905904
-0.0133423383882
-0.0129033144393
-0.0127481681204
-0.0128336107483
-0.0134225180653
-0.0131021131594
-0.0129040456654
-0.0127984654623
-0.0133831489623
-0.0132184397819
-0.0130590878257
-0.0125956301746
-0.0122345572902
-0.0121089410276
-0.0119617323008
-0.0116800818111
-0.0107203352303
-0.0100425866357
-0.00982181140847
-0.00957046663188
-0.00897364569405
-0.00851832365956
-0.00753058640346
-0.00664461407086
-0.00596835620993
-0.00560415130158
-0.00584572181101
-0.00551148684832
-0.00606008748696
-0.00590171706809
-0.00656080331711
-0.00687110331849
-0.00687032335827
-0.0058442217492
-0.0048296467145
-0.00426883934639
-0.00391676916799
-0.00407248848434
-0.00501209679145
-0.00618317751699
-0.00671079035521
-0.0070237900467
-0.00684517574844
-0.00618604037446
-0.00504669558142
-0.00425346234796
-0.00351270398678
-0.00273447477965
-0.00267212174347
-0.00325024959862
-0.00359205666157
-0.00354988758355
-0.00297024495838
-0.00299145424768
-0.00263203912412
-0.00202056878136
-0.00180535154127
-0.00104513569574
-0.000741628597187
-0.000313294197594
-8.04237088086e-05
-0.000666270954588
-0.000376841322146
-0.000663368917864
7.07580920007e-05
0.000385244232056
0.000341401860672
0.00076534579809
0.00140668240759
0.00221820624177
0.00210027596487
0.0016814569354
0.0013019781435
0.00127967626779
0.000680899442898
0.000466756474224
-0.000448389824066
-0.000582928168269
-0.000956615956862
-0.00100413878255
-0.000578405218659
-0.000892741122982
-0.000690591071542
-0.00139537175794
-0.00105690884408
-0.00188387164189
-0.00276437137168
-0.00435347203575
-0.00410303850517
-0.00362526684036
-0.00321105742891
-0.00312884515724
-0.00318355862664
-0.00280326867985
-0.00356809921834
-0.00386993699179
-0.00482993921215
-0.00470510749047
-0.00536592955466
-0.00517925462668
-0.00614903875652
-0.00659572023963
-0.00684408489986
-0.00729311434122
-0.00783635046475
-0.00821507832508
-0.00831748126006
-0.00806019689078
-0.00904244318331
-0.0100956813947
-0.0111233188007
-0.0112126446481
-0.0113724536902
-0.0118145122685
-0.0129053684048
-0.0139608364179
-0.0151187652066
-0.0161420524258
-0.0159445940741
-0.0175730107917
-0.0187178574179
-0.0208376502017
-0.0216122654423
-0.0228892862722
-0.0234663179079
-0.0240177961896
-0.024802576611
-0.0254164718426
-0.026289705881
-0.0261564973386
-0.0279939856554
-0.0283079561698
-0.0299505463346
-0.0290675924324
-0.029786019436
-0.0300381257749
END
