380.3
381.1
381.9
382.7
383.5
384.4
385.2
386.0
386.8
387.6
388.4
389.2
390.1
390.9
391.7
392.5
393.3
394.1
394.9
395.8
396.6
397.4
398.2
399.0
399.8
400.6
401.5
402.3
403.1
403.9
404.7
405.5
406.3
407.2
408.0
408.8
409.6
410.4
411.2
412.0
412.8
413.7
414.5
415.3
416.1
416.9
417.7
418.5
419.4
420.2
421.0
421.8
422.6
423.4
424.2
425.1
425.9
426.7
427.5
428.3
429.1
429.9
430.8
431.6
432.4
433.2
434.0
434.8
435.6
436.4
437.3
438.1
438.9
439.7
440.5
441.3
442.1
443.0
443.8
444.6
445.4
446.2
447.0
447.8
448.7
449.5
450.3
451.1
451.9
452.7
453.5
454.4
455.2
456.0
456.8
457.6
458.4
459.2
460.0
460.9
461.7
462.5
463.3
464.1
464.9
465.7
466.6
467.4
468.2
469.0
469.8
470.6
471.4
472.3
473.1
473.9
474.7
475.5
476.3
477.1
478.0
478.8
479.6
480.4
481.2
482.0
482.8
483.6
484.5
485.3
486.1
486.9
487.7
488.5
489.3
490.2
491.0
491.8
492.6
493.4
494.2
495.0
495.9
496.7
497.5
498.3
499.1
499.9
500.7
501.6
502.4
503.2
504.0
504.8
505.6
506.4
507.2
508.1
508.9
509.7
510.5
511.3
512.1
512.9
513.7
514.5
515.3
516.1
516.8
517.6
518.4
519.2
520.0
520.8
521.5
522.3
523.1
523.9
524.7
525.5
526.2
527.0
527.8
528.6
529.4
530.2
530.9
531.7
532.5
533.3
534.1
534.9
535.6
536.4
537.2
538.0
538.8
539.6
540.3
541.1
541.9
542.7
543.5
544.3
545.0
545.8
546.6
547.4
548.2
549.0
549.7
550.5
551.3
552.1
552.9
553.7
554.4
555.2
556.0
556.8
557.6
558.4
559.1
559.9
560.7
561.5
562.3
563.1
563.8
564.6
565.4
566.2
567.0
567.8
568.5
569.3
570.1
570.9
571.7
572.5
573.2
574.0
574.8
575.6
576.4
577.2
577.9
578.7
579.5
580.3
581.1
581.9
582.6
583.4
584.2
585.0
585.8
586.6
587.3
588.1
588.9
589.6
590.3
591.1
591.8
592.6
593.3
594.0
594.8
595.5
596.3
597.0
597.7
598.5
599.2
600.0
600.7
601.5
602.2
602.9
603.7
604.4
605.2
605.9
606.6
607.4
608.1
608.9
609.6
610.3
611.1
611.8
612.6
613.3
614.0
614.8
615.5
616.3
617.0
617.7
618.5
619.2
620.0
620.7
621.4
622.2
622.9
623.7
624.4
625.2
625.9
626.6
627.4
628.1
628.9
629.6
630.3
631.1
631.8
632.6
633.3
634.0
634.8
635.5
636.3
637.0
637.7
638.5
639.2
640.0
640.7
641.4
642.2
642.9
643.7
644.4
645.1
645.9
646.6
647.4
648.1
648.8
649.6
650.3
651.1
651.8
652.6
653.3
654.0
654.8
655.5
656.3
657.0
657.7
658.5
659.2
660.0
660.7
661.4
662.2
662.9
663.7
664.4
665.1
665.9
666.6
667.4
668.1
668.9
669.6
670.4
671.2
671.9
672.7
673.4
674.2
674.9
675.7
676.5
677.2
678.0
678.7
679.5
680.2
681.0
681.8
682.5
683.3
684.0
684.8
685.5
686.3
687.1
687.8
688.6
689.3
690.1
690.8
691.6
692.4
693.1
693.9
694.6
695.4
696.1
696.9
697.7
698.4
699.2
699.9
700.7
701.4
702.2
703.0
703.7
704.5
705.2
706.0
706.8
707.6
708.4
709.2
710.0
710.8
711.6
712.4
713.2
714.0
714.8
715.6
716.4
717.2
718.0
718.8
719.6
720.4
721.2
722.0
722.8
723.6
724.4
725.2
726.0
726.8
727.6
728.4
729.2
730.0
730.8
731.6
732.4
733.2
734.0
734.8
735.6
736.4
737.2
738.0
738.8
739.6
740.4
741.2
742.0
742.8
743.6
744.4
745.2
746.0
746.8
747.6
748.4
749.2
750.0
750.8
751.6
752.4
753.2
754.0
754.8
755.6
756.4
757.2
758.0
758.8
759.6
760.4
761.2
762.0
762.8
763.6
764.4
765.2
766.0
766.8
767.6
768.4
769.2
770.0
770.8
771.6
772.4
773.2
774.1
774.9
775.7
776.5
777.3
778.1
778.9
779.7
780.5
781.3
782.1
782.9
783.7
784.5
785.3
786.1
786.9
787.7
788.5
789.3
790.1
790.9
791.7
792.5
793.3
794.1
794.9
795.7
796.5
797.3
798.1
798.9
799.7
800.5
801.3
802.1
802.9
803.7
804.5
805.3
806.1
806.9
807.7
808.5
809.3
810.1
810.9
811.7
812.5
813.3
814.1
814.9
815.7
816.5
817.3
818.1
818.9
819.7
820.5
821.3
822.1
822.9
823.7
824.5
825.3
826.1
826.9
827.7
828.5
829.3
830.1
830.9
831.7
832.6
833.4
834.3
835.1
835.9
836.8
837.6
838.5
839.3
840.2
841.0
841.9
842.7
843.5
844.4
845.2
846.1
846.9
847.8
848.6
849.4
850.3
851.1
852.0
852.8
853.7
854.5
855.3
856.2
857.0
857.9
858.7
859.6
860.4
861.3
862.1
862.9
863.8
864.6
865.5
866.3
867.2
868.0
868.8
869.7
870.5
871.4
872.2
873.1
873.9
874.8
875.6
876.4
877.3
878.1
879.0
879.8
880.7
881.5
882.3
883.2
884.0
884.9
885.7
886.6
887.4
888.2
889.1
889.9
890.8
891.6
892.5
893.3
894.2
895.0
895.8
896.7
897.5
898.4
899.2
NEXT_SERIES
0.569793670546
0.565603238745
0.566031548273
0.564309410088
0.569805902792
0.570842839876
0.58489769864
0.597698427681
0.613641213005
0.628314417333
0.647198190596
0.670241976816
0.693232670753
0.717268665496
0.739531784662
0.762412856311
0.780040664808
0.795844753208
0.809044776904
0.819829320678
0.825460463208
0.825882934538
0.823177709781
0.819672939857
0.813269526786
0.804538770479
0.795303223501
0.785977399441
0.779366212122
0.770688058392
0.762736068884
0.754840030747
0.748833765915
0.746198355611
0.74317734747
0.74212045824
0.739529658142
0.738643764746
0.738659741014
0.740687465989
0.742769665222
0.745342611885
0.748305097263
0.751840727485
0.755363821184
0.759067276561
0.762648034439
0.765470567543
0.76851872597
0.772340408589
0.774204110872
0.77649989474
0.775700079703
0.77629486062
0.776948792954
0.778233737838
0.779862562236
0.77948322889
0.780748061177
0.780496899224
0.781143070782
0.781030382174
0.780505829624
0.778189545325
0.77662419634
0.775168583411
0.772822119652
0.769454288539
0.766708212639
0.76438517283
0.762334387976
0.757962183737
0.753944027717
0.749469081738
0.745395154548
0.741758686806
0.736894041503
0.732817220139
0.729283885905
0.725658557254
0.721852457219
0.716450725986
0.710653552768
0.707091093847
0.703276387807
0.700090200656
0.69523200715
0.691993027024
0.688906679953
0.685857062301
0.682498213675
0.67914919609
0.675662997608
0.6705363918
0.667771717239
0.664113081868
0.661799194881
0.656529378944
0.654039269692
0.649673593048
0.647922744189
0.644632707985
0.643910002736
0.642876029928
0.642711608339
0.64227932305
0.640214512409
0.640323263986
0.639321825415
0.639096859792
0.637008900249
0.636175174474
0.635560344534
0.635466366438
0.636734304842
0.638559728251
0.639306444049
0.638255446458
0.638778218796
0.639322155723
0.639791123846
0.640499490418
0.643232224229
0.646367889763
0.646995811241
0.646721976858
0.64695390935
0.650227577122
0.652037922591
0.653131465868
0.653289097604
0.654585657684
0.657038441102
0.658195121924
0.658918605159
0.661106563559
0.662097985277
0.665703905732
0.666176371605
0.669151121652
0.670480670649
0.674012147382
0.675148453224
0.675323591151
0.674859474762
0.675243198678
0.67666201976
0.677797897951
0.678254959027
0.680020810887
0.680659733211
0.681107348225
0.678504636458
0.6741918775
0.670767985508
0.667575588258
0.665964964318
0.663087456551
0.66017849938
0.659347545697
0.658212588739
0.655921925683
0.653902775836
0.652498575079
0.650245398699
0.645375033374
0.641246844846
0.638442205335
0.634792212796
0.630334383813
0.627034194943
0.625196582851
0.622581011069
0.620305174105
0.617902782117
0.616120568689
0.613905592666
0.613609966593
0.612096931817
0.611155782875
0.608154984122
0.607290817723
0.604546624778
0.601864552148
0.598770872599
0.595986423347
0.593094995476
0.58946679644
0.586848932051
0.583588402191
0.581008935074
0.577827304638
0.576078207724
0.57430472855
0.572255185201
0.569941498005
0.568295701354
0.566116361273
0.56363454799
0.559427146959
0.557341661101
0.555203141001
0.553872788626
0.549874371642
0.545777106963
0.541572676666
0.538878067092
0.534251867146
0.530291172677
0.526745696849
0.523963115303
0.520490133288
0.516554525382
0.513903956687
0.511380707285
0.508225301628
0.504437076132
0.501428682097
0.499137927192
0.496749275943
0.493414576287
0.489063505906
0.485286377764
0.48092737016
0.475564869346
0.470546106509
0.465736394775
0.462323842567
0.458191940485
0.454875231964
0.451711178579
0.449574559431
0.446459758424
0.442865520205
0.438075366098
0.435290632491
0.432829553962
0.43072703242
0.427538150716
0.423939896492
0.420420167989
0.416300316012
0.412859248395
0.408882490431
0.405133053691
0.401402985531
0.397528337325
0.39368083907
0.389499143682
0.386179791206
0.383275249846
0.380472968576
0.377822400716
0.374651653086
0.373092162669
0.369754092852
0.367906441541
0.364258997583
0.362265297386
0.358929873161
0.356221161522
0.3529434777
0.348957558375
0.346115029263
0.342158871297
0.339455852598
0.336062398093
0.334285523808
0.33128922529
0.327907030238
0.324662243202
0.322176235477
0.320569579192
0.319512319235
0.318741241397
0.318284235277
0.316463013688
0.315681148696
0.313847717937
0.314282484724
0.314479501864
0.313739154537
0.311478024196
0.308681098855
0.307136465097
0.305510090712
0.30346033528
0.301287915924
0.2988984438
0.297975989021
0.295878045758
0.295244452386
0.29263615587
0.292341394336
0.291015494226
0.291598912412
0.290305509542
0.290223698201
0.289370854772
0.290901759459
0.291690494708
0.293457048647
0.293767974039
0.29365381083
0.293072913732
0.293472612504
0.293077228925
0.291629760727
0.289193089274
0.287721262536
0.286611903464
0.285490937677
0.283367532169
0.281594145772
0.279634632436
0.278499893776
0.278058706326
0.277433821382
0.276287374241
0.274450983384
0.273514071793
0.273438426433
0.273725452766
0.272949142007
0.272215313715
0.270444273603
0.269929477547
0.268773229288
0.269173035069
0.267486805917
0.268060906944
0.26620214806
0.266278248348
0.264016324559
0.26397835027
0.261894952696
0.261994489864
0.259515431524
0.259613953411
0.257396841633
0.258740478842
0.258316767727
0.260756818481
0.260480309455
0.261760616413
0.260859966728
0.262209456434
0.263002566223
0.263554874513
0.264065733039
0.263558828465
0.265235408283
0.266287482302
0.26973329086
0.271336628897
0.272734463911
0.272657944921
0.274576013512
0.276195568826
0.280380986428
0.282577121711
0.285482108833
0.286700326318
0.290242811528
0.294986530128
0.300557032342
0.305134414977
0.308416135921
0.310561379637
0.314028301998
0.318561129425
0.324598168367
0.329644458238
0.334028982877
0.336507026914
0.337851631149
0.339642475739
0.342464610511
0.345834177723
0.349362967025
0.350790667339
0.350558091014
0.347013019826
0.344617617869
0.343832064973
0.344249460524
0.344135545338
0.340669493338
0.336228252171
0.330610048675
0.325850562728
0.323713182813
0.320016071954
0.318127074363
0.311656965428
0.30615244808
0.298509964855
0.292642121488
0.289372615302
0.286310270111
0.284550198947
0.280012840406
0.275445882802
0.269285892616
0.264552390067
0.261467677848
0.260982270682
0.261276661485
0.258883150768
0.254675866622
0.248531685247
0.245062585352
0.242373477006
0.242779297674
0.243484116946
0.2431633735
0.241265880044
0.237297120456
0.235574827
0.233475922058
0.233428101634
0.2343017125
0.235056823526
0.236711211085
0.235683123273
0.23525046476
0.233676706685
0.232673365379
0.233405892185
0.235243584981
0.237374889634
0.237795247541
0.236764931084
0.235113941221
0.233143259898
0.232012136678
0.232293032589
0.234716891048
0.235849803863
0.236441243725
0.234655354245
0.23325616291
0.231236399871
0.229921939164
0.230011874754
0.231809638548
0.232958600305
0.233305792922
0.230957234684
0.229106094099
0.226798807433
0.226182234108
0.226029341304
0.226882877586
0.228051259299
0.22896278369
0.228584065416
0.22758106184
0.226453837379
0.225348049965
0.224914975641
0.224486201692
0.225872333989
0.226917056269
0.227979617633
0.227355691979
0.226664073469
0.225750213672
0.22614799357
0.226579352235
0.229294789144
0.231043469836
0.23338759151
0.233088898028
0.232984507654
0.230234388622
0.228436320668
0.22656129749
0.227290160328
0.228780251475
0.230694420993
0.230993691426
0.230778468277
0.229879009777
0.228765846486
0.225977726329
0.224590323264
0.223733703936
0.225540175287
0.22665667842
0.22841443532
0.229686901612
0.229151116217
0.228593042218
0.227044903255
0.226143801877
0.226195715749
0.225985485457
0.228039237929
0.229433130751
0.231310893786
0.231868090431
0.232046348712
0.232310722859
0.23090823321
0.230830360545
0.229637965541
0.231677232646
0.232455142999
0.234854445079
0.237220026485
0.238365162604
0.239066554242
0.236974185884
0.236836874185
0.236516571792
0.237944654685
0.238507331443
0.239850530647
0.240104725656
0.241876582348
0.242696914805
0.243374789336
0.241156123786
0.239083741849
0.237042317532
0.23653837036
0.235940483395
0.235802169333
0.236487794232
0.237373749408
0.239329207325
0.239606082331
0.239765902011
0.238801112204
0.238349790106
0.238326926623
0.239592470524
0.242264712438
0.245866545023
0.248893893609
0.25150801792
0.253825704712
0.25591091839
0.256964651878
0.255803016104
0.254799263546
0.253700821725
0.254870847789
0.254872759336
0.255684144643
0.256653006033
0.258085274622
0.258964016289
0.259018150824
0.257633008384
0.256260832988
0.252288554039
0.249855158449
0.247100791867
0.246947051912
0.246907437767
0.248648148215
0.250737806951
0.253423602847
0.25500369723
0.25509205573
0.254164843639
0.252062660591
0.25148978679
0.250799516842
0.250498056504
0.250054105949
0.250988338935
0.252362143759
0.25322937726
0.254830660451
0.256530220989
0.257858737749
0.258231147902
0.257801272765
0.257196241839
0.256656306733
0.256959079887
0.258459639761
0.260247958815
0.26285519687
0.265029338526
0.267106061796
0.268619662186
0.268970287586
0.268690154397
0.267733813415
0.266076642859
0.264468284211
0.263536387618
0.264002029967
0.263782361825
0.263879749372
0.264266896326
0.265220831086
0.265805744437
0.264932027955
0.26357899609
0.260822420518
0.259432910083
0.257744671113
0.257970637457
0.257509153664
0.258285367286
0.258399026445
0.258836196186
0.258817762702
0.258717847866
0.259899458223
0.259981063332
0.260067204002
0.258160459521
0.25715224496
0.255802884923
0.254524698968
0.254411695532
0.253353706278
0.253768542346
0.253568611665
0.254036182386
0.253995587278
0.253188070285
0.253295615942
0.253342912654
0.252883655685
0.251604091305
0.250610380959
0.249989453934
0.249061054666
0.246935485129
0.243979917763
0.242484342507
0.238948211214
0.237051809019
0.233763282038
0.232662724248
0.229140380683
0.225350722071
0.222182858621
0.221064841952
0.220039066835
0.217381851426
0.215683277521
0.212735470851
0.212117585099
0.208645501032
0.208329196007
0.206303246349
0.20491054209
END
