380.3
381.1
381.9
382.7
383.5
384.4
385.2
386.0
386.8
387.6
388.4
389.2
390.1
390.9
391.7
392.5
393.3
394.1
394.9
395.8
396.6
397.4
398.2
399.0
399.8
400.6
401.5
402.3
403.1
403.9
404.7
405.5
406.3
407.2
408.0
408.8
409.6
410.4
411.2
412.0
412.8
413.7
414.5
415.3
416.1
416.9
417.7
418.5
419.4
420.2
421.0
421.8
422.6
423.4
424.2
425.1
425.9
426.7
427.5
428.3
429.1
429.9
430.8
431.6
432.4
433.2
434.0
434.8
435.6
436.4
437.3
438.1
438.9
439.7
440.5
441.3
442.1
443.0
443.8
444.6
445.4
446.2
447.0
447.8
448.7
449.5
450.3
451.1
451.9
452.7
453.5
454.4
455.2
456.0
456.8
457.6
458.4
459.2
460.0
460.9
461.7
462.5
463.3
464.1
464.9
465.7
466.6
467.4
468.2
469.0
469.8
470.6
471.4
472.3
473.1
473.9
474.7
475.5
476.3
477.1
478.0
478.8
479.6
480.4
481.2
482.0
482.8
483.6
484.5
485.3
486.1
486.9
487.7
488.5
489.3
490.2
491.0
491.8
492.6
493.4
494.2
495.0
495.9
496.7
497.5
498.3
499.1
499.9
500.7
501.6
502.4
503.2
504.0
504.8
505.6
506.4
507.2
508.1
508.9
509.7
510.5
511.3
512.1
512.9
513.7
514.5
515.3
516.1
516.8
517.6
518.4
519.2
520.0
520.8
521.5
522.3
523.1
523.9
524.7
525.5
526.2
527.0
527.8
528.6
529.4
530.2
530.9
531.7
532.5
533.3
534.1
534.9
535.6
536.4
537.2
538.0
538.8
539.6
540.3
541.1
541.9
542.7
543.5
544.3
545.0
545.8
546.6
547.4
548.2
549.0
549.7
550.5
551.3
552.1
552.9
553.7
554.4
555.2
556.0
556.8
557.6
558.4
559.1
559.9
560.7
561.5
562.3
563.1
563.8
564.6
565.4
566.2
567.0
567.8
568.5
569.3
570.1
570.9
571.7
572.5
573.2
574.0
574.8
575.6
576.4
577.2
577.9
578.7
579.5
580.3
581.1
581.9
582.6
583.4
584.2
585.0
585.8
586.6
587.3
588.1
588.9
589.6
590.3
591.1
591.8
592.6
593.3
594.0
594.8
595.5
596.3
597.0
597.7
598.5
599.2
600.0
600.7
601.5
602.2
602.9
603.7
604.4
605.2
605.9
606.6
607.4
608.1
608.9
609.6
610.3
611.1
611.8
612.6
613.3
614.0
614.8
615.5
616.3
617.0
617.7
618.5
619.2
620.0
620.7
621.4
622.2
622.9
623.7
624.4
625.2
625.9
626.6
627.4
628.1
628.9
629.6
630.3
631.1
631.8
632.6
633.3
634.0
634.8
635.5
636.3
637.0
637.7
638.5
639.2
640.0
640.7
641.4
642.2
642.9
643.7
644.4
645.1
645.9
646.6
647.4
648.1
648.8
649.6
650.3
651.1
651.8
652.6
653.3
654.0
654.8
655.5
656.3
657.0
657.7
658.5
659.2
660.0
660.7
661.4
662.2
662.9
663.7
664.4
665.1
665.9
666.6
667.4
668.1
668.9
669.6
670.4
671.2
671.9
672.7
673.4
674.2
674.9
675.7
676.5
677.2
678.0
678.7
679.5
680.2
681.0
681.8
682.5
683.3
684.0
684.8
685.5
686.3
687.1
687.8
688.6
689.3
690.1
690.8
691.6
692.4
693.1
693.9
694.6
695.4
696.1
696.9
697.7
698.4
699.2
699.9
700.7
701.4
702.2
703.0
703.7
704.5
705.2
706.0
706.8
707.6
708.4
709.2
710.0
710.8
711.6
712.4
713.2
714.0
714.8
715.6
716.4
717.2
718.0
718.8
719.6
720.4
721.2
722.0
722.8
723.6
724.4
725.2
726.0
726.8
727.6
728.4
729.2
730.0
730.8
731.6
732.4
733.2
734.0
734.8
735.6
736.4
737.2
738.0
738.8
739.6
740.4
741.2
742.0
742.8
743.6
744.4
745.2
746.0
746.8
747.6
748.4
749.2
750.0
750.8
751.6
752.4
753.2
754.0
754.8
755.6
756.4
757.2
758.0
758.8
759.6
760.4
761.2
762.0
762.8
763.6
764.4
765.2
766.0
766.8
767.6
768.4
769.2
770.0
770.8
771.6
772.4
773.2
774.1
774.9
775.7
776.5
777.3
778.1
778.9
779.7
780.5
781.3
782.1
782.9
783.7
784.5
785.3
786.1
786.9
787.7
788.5
789.3
790.1
790.9
791.7
792.5
793.3
794.1
794.9
795.7
796.5
797.3
798.1
798.9
799.7
800.5
801.3
802.1
802.9
803.7
804.5
805.3
806.1
806.9
807.7
808.5
809.3
810.1
810.9
811.7
812.5
813.3
814.1
814.9
815.7
816.5
817.3
818.1
818.9
819.7
820.5
821.3
822.1
822.9
823.7
824.5
825.3
826.1
826.9
827.7
828.5
829.3
830.1
830.9
831.7
832.6
833.4
834.3
835.1
835.9
836.8
837.6
838.5
839.3
840.2
841.0
841.9
842.7
843.5
844.4
845.2
846.1
846.9
847.8
848.6
849.4
850.3
851.1
852.0
852.8
853.7
854.5
855.3
856.2
857.0
857.9
858.7
859.6
860.4
861.3
862.1
862.9
863.8
864.6
865.5
866.3
867.2
868.0
868.8
869.7
870.5
871.4
872.2
873.1
873.9
874.8
875.6
876.4
877.3
878.1
879.0
879.8
880.7
881.5
882.3
883.2
884.0
884.9
885.7
886.6
887.4
888.2
889.1
889.9
890.8
891.6
892.5
893.3
894.2
895.0
895.8
896.7
897.5
898.4
899.2
NEXT_SERIES
0.0809031848476
0.0787109943975
0.0757036078736
0.073887822722
0.0738035764427
0.0753156815309
0.0802951696971
0.0886723331974
0.09888377462
0.110097050611
0.120904770519
0.130914089176
0.141871272498
0.155415031155
0.168797053569
0.182580184317
0.19387961707
0.205535097167
0.213307557253
0.218152749491
0.220384431485
0.220360907422
0.21925548464
0.215412578922
0.210649211087
0.204223146069
0.198444211018
0.192934522794
0.187606802398
0.182472806383
0.178681963275
0.17603993449
0.174336416233
0.173259304926
0.174168421807
0.174927413004
0.175973731167
0.177115203612
0.179625216678
0.182307571297
0.184970115014
0.187810706931
0.190732013355
0.194815090644
0.199005223985
0.202958805519
0.205723147748
0.207665670961
0.210431955503
0.212833693126
0.214829389436
0.216703170087
0.217692309911
0.21942620172
0.221166917318
0.223168333457
0.224422235396
0.22571589866
0.226414452584
0.226452481972
0.225562528231
0.224794449184
0.224765305267
0.223696643091
0.222817983849
0.22145944162
0.220123388667
0.217791616022
0.216062883443
0.214543565459
0.21356564541
0.210793748473
0.207930369358
0.204565488084
0.201272424634
0.19764860407
0.194784414248
0.192229649593
0.190204074056
0.186783026595
0.184259720708
0.181424516188
0.178294254768
0.175306932555
0.172627623707
0.170157802149
0.167924648416
0.165270923072
0.163525988071
0.161213845759
0.158575878139
0.156803981286
0.154509164911
0.152457711473
0.149517107527
0.146522630372
0.142991419216
0.140273583707
0.138754182953
0.137602946098
0.135714749343
0.131709618088
0.128648930276
0.127301423646
0.126665239034
0.125814460987
0.124281540668
0.123403766167
0.121218889407
0.119805375339
0.118318983306
0.11763773072
0.11608867461
0.115424326379
0.11453385551
0.11396171682
0.113473827011
0.11321229167
0.11212499075
0.11031016587
0.109084068953
0.108795352927
0.109192048003
0.109094138177
0.10816295306
0.107066647197
0.107672669411
0.108143612965
0.109141947373
0.108067350691
0.10864512038
0.107499971196
0.107334331267
0.106041055653
0.106397686974
0.106312744106
0.10678613082
0.107500609258
0.107882354884
0.108614137623
0.108485905621
0.109631258683
0.109561396993
0.109775721287
0.109521524154
0.109987840281
0.111036247053
0.112333850811
0.112996894006
0.114078772466
0.114673883239
0.114126278858
0.112910317443
0.111453313853
0.110903426086
0.110801487281
0.110354402402
0.109657268915
0.108603642173
0.108656379929
0.109103950836
0.108695699113
0.108164508056
0.107970239549
0.107572870427
0.106325781383
0.105135905684
0.103909826844
0.102487933695
0.100937827397
0.100094001006
0.0994811139091
0.0989930588494
0.0983318183679
0.0979889171718
0.0977538759759
0.0972132371713
0.0971280250881
0.096222652508
0.0962768193989
0.0954896413275
0.0958670237366
0.0954650287994
0.0954243111867
0.0945090874475
0.0932424954278
0.0919332767996
0.0908237789924
0.0898773812611
0.0895977341246
0.0897152105747
0.0894332455694
0.0892645689699
0.0880341323105
0.0881537367214
0.0872704526998
0.0874599805183
0.0874400188522
0.0872468545193
0.0868287942303
0.0860870663388
0.0859328249808
0.0858151011965
0.0851590462505
0.0846069901696
0.0828880321008
0.0814288704084
0.0798976171237
0.0790411883656
0.078597634742
0.0773990097255
0.0762827661981
0.0754036322985
0.0757155441826
0.0760538999519
0.0759617730722
0.0752903553523
0.0745265378675
0.0740269361294
0.0737725909142
0.0732655028155
0.0721796659864
0.0713726136935
0.0712106158594
0.0704647168414
0.0693412997964
0.0676221824502
0.067040005533
0.0662084637573
0.0655895411545
0.0646514942228
0.0643600730251
0.0639499413923
0.0632627364031
0.0627282689956
0.0616382017565
0.0618328487523
0.0612020993758
0.0605153594483
0.0590974139241
0.058107308959
0.0580471764812
0.0574412328169
0.056324524009
0.0554300983199
0.0545106602499
0.053809350173
0.0528383104831
0.0520214131527
0.0506729311465
0.0502625422435
0.0497316066339
0.0495882424644
0.0484228115912
0.0483117199597
0.0474604610462
0.0474412396523
0.0461556785943
0.0461380276033
0.045124177882
0.0441557227893
0.0436261663016
0.0420928231105
0.0420479018048
0.0408188059072
0.0403677059619
0.0387754520346
0.0380232991325
0.0369601535033
0.0365013487848
0.0355967547931
0.0351707313359
0.0344581146366
0.0346026803817
0.0352617943181
0.035759077804
0.0349691865381
0.03418852712
0.0337634406399
0.0350958682804
0.0355594200167
0.035238454803
0.0337669948602
0.0329242173907
0.033391037267
0.0333729966723
0.0322556705209
0.0301322395612
0.028693452188
0.0296105251077
0.0293609071555
0.0283035052479
0.0255076728721
0.0253506523337
0.0256153519023
0.0268874787061
0.0263398393117
0.0259586645758
0.0247921014429
0.0254919942484
0.0260995812919
0.027201713272
0.0265017356506
0.0262728835808
0.0258902972126
0.0271893881265
0.0269225858843
0.0264422808662
0.0246454111042
0.0242732759488
0.0242270766962
0.0241759883728
0.0229937642642
0.0218521691883
0.0202132077655
0.0199005598719
0.0195226270987
0.0198823998791
0.0193136452993
0.0186428657862
0.0182550053366
0.0188303433454
0.0194638730006
0.0191335235193
0.0180745335563
0.017079422137
0.0176577975468
0.0183661127831
0.0195973555836
0.0184318693858
0.0178506146134
0.0162909535781
0.0170057737988
0.0168895174743
0.0176354467593
0.0164075160468
0.0165115440502
0.0149568633181
0.0154695909309
0.01474295044
0.0160708800354
0.0156159263471
0.0158959639738
0.0145324936583
0.0151481767887
0.0148760693966
0.0160073461307
0.0161324934401
0.0159560510848
0.0151061705738
0.0145321606565
0.0150885670895
0.0160676657882
0.0168360516458
0.0168059507163
0.0164954396973
0.0154703855308
0.0157350100822
0.0154349801402
0.0169847370508
0.0168978340973
0.0169631050679
0.0160670789846
0.0161267037129
0.0173059864008
0.0186811374742
0.019702991652
0.0196470974085
0.0197325901912
0.0203634673155
0.0224235658945
0.0237787136839
0.0252500188374
0.0253274759078
0.02533188515
0.0247060734852
0.0249247889319
0.0257261339868
0.0270228199866
0.027872525962
0.0272809061649
0.0259215761678
0.0244437909456
0.0243166182002
0.0251550383619
0.0257013177975
0.0259414245998
0.024752731486
0.0236554297427
0.0222289418874
0.02198323681
0.0229265853754
0.0231540877692
0.0235160736548
0.0223840691018
0.0218797655748
0.0207768378916
0.0201785520447
0.0205459388556
0.0209347462692
0.0216825521752
0.0212942108363
0.0209536783791
0.0197295971543
0.019171489568
0.0191026032811
0.019651694293
0.020540768596
0.0201485680339
0.0198310555355
0.0179266187309
0.0171559159035
0.016267538292
0.0174071332179
0.0182717484002
0.0185176309928
0.0181479396472
0.0168113426208
0.0166625651149
0.0154927869143
0.0157766083131
0.0166927777524
0.0181868349249
0.0192595027158
0.0185175249117
0.0180977277565
0.0176851085509
0.0181548584526
0.019256612676
0.0206793875463
0.0215745583362
0.0216792604012
0.0214110048456
0.0211814745974
0.0207255886832
0.0202981532282
0.0204253798838
0.0214268919803
0.0215389093393
0.0220688251488
0.0215739813259
0.0212653732118
0.0199984060042
0.0192575083013
0.0195542313961
0.0208000547952
0.0212850178685
0.0218394776851
0.0213369906097
0.0207326364505
0.020155633669
0.0194673570951
0.0189441090901
0.0188655388214
0.0192990861206
0.0210472260711
0.0214352791165
0.0212253897472
0.020300625319
0.0192611856269
0.0193863747598
0.019499808747
0.0209335422711
0.0219750694865
0.0229705868959
0.0226566956328
0.0218241587194
0.0210728563608
0.0211447973461
0.0217908118354
0.0227538478763
0.0237465412715
0.0250407548214
0.02533261806
0.0254019038075
0.0240512855508
0.023510901578
0.0225234702379
0.0229736375507
0.0235508821761
0.025231031919
0.0261671999069
0.0266379751482
0.0263565593033
0.0251409398677
0.0238267977175
0.0230884857788
0.0232866580608
0.0244381428811
0.0255066873986
0.0268724527379
0.0277320452613
0.0272245335331
0.0262993950521
0.0253704492276
0.0255865901139
0.0259176102993
0.0259940197397
0.0265590864912
0.0279476029869
0.0292396980138
0.0292931991218
0.0289370570644
0.0285217636845
0.0282028459739
0.0278626648367
0.0274882509908
0.0287366336433
0.0298599640709
0.031447991357
0.0323885965147
0.0321055289253
0.0322389206313
0.0308670263616
0.0307395083844
0.0305295897035
0.0317186056864
0.0326458205938
0.0331638641793
0.033199195224
0.033767664252
0.033558358575
0.0339702122308
0.032965186334
0.0329797054483
0.0317248583735
0.0316897153812
0.0312018325939
0.0317120906722
0.0322348168844
0.0328557703958
0.034339684562
0.0341210368306
0.03435869501
0.0338049394121
0.0341577392164
0.0344867790716
0.0348184769478
0.0365636657045
0.0382229418289
0.039495810332
0.0403349837099
0.0410166214987
0.0420367322413
0.0425963265479
0.0425824669361
0.0424649768315
0.0416803831883
0.041924534446
0.0410071389347
0.0409899758287
0.0407345183875
0.0416117642876
0.0422476462975
0.0420814597328
0.0421502074325
0.0416484879436
0.0405430337972
0.038998821266
0.0379090890083
0.0377178596308
0.0377421339209
0.0383928068595
0.039481930764
0.0409093012281
0.0419218218846
0.0428209938317
0.0422243616147
0.0414663768692
0.0406528744599
0.0399638147902
0.0399338796179
0.0400272703667
0.0411345160108
0.0417570796095
0.0417870735471
0.0428074397081
0.0439993597188
0.0447052595235
0.0448856408816
0.0442270300662
0.0438770977774
0.0432940747409
0.0440902893883
0.0447279712149
0.0452496045549
0.0460405326927
0.0470310026791
0.0482103448307
0.0482109358499
0.0485403310999
0.0481086501115
0.0483620386476
0.0474491085174
0.0470650529838
0.0463451476934
0.0463632976556
0.045672620364
0.0455229195428
0.0460276402955
0.0460229877829
0.0462078434727
0.0454723250239
0.0454322297138
0.0436490767124
0.0430749766899
0.0422996410944
0.0425822736374
0.0427172367786
0.0434274047734
0.0437389660106
0.0437824562505
0.0431787896562
0.042840149373
0.0425766204321
0.0426130962995
0.0424352945474
0.0419111445436
0.0423326125238
0.0421601460116
0.0421273733291
0.0414921344383
0.0409630279462
0.0403070575837
0.0393024208433
0.038671560495
0.0392016751112
0.0393454479327
0.0395388268529
0.0389790804467
0.0393189652947
0.039128031851
0.0381156400659
0.0370442284167
0.0356165500104
0.0350477303777
0.0335065599185
0.0332493864386
0.031282907371
0.0301530769148
0.0287214884463
0.0286171162466
0.0280124540196
0.0269374332232
0.0256930692784
0.024688337932
0.0242835495308
0.0229180559347
0.0214739639228
0.0206463365057
0.0208298515786
0.0201486541501
0.0194956293348
0.0190108757204
0.0191390120917
END
