380.3
381.1
381.9
382.7
383.5
384.4
385.2
386.0
386.8
387.6
388.4
389.2
390.1
390.9
391.7
392.5
393.3
394.1
394.9
395.8
396.6
397.4
398.2
399.0
399.8
400.6
401.5
402.3
403.1
403.9
404.7
405.5
406.3
407.2
408.0
408.8
409.6
410.4
411.2
412.0
412.8
413.7
414.5
415.3
416.1
416.9
417.7
418.5
419.4
420.2
421.0
421.8
422.6
423.4
424.2
425.1
425.9
426.7
427.5
428.3
429.1
429.9
430.8
431.6
432.4
433.2
434.0
434.8
435.6
436.4
437.3
438.1
438.9
439.7
440.5
441.3
442.1
443.0
443.8
444.6
445.4
446.2
447.0
447.8
448.7
449.5
450.3
451.1
451.9
452.7
453.5
454.4
455.2
456.0
456.8
457.6
458.4
459.2
460.0
460.9
461.7
462.5
463.3
464.1
464.9
465.7
466.6
467.4
468.2
469.0
469.8
470.6
471.4
472.3
473.1
473.9
474.7
475.5
476.3
477.1
478.0
478.8
479.6
480.4
481.2
482.0
482.8
483.6
484.5
485.3
486.1
486.9
487.7
488.5
489.3
490.2
491.0
491.8
492.6
493.4
494.2
495.0
495.9
496.7
497.5
498.3
499.1
499.9
500.7
501.6
502.4
503.2
504.0
504.8
505.6
506.4
507.2
508.1
508.9
509.7
510.5
511.3
512.1
512.9
513.7
514.5
515.3
516.1
516.8
517.6
518.4
519.2
520.0
520.8
521.5
522.3
523.1
523.9
524.7
525.5
526.2
527.0
527.8
528.6
529.4
530.2
530.9
531.7
532.5
533.3
534.1
534.9
535.6
536.4
537.2
538.0
538.8
539.6
540.3
541.1
541.9
542.7
543.5
544.3
545.0
545.8
546.6
547.4
548.2
549.0
549.7
550.5
551.3
552.1
552.9
553.7
554.4
555.2
556.0
556.8
557.6
558.4
559.1
559.9
560.7
561.5
562.3
563.1
563.8
564.6
565.4
566.2
567.0
567.8
568.5
569.3
570.1
570.9
571.7
572.5
573.2
574.0
574.8
575.6
576.4
577.2
577.9
578.7
579.5
580.3
581.1
581.9
582.6
583.4
584.2
585.0
585.8
586.6
587.3
588.1
588.9
589.6
590.3
591.1
591.8
592.6
593.3
594.0
594.8
595.5
596.3
597.0
597.7
598.5
599.2
600.0
600.7
601.5
602.2
602.9
603.7
604.4
605.2
605.9
606.6
607.4
608.1
608.9
609.6
610.3
611.1
611.8
612.6
613.3
614.0
614.8
615.5
616.3
617.0
617.7
618.5
619.2
620.0
620.7
621.4
622.2
622.9
623.7
624.4
625.2
625.9
626.6
627.4
628.1
628.9
629.6
630.3
631.1
631.8
632.6
633.3
634.0
634.8
635.5
636.3
637.0
637.7
638.5
639.2
640.0
640.7
641.4
642.2
642.9
643.7
644.4
645.1
645.9
646.6
647.4
648.1
648.8
649.6
650.3
651.1
651.8
652.6
653.3
654.0
654.8
655.5
656.3
657.0
657.7
658.5
659.2
660.0
660.7
661.4
662.2
662.9
663.7
664.4
665.1
665.9
666.6
667.4
668.1
668.9
669.6
670.4
671.2
671.9
672.7
673.4
674.2
674.9
675.7
676.5
677.2
678.0
678.7
679.5
680.2
681.0
681.8
682.5
683.3
684.0
684.8
685.5
686.3
687.1
687.8
688.6
689.3
690.1
690.8
691.6
692.4
693.1
693.9
694.6
695.4
696.1
696.9
697.7
698.4
699.2
699.9
700.7
701.4
702.2
703.0
703.7
704.5
705.2
706.0
706.8
707.6
708.4
709.2
710.0
710.8
711.6
712.4
713.2
714.0
714.8
715.6
716.4
717.2
718.0
718.8
719.6
720.4
721.2
722.0
722.8
723.6
724.4
725.2
726.0
726.8
727.6
728.4
729.2
730.0
730.8
731.6
732.4
733.2
734.0
734.8
735.6
736.4
737.2
738.0
738.8
739.6
740.4
741.2
742.0
742.8
743.6
744.4
745.2
746.0
746.8
747.6
748.4
749.2
750.0
750.8
751.6
752.4
753.2
754.0
754.8
755.6
756.4
757.2
758.0
758.8
759.6
760.4
761.2
762.0
762.8
763.6
764.4
765.2
766.0
766.8
767.6
768.4
769.2
770.0
770.8
771.6
772.4
773.2
774.1
774.9
775.7
776.5
777.3
778.1
778.9
779.7
780.5
781.3
782.1
782.9
783.7
784.5
785.3
786.1
786.9
787.7
788.5
789.3
790.1
790.9
791.7
792.5
793.3
794.1
794.9
795.7
796.5
797.3
798.1
798.9
799.7
800.5
801.3
802.1
802.9
803.7
804.5
805.3
806.1
806.9
807.7
808.5
809.3
810.1
810.9
811.7
812.5
813.3
814.1
814.9
815.7
816.5
817.3
818.1
818.9
819.7
820.5
821.3
822.1
822.9
823.7
824.5
825.3
826.1
826.9
827.7
828.5
829.3
830.1
830.9
831.7
832.6
833.4
834.3
835.1
835.9
836.8
837.6
838.5
839.3
840.2
841.0
841.9
842.7
843.5
844.4
845.2
846.1
846.9
847.8
848.6
849.4
850.3
851.1
852.0
852.8
853.7
854.5
855.3
856.2
857.0
857.9
858.7
859.6
860.4
861.3
862.1
862.9
863.8
864.6
865.5
866.3
867.2
868.0
868.8
869.7
870.5
871.4
872.2
873.1
873.9
874.8
875.6
876.4
877.3
878.1
879.0
879.8
880.7
881.5
882.3
883.2
884.0
884.9
885.7
886.6
887.4
888.2
889.1
889.9
890.8
891.6
892.5
893.3
894.2
895.0
895.8
896.7
897.5
898.4
899.2
NEXT_SERIES
0.169677825191
0.167921388284
0.163395994158
0.161225412594
0.160607236824
0.160739795243
0.164960730043
0.171124245965
0.182138705708
0.194015115974
0.207864802356
0.220338283111
0.232473395866
0.24353014661
0.255522178835
0.26691856607
0.277722690101
0.286038159208
0.292928706055
0.297163216355
0.299780865632
0.298332260665
0.295345702786
0.29083385539
0.286094632928
0.280631453882
0.275479204681
0.269299039226
0.263312189177
0.257686194711
0.254137345305
0.251599051175
0.250531303055
0.250226936016
0.25022517686
0.250208208494
0.250716878106
0.251544222408
0.253070268557
0.253947578018
0.255935797088
0.25752961656
0.260229471973
0.263073692975
0.265865010622
0.268508484759
0.27046883094
0.27281289388
0.274872763378
0.276878959794
0.278302318051
0.27930691148
0.280352874517
0.281186131304
0.282051949166
0.282049253118
0.282442353806
0.282801824633
0.283917415717
0.283164120164
0.282616449874
0.281492652531
0.28098036106
0.279053324634
0.277545026394
0.276009385391
0.27548335527
0.273558316394
0.271236976435
0.268118968723
0.265846664842
0.263176353285
0.260787342339
0.256973097119
0.253948729278
0.250480805528
0.248338449906
0.24536146895
0.243907214731
0.24177287987
0.240910669196
0.239258162563
0.237110006922
0.23427445101
0.23133328215
0.228991595424
0.227565222619
0.226242887274
0.224594508425
0.222441475005
0.220812151879
0.219924192832
0.218756803545
0.216982470732
0.215432853833
0.213130178408
0.211372021493
0.208664443132
0.208076778072
0.206487319587
0.206181037002
0.204354246063
0.20260652435
0.202110262052
0.201337159364
0.201341151414
0.199830088013
0.2002751083
0.200263967648
0.200791222116
0.200696567834
0.200882550327
0.201205204138
0.201613031806
0.202514238229
0.203513815088
0.20394496631
0.204386845188
0.205461509325
0.205948717741
0.205960036284
0.20653426471
0.208321894584
0.209362997638
0.209246722569
0.209222026519
0.210886377141
0.212693607748
0.215337567941
0.216616958612
0.218545902934
0.218958450388
0.220285993427
0.220112353057
0.221095022009
0.221876116729
0.224317541946
0.22617636328
0.228346967329
0.23076256158
0.232482393922
0.235267254463
0.236421617992
0.238830354618
0.239617419951
0.240927652627
0.242387009623
0.244788435157
0.246511360667
0.248823379539
0.250969188166
0.252523729919
0.253011149619
0.252929126916
0.253745524586
0.253888094734
0.254048808913
0.25379506445
0.254217242263
0.255547292809
0.256877176617
0.256998885857
0.256958581795
0.257516405901
0.25849172864
0.258760884746
0.258308908833
0.257777266602
0.256974776932
0.2563223251
0.256136162478
0.255624116759
0.255201482146
0.255600506527
0.255286896991
0.255012923982
0.253937497918
0.254802114912
0.255470034067
0.255956795591
0.255933063894
0.255934190428
0.255614220889
0.2547306394
0.254475429438
0.253257547567
0.252046036705
0.250814549745
0.250148183786
0.250078418174
0.249730222555
0.248503371594
0.247286178945
0.245921041928
0.246020630553
0.244696140854
0.243640901411
0.242454234632
0.241997262725
0.24149128265
0.240658988444
0.239181281462
0.237495230959
0.235078007294
0.234161929316
0.232353405016
0.230800182567
0.227944065528
0.224875080552
0.223133237089
0.221014017817
0.219438245396
0.216784420183
0.215200799447
0.213444250664
0.212223750486
0.210093440008
0.207863355052
0.205547907566
0.203872175393
0.201559100694
0.199058870352
0.19705367646
0.194997131154
0.192096997042
0.189024492819
0.18617880054
0.183966474967
0.180950975175
0.178307590906
0.175290245759
0.172718602602
0.171113004013
0.169131508526
0.167169328112
0.164500334459
0.162572914018
0.159858580504
0.15663473187
0.153912350498
0.151288868303
0.148584951721
0.145215116635
0.141758834773
0.139133887508
0.136111325899
0.133702171388
0.131108103171
0.129102811435
0.126208187688
0.123440959389
0.120847211516
0.118921813657
0.11650191826
0.114261302698
0.11166496759
0.109671429584
0.107073573682
0.104754291192
0.102295989012
0.0998609158458
0.0981315623766
0.0952029200499
0.0931316212825
0.0898401853152
0.0879429861175
0.0853904279526
0.0830234580047
0.0806981253849
0.0789458978352
0.0774950903517
0.0757637400716
0.0734388055688
0.0723236869966
0.0715768110529
0.0711314272786
0.0689490523858
0.0666969157076
0.0655831078768
0.065267908836
0.0647725532123
0.0630336684961
0.0609821603877
0.0593446850166
0.058390513302
0.0577162688118
0.0556960337304
0.0535156476309
0.0517219953958
0.0513734033269
0.0499259899301
0.048036767894
0.0450988652135
0.0444944000318
0.0439657189555
0.0443784308748
0.0427548520963
0.0413516366553
0.0403586702918
0.0407851604278
0.0403062885846
0.0400935016096
0.0386859673329
0.0383677773635
0.0374806652523
0.0377026214505
0.0367241003826
0.0351596233855
0.0334037096836
0.0325722113968
0.0325640808794
0.031631736479
0.0306474074972
0.0286102526629
0.0268757491157
0.0258193072417
0.0253283804176
0.025208070892
0.0244202892826
0.0235150084437
0.0230942876162
0.0229538944532
0.0231019072216
0.0222946978112
0.0211682119592
0.0198735890463
0.0196296686242
0.0196440859228
0.0201408111524
0.0189428988475
0.0186223718073
0.0171825064309
0.0173281028738
0.0167744437941
0.0172014098911
0.0164048767524
0.0160393265277
0.014506972133
0.0146058968678
0.0143261844225
0.0148710368597
0.013997069028
0.0137059898064
0.0128086176144
0.0131184203487
0.0130149261982
0.0137934728121
0.0137238495278
0.0125898481618
0.0115824724917
0.0107492505818
0.011449416516
0.0123175409759
0.0129949734073
0.013010240654
0.0125740672721
0.0119172316425
0.0117967987574
0.0116015005996
0.0126126259085
0.012742839326
0.0126534329155
0.0117165491762
0.0117038972227
0.0127302685582
0.0145064447115
0.015301234359
0.0152454109971
0.0151145287351
0.0157595814227
0.0170566414688
0.0180530247655
0.0186927986521
0.0186834378067
0.0184699379704
0.0182378850552
0.0186301018734
0.0193859222751
0.0200501859073
0.0207825870273
0.0207778910907
0.0199955933286
0.019008140853
0.0185049415272
0.0194417448323
0.0197501891187
0.0199921029625
0.0188955054392
0.017411113485
0.0162844251961
0.0156906001966
0.0168845461282
0.0167302949327
0.0169439812925
0.0157158170773
0.0147509867358
0.0133313948726
0.0125587674562
0.0131422463445
0.0135977090231
0.0141958785572
0.0138062064808
0.0131941811722
0.0117508635541
0.0115356848258
0.0118796097561
0.0128477282018
0.0129787054405
0.0123890660827
0.0115583913398
0.00978150993572
0.00883443843707
0.00821670375481
0.00907198001867
0.0102181058551
0.0105224305374
0.010020970923
0.00859721573943
0.0080528000139
0.00763281966382
0.00773560728261
0.00905801965421
0.00941015807697
0.0102987966487
0.00942746041092
0.0097389735076
0.00936076596024
0.00933148141965
0.00980681248506
0.0112035278333
0.0122113561345
0.0125071089434
0.012498948308
0.0121826086537
0.0112514564093
0.0106525809691
0.0109239454333
0.0118947690795
0.0121893407102
0.0123873254874
0.0122276278373
0.0119822056162
0.0112586609497
0.011228062281
0.011175005643
0.0119165507076
0.0121950378929
0.0131455448691
0.0126374948771
0.0118507107156
0.0106768620017
0.0107347092385
0.0105385718209
0.0108524788277
0.0108714634847
0.0124098636501
0.0126489046177
0.0126180396286
0.0118199669646
0.0109728374012
0.0106780449251
0.0105837633696
0.0120168958743
0.0132747344375
0.0138382797725
0.0129802578788
0.0124039917909
0.0119793274178
0.0122469571503
0.0123585294772
0.0134629418577
0.014844541397
0.0160832592945
0.0159219957711
0.0156221766641
0.0145840456214
0.0139792078687
0.0135663334014
0.013932277927
0.0148616259107
0.0160187873363
0.0169935587014
0.017437976057
0.0169213947712
0.016282707266
0.0153061770279
0.0150143240626
0.0148290891523
0.0155952329419
0.0165518228484
0.017270437286
0.0180610125387
0.0174311152434
0.0171019689667
0.0160546779502
0.0163568657738
0.0163004053468
0.0169186819875
0.017568184931
0.0186446043718
0.0198151524702
0.0199078528437
0.0197134876753
0.019012467233
0.0184058968248
0.0185278805952
0.0186291295587
0.0202368903221
0.0215731183576
0.0228692065267
0.0228592832565
0.0223813290354
0.0227504805385
0.022260350259
0.0223875767793
0.0213515023325
0.0220203054994
0.0227706453262
0.0240690100331
0.0243226578275
0.0245178163226
0.0245012331649
0.0247493260214
0.0242541444852
0.0237669880764
0.0228254751996
0.0223134898884
0.0216007759433
0.0220776536269
0.0226294498684
0.0233885603084
0.0243328615028
0.0243982287421
0.0250722077282
0.0250352747762
0.0253031662444
0.0255624046515
0.0260655670405
0.0273114064882
0.02832100555
0.0290791764114
0.0304890296081
0.0314896111702
0.0327311370608
0.0329384259568
0.0327560086011
0.0323599828054
0.0318637017398
0.0321621779996
0.0315897259096
0.031757956079
0.0314334348429
0.0323505386952
0.0327726214935
0.033121505815
0.0327722234127
0.0319891947982
0.030474225665
0.0295593876602
0.0284393514767
0.0283863409381
0.0283031849587
0.0290234808501
0.030206478668
0.0311762878581
0.0325396362135
0.0331853432989
0.0336207236595
0.0326755417557
0.0322213489688
0.0317876730878
0.0318135648019
0.0320674873478
0.0329428243385
0.0334768853347
0.0336758786781
0.0342212180771
0.0356084175625
0.0363582665299
0.0359777752479
0.0354727174767
0.0348741447776
0.0345149176976
0.0345589151514
0.0355388542768
0.0371042082899
0.0384557609814
0.0396191879154
0.0403086871645
0.0405583680877
0.0406824926555
0.04004688761
0.0399521182884
0.0384619554584
0.038181796885
0.0371828997746
0.0368815864455
0.0362551041408
0.035771470052
0.0364796370453
0.0366421897229
0.0373651717439
0.0370023457388
0.0363717273798
0.0348389087398
0.0340860701304
0.0334524946053
0.033506036591
0.0330102145623
0.0330282940358
0.0334263841092
0.0336097756622
0.0335951164195
0.0329584977625
0.0323690159347
0.0321945961649
0.0316633731562
0.0314645089356
0.0311764593229
0.0312518344964
0.0310043893577
0.0306844415527
0.0294462969666
0.028879533801
0.0276602738542
0.0274770303509
0.0272754446549
0.027394683567
0.0274142823123
0.0264308635881
0.0259572077572
0.0248445794929
0.0241494897016
0.0232495494852
0.0224129129591
0.0212445155509
0.019864111348
0.0191522723528
0.0180961818883
0.0164340422316
0.0142529663619
0.0130067801235
0.0119206252359
0.0115728032681
0.0102036425982
0.00927301623848
0.00768860195029
0.00780238642967
0.00767239118948
0.00717929251597
0.00595995170233
0.00417609694216
0.00394264972785
0.00342255422263
0.00324985787519
END
