380.3
381.1
381.9
382.7
383.5
384.4
385.2
386.0
386.8
387.6
388.4
389.2
390.1
390.9
391.7
392.5
393.3
394.1
394.9
395.8
396.6
397.4
398.2
399.0
399.8
400.6
401.5
402.3
403.1
403.9
404.7
405.5
406.3
407.2
408.0
408.8
409.6
410.4
411.2
412.0
412.8
413.7
414.5
415.3
416.1
416.9
417.7
418.5
419.4
420.2
421.0
421.8
422.6
423.4
424.2
425.1
425.9
426.7
427.5
428.3
429.1
429.9
430.8
431.6
432.4
433.2
434.0
434.8
435.6
436.4
437.3
438.1
438.9
439.7
440.5
441.3
442.1
443.0
443.8
444.6
445.4
446.2
447.0
447.8
448.7
449.5
450.3
451.1
451.9
452.7
453.5
454.4
455.2
456.0
456.8
457.6
458.4
459.2
460.0
460.9
461.7
462.5
463.3
464.1
464.9
465.7
466.6
467.4
468.2
469.0
469.8
470.6
471.4
472.3
473.1
473.9
474.7
475.5
476.3
477.1
478.0
478.8
479.6
480.4
481.2
482.0
482.8
483.6
484.5
485.3
486.1
486.9
487.7
488.5
489.3
490.2
491.0
491.8
492.6
493.4
494.2
495.0
495.9
496.7
497.5
498.3
499.1
499.9
500.7
501.6
502.4
503.2
504.0
504.8
505.6
506.4
507.2
508.1
508.9
509.7
510.5
511.3
512.1
512.9
513.7
514.5
515.3
516.1
516.8
517.6
518.4
519.2
520.0
520.8
521.5
522.3
523.1
523.9
524.7
525.5
526.2
527.0
527.8
528.6
529.4
530.2
530.9
531.7
532.5
533.3
534.1
534.9
535.6
536.4
537.2
538.0
538.8
539.6
540.3
541.1
541.9
542.7
543.5
544.3
545.0
545.8
546.6
547.4
548.2
549.0
549.7
550.5
551.3
552.1
552.9
553.7
554.4
555.2
556.0
556.8
557.6
558.4
559.1
559.9
560.7
561.5
562.3
563.1
563.8
564.6
565.4
566.2
567.0
567.8
568.5
569.3
570.1
570.9
571.7
572.5
573.2
574.0
574.8
575.6
576.4
577.2
577.9
578.7
579.5
580.3
581.1
581.9
582.6
583.4
584.2
585.0
585.8
586.6
587.3
588.1
588.9
589.6
590.3
591.1
591.8
592.6
593.3
594.0
594.8
595.5
596.3
597.0
597.7
598.5
599.2
600.0
600.7
601.5
602.2
602.9
603.7
604.4
605.2
605.9
606.6
607.4
608.1
608.9
609.6
610.3
611.1
611.8
612.6
613.3
614.0
614.8
615.5
616.3
617.0
617.7
618.5
619.2
620.0
620.7
621.4
622.2
622.9
623.7
624.4
625.2
625.9
626.6
627.4
628.1
628.9
629.6
630.3
631.1
631.8
632.6
633.3
634.0
634.8
635.5
636.3
637.0
637.7
638.5
639.2
640.0
640.7
641.4
642.2
642.9
643.7
644.4
645.1
645.9
646.6
647.4
648.1
648.8
649.6
650.3
651.1
651.8
652.6
653.3
654.0
654.8
655.5
656.3
657.0
657.7
658.5
659.2
660.0
660.7
661.4
662.2
662.9
663.7
664.4
665.1
665.9
666.6
667.4
668.1
668.9
669.6
670.4
671.2
671.9
672.7
673.4
674.2
674.9
675.7
676.5
677.2
678.0
678.7
679.5
680.2
681.0
681.8
682.5
683.3
684.0
684.8
685.5
686.3
687.1
687.8
688.6
689.3
690.1
690.8
691.6
692.4
693.1
693.9
694.6
695.4
696.1
696.9
697.7
698.4
699.2
699.9
700.7
701.4
702.2
703.0
703.7
704.5
705.2
706.0
706.8
707.6
708.4
709.2
710.0
710.8
711.6
712.4
713.2
714.0
714.8
715.6
716.4
717.2
718.0
718.8
719.6
720.4
721.2
722.0
722.8
723.6
724.4
725.2
726.0
726.8
727.6
728.4
729.2
730.0
730.8
731.6
732.4
733.2
734.0
734.8
735.6
736.4
737.2
738.0
738.8
739.6
740.4
741.2
742.0
742.8
743.6
744.4
745.2
746.0
746.8
747.6
748.4
749.2
750.0
750.8
751.6
752.4
753.2
754.0
754.8
755.6
756.4
757.2
758.0
758.8
759.6
760.4
761.2
762.0
762.8
763.6
764.4
765.2
766.0
766.8
767.6
768.4
769.2
770.0
770.8
771.6
772.4
773.2
774.1
774.9
775.7
776.5
777.3
778.1
778.9
779.7
780.5
781.3
782.1
782.9
783.7
784.5
785.3
786.1
786.9
787.7
788.5
789.3
790.1
790.9
791.7
792.5
793.3
794.1
794.9
795.7
796.5
797.3
798.1
798.9
799.7
800.5
801.3
802.1
802.9
803.7
804.5
805.3
806.1
806.9
807.7
808.5
809.3
810.1
810.9
811.7
812.5
813.3
814.1
814.9
815.7
816.5
817.3
818.1
818.9
819.7
820.5
821.3
822.1
822.9
823.7
824.5
825.3
826.1
826.9
827.7
828.5
829.3
830.1
830.9
831.7
832.6
833.4
834.3
835.1
835.9
836.8
837.6
838.5
839.3
840.2
841.0
841.9
842.7
843.5
844.4
845.2
846.1
846.9
847.8
848.6
849.4
850.3
851.1
852.0
852.8
853.7
854.5
855.3
856.2
857.0
857.9
858.7
859.6
860.4
861.3
862.1
862.9
863.8
864.6
865.5
866.3
867.2
868.0
868.8
869.7
870.5
871.4
872.2
873.1
873.9
874.8
875.6
876.4
877.3
878.1
879.0
879.8
880.7
881.5
882.3
883.2
884.0
884.9
885.7
886.6
887.4
888.2
889.1
889.9
890.8
891.6
892.5
893.3
894.2
895.0
895.8
896.7
897.5
898.4
899.2
NEXT_SERIES
0.108035510261
0.107310431424
0.106944797063
0.107001107478
0.110162499321
0.11191284487
0.120903547885
0.130820335471
0.145421410928
0.158665088518
0.173526363483
0.18865309169
0.204866669331
0.22115871841
0.238727479901
0.256371631339
0.272225103983
0.284933636427
0.294905800371
0.30178978493
0.307174590648
0.307237821879
0.305309715406
0.300141170486
0.293858497195
0.286927835382
0.279435932287
0.271659692541
0.264381924515
0.257132304982
0.251519219234
0.247122422281
0.24473975243
0.243950650682
0.242639081772
0.242022341545
0.241648313894
0.243192708298
0.2453161993
0.247401826526
0.249507655198
0.252503619728
0.255291468207
0.259650384644
0.263472178762
0.268985854211
0.27276838185
0.275138723002
0.277980189667
0.281011380899
0.284233214197
0.286031928462
0.286561951599
0.2878146684
0.289908828967
0.292248150245
0.294664149045
0.295460735813
0.296728354616
0.296434606237
0.29715246602
0.296527091218
0.296298536276
0.294779638279
0.293764552083
0.292917814538
0.291874930136
0.289769566154
0.287486886015
0.285054559377
0.283661446215
0.281331839188
0.279142329355
0.275423903604
0.272050666812
0.268444187577
0.266031021236
0.264157238511
0.26176966675
0.259281218843
0.255721878367
0.252915525325
0.249841243585
0.2474007833
0.244509034807
0.240952469677
0.237507263754
0.234586244264
0.233080670306
0.230884598526
0.228188681107
0.225240493979
0.223574827148
0.220995826854
0.218739557183
0.21495442016
0.212766335318
0.208641250617
0.206326075861
0.203043541353
0.201543676488
0.198964434986
0.197234065832
0.194982171534
0.192988776129
0.190964329865
0.188817231655
0.187720616623
0.185296651106
0.184353242773
0.182500430593
0.182172142126
0.180660858907
0.18031213742
0.180198952361
0.179780834118
0.179124631815
0.17671716854
0.175721876
0.173530393194
0.172889843734
0.17184642468
0.171736829097
0.171936909363
0.171382118861
0.17139568041
0.170984718973
0.171118708526
0.170376779773
0.169798204134
0.169847519133
0.168914228606
0.167706307947
0.165986650471
0.165623725598
0.165438420609
0.165770742901
0.165922208359
0.166344416194
0.167192753352
0.167118986319
0.167551371573
0.166902750228
0.166634196505
0.16566427818
0.165373616991
0.166608099913
0.167698786545
0.167386436534
0.167141581351
0.16616346093
0.165409982525
0.163475869977
0.161300213286
0.160004089964
0.158429401547
0.157344080232
0.156000415315
0.1541556091
0.153449505575
0.152015513589
0.150579509398
0.149071462907
0.148028312979
0.146435227878
0.144684046651
0.141945065867
0.140698086561
0.137569389725
0.135600052624
0.13247965851
0.130941526622
0.128609797306
0.127854045612
0.126983300883
0.126555685914
0.12479246659
0.124049510398
0.123096561631
0.123884016731
0.122944787427
0.122553033822
0.121259746374
0.120197010222
0.119002067393
0.117489998458
0.11536575142
0.113621621402
0.112003898148
0.111089916079
0.110393316338
0.109513178999
0.109457900021
0.108945862244
0.109165987637
0.108875581906
0.109167759141
0.109160210871
0.108714405195
0.108018093708
0.107312077666
0.107712990866
0.107635241787
0.106398337838
0.10575363394
0.104437675237
0.103983467136
0.10154970881
0.100304948425
0.0999620416855
0.0993037283518
0.0982671178804
0.0973833404318
0.0975986767386
0.0977814254861
0.0973826130125
0.096956357141
0.0970021462224
0.0973324807685
0.097960117573
0.0972392707202
0.09680258746
0.0959440429091
0.0966380604541
0.0951674617535
0.0944348908884
0.0930369307531
0.0931553864112
0.0924027313319
0.091879950408
0.0911209162263
0.0915623312229
0.0921914523715
0.0925763198818
0.0919382351424
0.0915096092876
0.0920313339213
0.0921230808969
0.092473263276
0.0924423414781
0.0927854169213
0.0923000830145
0.0918945699318
0.0912908588146
0.0911895757167
0.0895685902134
0.0891110988903
0.0883076438693
0.0886593987259
0.0881119675993
0.0875995146189
0.087506218741
0.0880070244212
0.0881993333331
0.0891941994747
0.0893013402855
0.0901480702887
0.0891330553685
0.0889048954728
0.0880930088793
0.087876073064
0.0881407118645
0.0876201004799
0.0877558709977
0.0862601850036
0.0857642850917
0.0845210193133
0.0837302121599
0.0831732627153
0.0829147927836
0.082660459775
0.0821585279616
0.0815281907261
0.0820823539987
0.0827036748849
0.0840999619858
0.0844336593967
0.0846268329391
0.0848751094784
0.0860375537072
0.0872137513012
0.0872388958639
0.0864812955401
0.0854285638163
0.0854826798497
0.0857979945479
0.0857181222021
0.084641825824
0.0831471605055
0.0831834790254
0.0828476801406
0.0829791661417
0.0813751005257
0.0815011594535
0.0814225895279
0.0831439200648
0.0834243192103
0.0838556689509
0.0836924138193
0.0848879445351
0.0859690731013
0.0871004524187
0.0872460359301
0.0877268238884
0.0878647278008
0.0888359977419
0.0887299131342
0.0882935609555
0.0867695449553
0.0860908841223
0.0862083027465
0.0861683728984
0.085170701277
0.083679009936
0.0820479355672
0.0819289853933
0.0822758528497
0.0831045196753
0.0826585376323
0.0817828988962
0.0812711470406
0.0817707887781
0.082417684111
0.082182056817
0.0822060241428
0.0812821533389
0.0814777104842
0.0812247664529
0.0823024649155
0.081658629893
0.0815535749386
0.080439565276
0.0809056861178
0.0802048156872
0.080666342375
0.0801556806831
0.080557637397
0.0792956668734
0.0795320991127
0.0786680073582
0.0796766152938
0.0789432494781
0.080492923657
0.0796560972282
0.0809995718761
0.0805702589261
0.0822610407438
0.0826241572609
0.0822784744905
0.082011280874
0.0814778291776
0.0832745566994
0.0842937237155
0.0859666862469
0.0858981911937
0.0868617410345
0.0861601441084
0.0871314143311
0.0868889001812
0.0890720988435
0.0893259262825
0.0901856113771
0.0905736890721
0.0921089449397
0.0942791666362
0.0968786398311
0.0993844894807
0.100531702806
0.101670029714
0.102976013146
0.105219972371
0.107801615646
0.110176376427
0.111983527783
0.112624124544
0.113081858555
0.114157299981
0.115446308708
0.116897696553
0.118692385448
0.119731419478
0.118972032709
0.116952559049
0.115550560111
0.116281278628
0.117113522538
0.117948336812
0.116470054071
0.114340654887
0.111655505964
0.110116174715
0.10980095305
0.108892807358
0.108454300935
0.106308218231
0.104339320906
0.101444592714
0.0993073535047
0.0989805345403
0.0990762484328
0.0995482691158
0.0981281817552
0.0961089653898
0.093043543475
0.0910097075624
0.090522900554
0.0911709882544
0.0919120800963
0.0908292691828
0.089175582812
0.0861827835289
0.0845599783797
0.0833461280479
0.0838464693695
0.0848149451458
0.0847633907017
0.0838529482543
0.0813293410776
0.0806952570687
0.0801092133907
0.0806659959681
0.0821981024173
0.0830034513674
0.0841017889287
0.0827346443782
0.0825459206462
0.0813241012954
0.0817819907507
0.0829862955683
0.0852997303783
0.0867622662014
0.0867870565102
0.0863105366247
0.0854228274252
0.0838104800635
0.0830976634823
0.0830963911853
0.0853753090306
0.0863551290519
0.0869870655782
0.0858799100294
0.0849803237159
0.0839581502892
0.0836856411154
0.0838463310784
0.0845991709478
0.0851049694333
0.0858522361673
0.0852699634717
0.0842557622717
0.0826414192821
0.082238324582
0.0826164113983
0.0834614944038
0.0839582949959
0.0843392248215
0.0840896572554
0.0834284050313
0.0825947493065
0.0821054346784
0.0816713146128
0.0820681222561
0.0830734344102
0.0841474833249
0.084287357827
0.0837424727037
0.0835902286551
0.0829818029448
0.0829465283066
0.0833416810149
0.0850397031489
0.0863761001731
0.0876021040157
0.0874178521657
0.0873672212844
0.0859805612635
0.0853710585198
0.0846620539279
0.0851739619284
0.0857073901203
0.0868856661945
0.0878338211084
0.0884808389212
0.0880517614918
0.0869948068646
0.0856674995585
0.0850770026865
0.0849781564759
0.0857193881946
0.0864746061559
0.0876658855647
0.0883741429119
0.0880444008716
0.0874351643657
0.0868329352021
0.0865664036555
0.0862052029494
0.0859254970452
0.087227462049
0.0888419547764
0.0904462448137
0.0906440895784
0.090251966486
0.0903056776524
0.0894788637295
0.0894736081158
0.0885951318706
0.0895185724651
0.0903622466426
0.092201611056
0.0938661172432
0.0945040239777
0.0945159266977
0.0932022183147
0.0928251378978
0.0926006621391
0.0935278437129
0.0946667878243
0.0960599472035
0.0963875300999
0.0968617357572
0.0967241003144
0.0969520285532
0.0950078415274
0.0938452701826
0.0920286704513
0.0921847992134
0.0918418694593
0.0918723724602
0.0923343816584
0.0932223704761
0.0949340407505
0.0946642552194
0.0944436180168
0.0942337361206
0.0945658811357
0.0949944780242
0.095339966402
0.0969346962843
0.098337360223
0.0999308018953
0.101981930939
0.103673829221
0.105352275903
0.105344876075
0.104341453147
0.103557042783
0.103144849661
0.103962672683
0.103661026235
0.104037693191
0.104279330453
0.105060305003
0.105359602022
0.105074091455
0.104241178418
0.103623749632
0.101865128319
0.100448124046
0.098700063448
0.0989462379612
0.0987271027645
0.099046012203
0.0998320259358
0.102304623427
0.103986227291
0.104992925021
0.104293519394
0.103312082132
0.102595216079
0.10170262737
0.101812117869
0.101674393597
0.102434607793
0.102986195451
0.103434535519
0.104318496107
0.105149805894
0.10543266543
0.106030631695
0.105554826701
0.105842500914
0.104975068368
0.106064590994
0.107073004959
0.108554590386
0.109794686774
0.1107998585
0.11255593999
0.112623542212
0.11322061625
0.112019222025
0.112547094086
0.111262651574
0.110715237952
0.109028544871
0.108693344977
0.10896389192
0.109482061143
0.110420113028
0.110044549807
0.11026410735
0.109326153875
0.108740223736
0.106819114845
0.10578404905
0.10486313866
0.10508092471
0.104683746651
0.104806633995
0.104512896307
0.104969982321
0.105397987891
0.1056751437
0.105501663517
0.105176905999
0.104912388765
0.104219631211
0.103734544366
0.103272015039
0.102173122391
0.101690092324
0.10125371554
0.101269415472
0.101092991911
0.100466270902
0.100485340479
0.100244337178
0.10010964528
0.100216037328
0.0989047081266
0.098223739768
0.0969425619507
0.096992249996
0.0963492840524
0.0949706896977
0.0931486691206
0.0913422637932
0.0894605586628
0.0880419650635
0.0859017918351
0.0844896962484
0.0820670966939
0.0803898518587
0.0793830264372
0.0779033768992
0.0766318356468
0.0748560132806
0.0741824312436
0.0722954778359
0.0719226449332
0.0701693827427
0.0707983407841
0.0690279119688
0.0680050744281
END
