380.3
381.1
381.9
382.7
383.5
384.4
385.2
386.0
386.8
387.6
388.4
389.2
390.1
390.9
391.7
392.5
393.3
394.1
394.9
395.8
396.6
397.4
398.2
399.0
399.8
400.6
401.5
402.3
403.1
403.9
404.7
405.5
406.3
407.2
408.0
408.8
409.6
410.4
411.2
412.0
412.8
413.7
414.5
415.3
416.1
416.9
417.7
418.5
419.4
420.2
421.0
421.8
422.6
423.4
424.2
425.1
425.9
426.7
427.5
428.3
429.1
429.9
430.8
431.6
432.4
433.2
434.0
434.8
435.6
436.4
437.3
438.1
438.9
439.7
440.5
441.3
442.1
443.0
443.8
444.6
445.4
446.2
447.0
447.8
448.7
449.5
450.3
451.1
451.9
452.7
453.5
454.4
455.2
456.0
456.8
457.6
458.4
459.2
460.0
460.9
461.7
462.5
463.3
464.1
464.9
465.7
466.6
467.4
468.2
469.0
469.8
470.6
471.4
472.3
473.1
473.9
474.7
475.5
476.3
477.1
478.0
478.8
479.6
480.4
481.2
482.0
482.8
483.6
484.5
485.3
486.1
486.9
487.7
488.5
489.3
490.2
491.0
491.8
492.6
493.4
494.2
495.0
495.9
496.7
497.5
498.3
499.1
499.9
500.7
501.6
502.4
503.2
504.0
504.8
505.6
506.4
507.2
508.1
508.9
509.7
510.5
511.3
512.1
512.9
513.7
514.5
515.3
516.1
516.8
517.6
518.4
519.2
520.0
520.8
521.5
522.3
523.1
523.9
524.7
525.5
526.2
527.0
527.8
528.6
529.4
530.2
530.9
531.7
532.5
533.3
534.1
534.9
535.6
536.4
537.2
538.0
538.8
539.6
540.3
541.1
541.9
542.7
543.5
544.3
545.0
545.8
546.6
547.4
548.2
549.0
549.7
550.5
551.3
552.1
552.9
553.7
554.4
555.2
556.0
556.8
557.6
558.4
559.1
559.9
560.7
561.5
562.3
563.1
563.8
564.6
565.4
566.2
567.0
567.8
568.5
569.3
570.1
570.9
571.7
572.5
573.2
574.0
574.8
575.6
576.4
577.2
577.9
578.7
579.5
580.3
581.1
581.9
582.6
583.4
584.2
585.0
585.8
586.6
587.3
588.1
588.9
589.6
590.3
591.1
591.8
592.6
593.3
594.0
594.8
595.5
596.3
597.0
597.7
598.5
599.2
600.0
600.7
601.5
602.2
602.9
603.7
604.4
605.2
605.9
606.6
607.4
608.1
608.9
609.6
610.3
611.1
611.8
612.6
613.3
614.0
614.8
615.5
616.3
617.0
617.7
618.5
619.2
620.0
620.7
621.4
622.2
622.9
623.7
624.4
625.2
625.9
626.6
627.4
628.1
628.9
629.6
630.3
631.1
631.8
632.6
633.3
634.0
634.8
635.5
636.3
637.0
637.7
638.5
639.2
640.0
640.7
641.4
642.2
642.9
643.7
644.4
645.1
645.9
646.6
647.4
648.1
648.8
649.6
650.3
651.1
651.8
652.6
653.3
654.0
654.8
655.5
656.3
657.0
657.7
658.5
659.2
660.0
660.7
661.4
662.2
662.9
663.7
664.4
665.1
665.9
666.6
667.4
668.1
668.9
669.6
670.4
671.2
671.9
672.7
673.4
674.2
674.9
675.7
676.5
677.2
678.0
678.7
679.5
680.2
681.0
681.8
682.5
683.3
684.0
684.8
685.5
686.3
687.1
687.8
688.6
689.3
690.1
690.8
691.6
692.4
693.1
693.9
694.6
695.4
696.1
696.9
697.7
698.4
699.2
699.9
700.7
701.4
702.2
703.0
703.7
704.5
705.2
706.0
706.8
707.6
708.4
709.2
710.0
710.8
711.6
712.4
713.2
714.0
714.8
715.6
716.4
717.2
718.0
718.8
719.6
720.4
721.2
722.0
722.8
723.6
724.4
725.2
726.0
726.8
727.6
728.4
729.2
730.0
730.8
731.6
732.4
733.2
734.0
734.8
735.6
736.4
737.2
738.0
738.8
739.6
740.4
741.2
742.0
742.8
743.6
744.4
745.2
746.0
746.8
747.6
748.4
749.2
750.0
750.8
751.6
752.4
753.2
754.0
754.8
755.6
756.4
757.2
758.0
758.8
759.6
760.4
761.2
762.0
762.8
763.6
764.4
765.2
766.0
766.8
767.6
768.4
769.2
770.0
770.8
771.6
772.4
773.2
774.1
774.9
775.7
776.5
777.3
778.1
778.9
779.7
780.5
781.3
782.1
782.9
783.7
784.5
785.3
786.1
786.9
787.7
788.5
789.3
790.1
790.9
791.7
792.5
793.3
794.1
794.9
795.7
796.5
797.3
798.1
798.9
799.7
800.5
801.3
802.1
802.9
803.7
804.5
805.3
806.1
806.9
807.7
808.5
809.3
810.1
810.9
811.7
812.5
813.3
814.1
814.9
815.7
816.5
817.3
818.1
818.9
819.7
820.5
821.3
822.1
822.9
823.7
824.5
825.3
826.1
826.9
827.7
828.5
829.3
830.1
830.9
831.7
832.6
833.4
834.3
835.1
835.9
836.8
837.6
838.5
839.3
840.2
841.0
841.9
842.7
843.5
844.4
845.2
846.1
846.9
847.8
848.6
849.4
850.3
851.1
852.0
852.8
853.7
854.5
855.3
856.2
857.0
857.9
858.7
859.6
860.4
861.3
862.1
862.9
863.8
864.6
865.5
866.3
867.2
868.0
868.8
869.7
870.5
871.4
872.2
873.1
873.9
874.8
875.6
876.4
877.3
878.1
879.0
879.8
880.7
881.5
882.3
883.2
884.0
884.9
885.7
886.6
887.4
888.2
889.1
889.9
890.8
891.6
892.5
893.3
894.2
895.0
895.8
896.7
897.5
898.4
899.2
NEXT_SERIES
0.465731633013
0.46664648373
0.467837094647
0.466026731138
0.467974215692
0.475987247989
0.491279052671
0.508482777334
0.526735078822
0.544308409477
0.563118776831
0.582247318175
0.602003706134
0.623010349563
0.643451631712
0.664121555606
0.684362360143
0.701218627682
0.715126226458
0.724753285312
0.732162242244
0.733097964724
0.732588925364
0.727370420986
0.722807103222
0.713283149351
0.705699242662
0.697210820826
0.690055920837
0.682562351609
0.675091048476
0.670457419032
0.666473907527
0.664367570908
0.66143570518
0.661046657452
0.661751162303
0.663988797646
0.664896815649
0.665994837763
0.667706048446
0.670147668234
0.673637374654
0.677627368568
0.683689469677
0.688097888871
0.690993465327
0.693598828518
0.697693549507
0.701390223061
0.703256697219
0.704291029055
0.705263059139
0.707522409681
0.707970845808
0.708624484022
0.708584629546
0.710130196679
0.711755725871
0.712196346154
0.712027062721
0.711801258014
0.710386973375
0.710189738879
0.7088961446
0.708569806891
0.705761348448
0.700793078536
0.697138520784
0.693677928208
0.69190810262
0.687751867948
0.684431876231
0.680067828319
0.676477597729
0.670452000452
0.666204349288
0.660737630172
0.657363294613
0.652488635041
0.648213174354
0.643546623932
0.640526971259
0.63872749946
0.634308798631
0.629923901949
0.62357015481
0.619746551691
0.614959332925
0.611946932858
0.607521957064
0.604070555065
0.598572042702
0.594230975273
0.59002707438
0.586491003616
0.583459080294
0.57957337047
0.576229423056
0.573520939348
0.570836750827
0.568290487264
0.564986560948
0.562960862274
0.561762686518
0.561110333444
0.559890683365
0.558492215396
0.555657062509
0.554284537126
0.551853292551
0.551969279384
0.551251610403
0.552108637706
0.552913592336
0.553734328517
0.554481129697
0.553201067193
0.553730037158
0.554168824763
0.554718325145
0.554942656207
0.556098729685
0.556926705849
0.556474877668
0.556469848353
0.55766114051
0.559433585105
0.560904288252
0.562446945318
0.56348727376
0.563303828149
0.56457816483
0.564787378732
0.566409436933
0.567235282517
0.569009358707
0.570933128881
0.572378347451
0.573843994973
0.573664749802
0.575979552212
0.575911792736
0.576816193272
0.576661775549
0.577323183063
0.578454015962
0.579289470349
0.580315681695
0.581917316212
0.582799795662
0.582870296123
0.581043154176
0.576565931895
0.574307384305
0.571616262987
0.57132961287
0.569363789306
0.567908336438
0.566477260491
0.565660989098
0.563066172557
0.560615605737
0.558914613894
0.556928984773
0.554819451973
0.551148138871
0.548773559146
0.544962067416
0.542543044962
0.540233497513
0.537510356195
0.533498312061
0.530890903738
0.529551454844
0.528291022422
0.526164061982
0.524931421316
0.524634770683
0.524630026548
0.522685070034
0.521029663001
0.518505274766
0.516753281882
0.514355104754
0.512728995435
0.509641809234
0.50588140355
0.50262054974
0.500202530075
0.499038668717
0.496197116282
0.495326678496
0.492595027354
0.490964431969
0.48838601291
0.487635835362
0.487358795693
0.484874016431
0.482896237743
0.479897884679
0.478328684417
0.475639436883
0.472917963397
0.470282358783
0.467488942121
0.464354444705
0.46042892364
0.456109129972
0.45254663773
0.449277467996
0.446507675793
0.443205388883
0.441330502938
0.439098979045
0.436906259119
0.433691355675
0.430918066298
0.428478644517
0.42693263732
0.423865142329
0.420719907698
0.416489591783
0.41305359181
0.408725181094
0.405320668169
0.401612422871
0.39860973684
0.394135028791
0.39073712024
0.387038295131
0.384495735612
0.381970809488
0.378401968815
0.375984648101
0.373327197682
0.371810362544
0.368278448212
0.364624156993
0.361362546685
0.358730301446
0.355452140068
0.351895552627
0.348346131717
0.345342773703
0.341619252763
0.337562107211
0.333759042162
0.330587447848
0.327591315118
0.32535145573
0.322978679454
0.320403651992
0.3169319057
0.314780552329
0.312318979457
0.310953222894
0.308033426521
0.305573358716
0.302577785292
0.299223873248
0.296728069585
0.292771201035
0.290657102296
0.287266202164
0.28482194613
0.28110561338
0.278507222845
0.275427459476
0.273589287226
0.271323324504
0.269254540686
0.26682160921
0.265197253287
0.264918445755
0.264587024777
0.263588452549
0.262103869338
0.260932485252
0.260715818085
0.260400358438
0.259174020285
0.257525559461
0.255400983983
0.253971080068
0.252067002978
0.249341960073
0.246587628965
0.244357031325
0.244026377675
0.242613481315
0.240988900973
0.23813365093
0.237572340489
0.23633276218
0.237091767464
0.236505297206
0.236620928483
0.23534392672
0.235731211048
0.236676347751
0.238192181753
0.238335114245
0.237729225094
0.237434373313
0.237686374787
0.237221743485
0.235324189721
0.23302438642
0.231451559969
0.231113845825
0.230342888884
0.229083011564
0.226977922731
0.224303905969
0.222716132392
0.221903821125
0.221367189995
0.220474917369
0.218703626714
0.217935205219
0.216653295813
0.217580096155
0.216651812631
0.2169928279
0.214771559816
0.214415816729
0.213271914179
0.213624421013
0.211620150999
0.211024166901
0.208555860846
0.209180856333
0.207515624593
0.208105734715
0.206053342377
0.206736915222
0.204406257561
0.204489262569
0.202391599609
0.203419914027
0.202889603704
0.204495191965
0.204040649095
0.205199915191
0.204131136431
0.205506528215
0.205882076943
0.206527504307
0.206361404167
0.206060175521
0.207473076436
0.208828352581
0.211484420925
0.212854282246
0.213619742017
0.213655238138
0.214885351701
0.21656328812
0.219928503371
0.222375634504
0.224442762471
0.225287202749
0.227105270348
0.231177690899
0.236065035698
0.241433673476
0.244194025788
0.246531757408
0.248772959956
0.253414553604
0.25804293329
0.262952726639
0.266240648409
0.268588542774
0.269406980815
0.270702410713
0.273060369779
0.276256750909
0.280127301202
0.282130107303
0.281231440811
0.278277021318
0.27575408549
0.276021853473
0.27652761702
0.276288610636
0.273578115891
0.269412692574
0.265051650634
0.260734727809
0.259354673517
0.255509664353
0.252996893942
0.246482243465
0.241559879056
0.234990923095
0.230449455911
0.228563443847
0.22625794647
0.224548972957
0.220279179238
0.216619464061
0.210773358753
0.206491503003
0.203758929559
0.203559725905
0.204172047117
0.202370031432
0.199189513883
0.193683811465
0.189879408277
0.187203758426
0.187457299043
0.188524369394
0.188691489237
0.18697817218
0.182899257204
0.180535324185
0.178633478197
0.178906778399
0.180559006038
0.181417377537
0.182565166616
0.180527925587
0.179735588828
0.178347185559
0.178162433084
0.17883110267
0.180921997976
0.182989017166
0.183621404532
0.182567323423
0.180582115551
0.178547021837
0.177863118095
0.178518179048
0.181171077781
0.181967128497
0.18262220998
0.181397654881
0.179925905239
0.17778259381
0.176313929036
0.176845889312
0.177797305331
0.178427070817
0.178468424897
0.176959460049
0.175080334872
0.173072358337
0.172274307823
0.172391666924
0.172979283124
0.174136761541
0.175448905566
0.175175184275
0.174540290979
0.172717506298
0.171906187614
0.171022417532
0.171110526941
0.172833860138
0.174495146394
0.175404724014
0.174442068922
0.173502974448
0.172676753809
0.172762547729
0.173424085094
0.175164005026
0.176922122977
0.178676574457
0.178918379656
0.178261521116
0.175890565322
0.174501030585
0.173147614686
0.17399130905
0.174898544889
0.177102973979
0.178218134112
0.178609525026
0.177910058063
0.175661370881
0.173369229034
0.171273642779
0.170929490507
0.171873527742
0.173190907173
0.17524494227
0.176812694326
0.177102059116
0.176254568416
0.174590151284
0.173439282194
0.173000882732
0.173533911811
0.175186763795
0.176906678968
0.177995330227
0.17826627893
0.178246322771
0.178746086528
0.17819945662
0.178042340313
0.177401384777
0.178812326718
0.180352732897
0.182356412162
0.184722614611
0.18563644698
0.186550309261
0.185315633967
0.184544373722
0.183856145676
0.184231085945
0.185456490695
0.186288130763
0.187049720395
0.188582451264
0.189518629116
0.19033815963
0.187981859851
0.186511138106
0.184040414588
0.184093234451
0.182986229428
0.183344717804
0.183751151981
0.184868090503
0.186421584195
0.186188450363
0.187220233968
0.18678786741
0.186988968525
0.186986876719
0.187699919962
0.190594063496
0.193211725351
0.195878483569
0.198093763232
0.200065038993
0.202576572929
0.203380631904
0.202580547137
0.201371805159
0.200850235137
0.201958818442
0.201469480445
0.201800230096
0.202408506781
0.204160039507
0.205129254097
0.20524421607
0.203634446808
0.202163376102
0.19863580901
0.196344651351
0.19371382709
0.193280602491
0.193857734806
0.19528600785
0.197631511424
0.199570907289
0.201221727966
0.20137355339
0.200547084174
0.198332680067
0.197177161982
0.196616772664
0.197010118506
0.197337910483
0.198302826231
0.199599012461
0.200130084786
0.202036198909
0.203620688495
0.205485731028
0.205195225548
0.203812357671
0.202496384848
0.202584491629
0.203817406295
0.205955225358
0.207761406104
0.209686529923
0.21168760681
0.213872799263
0.214687243579
0.214536989821
0.213218404383
0.212958776426
0.210942113632
0.210026336726
0.209026369524
0.209798390998
0.209119396392
0.208958428308
0.208865648171
0.209282156653
0.210072259918
0.20942465346
0.208699499639
0.206050659154
0.205065460356
0.203283480998
0.203288844131
0.201864756907
0.20191402134
0.201799636138
0.202588378667
0.20390818405
0.203898869355
0.204494833808
0.203914047734
0.203717211623
0.202195306606
0.20143191781
0.200360515693
0.19993395908
0.199629799856
0.198833374605
0.198349275904
0.196975689477
0.197163290185
0.1977008302
0.198633809123
0.198629851745
0.197769294408
0.196442378482
0.195865242615
0.194493021721
0.19389822173
0.191757948406
0.190757976637
0.188190173325
0.186907480795
0.182927078727
0.180739404937
0.176897498721
0.176495756395
0.173407570506
0.171165937318
0.16701602678
0.165283137439
0.163748538175
0.162107716982
0.160086791642
0.157952938096
0.156083722715
0.154438444522
0.152185659841
0.15039115311
0.147213490444
END
