380.3
381.1
381.9
382.7
383.5
384.4
385.2
386.0
386.8
387.6
388.4
389.2
390.1
390.9
391.7
392.5
393.3
394.1
394.9
395.8
396.6
397.4
398.2
399.0
399.8
400.6
401.5
402.3
403.1
403.9
404.7
405.5
406.3
407.2
408.0
408.8
409.6
410.4
411.2
412.0
412.8
413.7
414.5
415.3
416.1
416.9
417.7
418.5
419.4
420.2
421.0
421.8
422.6
423.4
424.2
425.1
425.9
426.7
427.5
428.3
429.1
429.9
430.8
431.6
432.4
433.2
434.0
434.8
435.6
436.4
437.3
438.1
438.9
439.7
440.5
441.3
442.1
443.0
443.8
444.6
445.4
446.2
447.0
447.8
448.7
449.5
450.3
451.1
451.9
452.7
453.5
454.4
455.2
456.0
456.8
457.6
458.4
459.2
460.0
460.9
461.7
462.5
463.3
464.1
464.9
465.7
466.6
467.4
468.2
469.0
469.8
470.6
471.4
472.3
473.1
473.9
474.7
475.5
476.3
477.1
478.0
478.8
479.6
480.4
481.2
482.0
482.8
483.6
484.5
485.3
486.1
486.9
487.7
488.5
489.3
490.2
491.0
491.8
492.6
493.4
494.2
495.0
495.9
496.7
497.5
498.3
499.1
499.9
500.7
501.6
502.4
503.2
504.0
504.8
505.6
506.4
507.2
508.1
508.9
509.7
510.5
511.3
512.1
512.9
513.7
514.5
515.3
516.1
516.8
517.6
518.4
519.2
520.0
520.8
521.5
522.3
523.1
523.9
524.7
525.5
526.2
527.0
527.8
528.6
529.4
530.2
530.9
531.7
532.5
533.3
534.1
534.9
535.6
536.4
537.2
538.0
538.8
539.6
540.3
541.1
541.9
542.7
543.5
544.3
545.0
545.8
546.6
547.4
548.2
549.0
549.7
550.5
551.3
552.1
552.9
553.7
554.4
555.2
556.0
556.8
557.6
558.4
559.1
559.9
560.7
561.5
562.3
563.1
563.8
564.6
565.4
566.2
567.0
567.8
568.5
569.3
570.1
570.9
571.7
572.5
573.2
574.0
574.8
575.6
576.4
577.2
577.9
578.7
579.5
580.3
581.1
581.9
582.6
583.4
584.2
585.0
585.8
586.6
587.3
588.1
588.9
589.6
590.3
591.1
591.8
592.6
593.3
594.0
594.8
595.5
596.3
597.0
597.7
598.5
599.2
600.0
600.7
601.5
602.2
602.9
603.7
604.4
605.2
605.9
606.6
607.4
608.1
608.9
609.6
610.3
611.1
611.8
612.6
613.3
614.0
614.8
615.5
616.3
617.0
617.7
618.5
619.2
620.0
620.7
621.4
622.2
622.9
623.7
624.4
625.2
625.9
626.6
627.4
628.1
628.9
629.6
630.3
631.1
631.8
632.6
633.3
634.0
634.8
635.5
636.3
637.0
637.7
638.5
639.2
640.0
640.7
641.4
642.2
642.9
643.7
644.4
645.1
645.9
646.6
647.4
648.1
648.8
649.6
650.3
651.1
651.8
652.6
653.3
654.0
654.8
655.5
656.3
657.0
657.7
658.5
659.2
660.0
660.7
661.4
662.2
662.9
663.7
664.4
665.1
665.9
666.6
667.4
668.1
668.9
669.6
670.4
671.2
671.9
672.7
673.4
674.2
674.9
675.7
676.5
677.2
678.0
678.7
679.5
680.2
681.0
681.8
682.5
683.3
684.0
684.8
685.5
686.3
687.1
687.8
688.6
689.3
690.1
690.8
691.6
692.4
693.1
693.9
694.6
695.4
696.1
696.9
697.7
698.4
699.2
699.9
700.7
701.4
702.2
703.0
703.7
704.5
705.2
706.0
706.8
707.6
708.4
709.2
710.0
710.8
711.6
712.4
713.2
714.0
714.8
715.6
716.4
717.2
718.0
718.8
719.6
720.4
721.2
722.0
722.8
723.6
724.4
725.2
726.0
726.8
727.6
728.4
729.2
730.0
730.8
731.6
732.4
733.2
734.0
734.8
735.6
736.4
737.2
738.0
738.8
739.6
740.4
741.2
742.0
742.8
743.6
744.4
745.2
746.0
746.8
747.6
748.4
749.2
750.0
750.8
751.6
752.4
753.2
754.0
754.8
755.6
756.4
757.2
758.0
758.8
759.6
760.4
761.2
762.0
762.8
763.6
764.4
765.2
766.0
766.8
767.6
768.4
769.2
770.0
770.8
771.6
772.4
773.2
774.1
774.9
775.7
776.5
777.3
778.1
778.9
779.7
780.5
781.3
782.1
782.9
783.7
784.5
785.3
786.1
786.9
787.7
788.5
789.3
790.1
790.9
791.7
792.5
793.3
794.1
794.9
795.7
796.5
797.3
798.1
798.9
799.7
800.5
801.3
802.1
802.9
803.7
804.5
805.3
806.1
806.9
807.7
808.5
809.3
810.1
810.9
811.7
812.5
813.3
814.1
814.9
815.7
816.5
817.3
818.1
818.9
819.7
820.5
821.3
822.1
822.9
823.7
824.5
825.3
826.1
826.9
827.7
828.5
829.3
830.1
830.9
831.7
832.6
833.4
834.3
835.1
835.9
836.8
837.6
838.5
839.3
840.2
841.0
841.9
842.7
843.5
844.4
845.2
846.1
846.9
847.8
848.6
849.4
850.3
851.1
852.0
852.8
853.7
854.5
855.3
856.2
857.0
857.9
858.7
859.6
860.4
861.3
862.1
862.9
863.8
864.6
865.5
866.3
867.2
868.0
868.8
869.7
870.5
871.4
872.2
873.1
873.9
874.8
875.6
876.4
877.3
878.1
879.0
879.8
880.7
881.5
882.3
883.2
884.0
884.9
885.7
886.6
887.4
888.2
889.1
889.9
890.8
891.6
892.5
893.3
894.2
895.0
895.8
896.7
897.5
898.4
899.2
NEXT_SERIES
0.370383138134
0.372185003732
0.372173791892
0.374444291255
0.377721535147
0.383717865959
0.394140422748
0.405710729869
0.420485320841
0.435733514367
0.452034229592
0.46915433539
0.48789039355
0.507504747345
0.527686252832
0.548102026802
0.566883651564
0.584055093908
0.596649603238
0.604872874695
0.610124016351
0.610794068577
0.609734009785
0.605578675679
0.600198507911
0.592248726595
0.583518816498
0.573914393398
0.565865907654
0.557437866368
0.550663566926
0.545642930018
0.542025644572
0.539345670722
0.53686788452
0.536139601927
0.536172328134
0.537805361681
0.539121077332
0.540800918694
0.541507495107
0.543881871036
0.548361574679
0.553341259381
0.557945693983
0.56195626365
0.566133107983
0.569683091633
0.57307387017
0.575610743206
0.577909560626
0.579312068365
0.58130879886
0.581992123836
0.583621603328
0.58319285436
0.58561152315
0.585860998158
0.587887212409
0.58660441199
0.586763088563
0.586280844093
0.586240524687
0.58487526098
0.583085947671
0.581610982636
0.57826468823
0.575097965672
0.571712671767
0.569614336479
0.567998871425
0.564917287784
0.561976607402
0.557041912159
0.552979255257
0.548250855217
0.544635627096
0.541139929338
0.5384933312
0.534271338378
0.530578078105
0.527493361266
0.524929313625
0.521670352853
0.517176126016
0.513635711434
0.509432009712
0.505436015052
0.502079010808
0.499719888138
0.497170656552
0.494473839808
0.491287749523
0.487814083831
0.484285938335
0.481493937481
0.478903662463
0.475412741304
0.472895838807
0.470952100749
0.469220660527
0.465879615693
0.463561131969
0.463341382476
0.463941625376
0.464398122924
0.463309839486
0.462970304341
0.460033272201
0.459431530946
0.457989257242
0.459061217169
0.459288797466
0.459420127877
0.460286345042
0.462194704437
0.463221690198
0.463733716255
0.463576485358
0.464603779358
0.464582301075
0.465284855507
0.466048120644
0.467915917957
0.469135645266
0.472192360803
0.474138055241
0.474781261299
0.474909505198
0.475890662955
0.477122665383
0.47754579385
0.478144262653
0.480047095918
0.481658560766
0.483197384237
0.484112106531
0.487304329346
0.489999310873
0.49202091089
0.493308298246
0.494545874098
0.496732099824
0.497412998714
0.50001200444
0.501653053849
0.503354515589
0.50547628576
0.507223797074
0.509693390381
0.509707518541
0.510499206237
0.510042798543
0.509235049955
0.507663483945
0.50613459525
0.50524537366
0.503904995761
0.504144126557
0.505602561013
0.506233861004
0.504601325361
0.502849845721
0.502949856526
0.503334484281
0.501890615279
0.499089358701
0.496469785604
0.49406132954
0.493348539832
0.492172367366
0.490747376469
0.487591072047
0.486031305882
0.484935566575
0.484496848744
0.482902082229
0.482207131718
0.482513363817
0.48282029716
0.483539864386
0.481383529876
0.479960731091
0.47709260182
0.475462631701
0.473623144661
0.470962285788
0.468296205933
0.465915620215
0.463934406336
0.462810251937
0.460846783916
0.459512430769
0.457763182858
0.455693777389
0.453939508767
0.452223182329
0.451391664218
0.449535127633
0.447695462544
0.445197054916
0.443891875584
0.442126703547
0.439799248984
0.436661489846
0.433668026622
0.430495984715
0.426828371523
0.423119460284
0.420055224002
0.417037469294
0.413565213583
0.410421749256
0.407784481535
0.405889922005
0.403580698137
0.400574274282
0.39786135326
0.39450751764
0.392295815937
0.388889340893
0.386393788555
0.382296778115
0.378425954513
0.373975761479
0.370038504735
0.366903232722
0.36306830233
0.359472590367
0.355240846858
0.352406415648
0.349229775516
0.34647457953
0.343196815761
0.3397044768
0.336808583244
0.334078892023
0.330946536905
0.32753164103
0.323512036969
0.320996847867
0.317434892453
0.314555961545
0.310521153812
0.307472452584
0.303425811158
0.299629577863
0.295103515152
0.290858592635
0.287937440713
0.284789479474
0.282322166622
0.278841159844
0.275880404482
0.27436204477
0.27219226699
0.270757673664
0.266917071591
0.264183100405
0.260563479313
0.257375351406
0.253731121562
0.250509051178
0.248585570024
0.24546523098
0.242690416564
0.238950296753
0.236782352252
0.233731879573
0.231353107773
0.229052524857
0.226102382762
0.223841660171
0.222118684482
0.221837816638
0.221163659307
0.219612278672
0.218633238345
0.217419592483
0.217289087212
0.21652998906
0.215399498782
0.213390352294
0.210558109445
0.209156257829
0.207805868851
0.206338160936
0.20368268281
0.201260039114
0.200319762793
0.199118394342
0.197811067314
0.195401320781
0.194526449988
0.193680793141
0.194109050591
0.192966561043
0.192617866145
0.191820403159
0.192702618748
0.192969331913
0.194028617671
0.193669825461
0.193199889633
0.192267501939
0.192540066058
0.191905455162
0.190756904864
0.188335891699
0.186825697633
0.186383421311
0.186131117613
0.18507621359
0.182624611428
0.18000416221
0.178999859832
0.179014052409
0.179032756233
0.177725215162
0.17594557244
0.175218558533
0.175516669127
0.176216584947
0.175164185416
0.174197108029
0.17269136752
0.172604257605
0.171941409057
0.172505936103
0.17126225925
0.171038962378
0.168972564217
0.168953098788
0.167757304146
0.167633686058
0.166370741362
0.166818810646
0.165267492239
0.165248237842
0.162765811265
0.163272152566
0.162285708382
0.163922077103
0.163336556597
0.164469688605
0.163894763483
0.164974553368
0.165487825053
0.165785990536
0.165731319196
0.164765765699
0.16597838952
0.167393889304
0.16933838658
0.169295786162
0.169291522827
0.168720418536
0.169935419693
0.170101568724
0.17276106695
0.173569045924
0.175099565531
0.175041579346
0.176523569931
0.179613330969
0.183047601472
0.186192613771
0.187346226329
0.188347664407
0.190035726187
0.192985141135
0.196902358404
0.200384585435
0.202924466023
0.203926618384
0.203918663289
0.20454774645
0.205960475881
0.208510630699
0.211090380489
0.212292071105
0.210869421574
0.208235172187
0.206380343189
0.206710738709
0.207375286123
0.207448350965
0.205631995065
0.202386797862
0.19924783319
0.195925483047
0.195831967394
0.193762527738
0.192876278517
0.188581498601
0.185445724716
0.181220997822
0.178565898962
0.177721601722
0.176805911579
0.175803332595
0.172708852419
0.16975275106
0.166228849765
0.164046601155
0.163282812292
0.163351163564
0.163923780921
0.161874836103
0.15955399301
0.155218802378
0.152803100199
0.150850142443
0.151167735416
0.152584136048
0.152789839015
0.151630354729
0.148711603646
0.147051728838
0.145941128198
0.145678771338
0.147284938169
0.147954016199
0.149334350199
0.147695814491
0.147196876728
0.145932146913
0.145661531114
0.147004664885
0.148910775401
0.150969608362
0.150953264169
0.150131479292
0.148236835253
0.14615458589
0.145862032534
0.146591545325
0.148718588453
0.149131942652
0.149442488084
0.148136766953
0.147004833851
0.145519331759
0.145167895324
0.145510433137
0.14653494687
0.146669409242
0.146885424963
0.145704773324
0.144688766842
0.14357522871
0.142677226818
0.142219125518
0.142052686465
0.142899189764
0.144112540549
0.144504410326
0.144074523848
0.142928556616
0.141406302953
0.14132253162
0.14197462792
0.143462909255
0.145004264906
0.145012677219
0.144004648825
0.142229583697
0.141788854951
0.142233333056
0.14310891155
0.14431656195
0.146186261425
0.147381203333
0.147180464332
0.146547854253
0.145047211216
0.144128798092
0.143440457939
0.143826397337
0.145050103852
0.146300607563
0.147123613613
0.14723637557
0.146518849287
0.145278484516
0.143406372909
0.142154223822
0.141890614041
0.142990632733
0.143400672629
0.144929413482
0.146161840691
0.14610615733
0.145505947733
0.14368607472
0.14327325868
0.142530467189
0.142993814305
0.144278001016
0.145078446691
0.146276801041
0.147152851754
0.147657053851
0.148262127376
0.146627745926
0.146625974474
0.145742575974
0.147351829402
0.148200850755
0.149573745892
0.151368190803
0.152173510296
0.152667499087
0.151555236732
0.15081969805
0.150332154162
0.15094512597
0.152161970152
0.153213425148
0.154006991541
0.155789814984
0.156286788395
0.156512920844
0.154207447161
0.153121508011
0.151587888238
0.151386253628
0.150276802883
0.150146493089
0.150457647945
0.151494834895
0.152975003741
0.152632159321
0.153222131962
0.152485534222
0.152390183821
0.152150947034
0.152728191727
0.15475882869
0.156917996168
0.159551849853
0.162509466447
0.164373252198
0.166038982809
0.166024811766
0.165311961012
0.164516581695
0.164009726835
0.164744150634
0.164219579792
0.164351996477
0.165144218661
0.166495304406
0.166893317091
0.166672622352
0.165495216666
0.165114427446
0.162836122614
0.161083116271
0.158458121324
0.15774610695
0.157789426083
0.158960088857
0.160532305258
0.162400459611
0.164152502356
0.164638218876
0.164068961396
0.162465477413
0.161876527544
0.161012933276
0.160523635784
0.160303622131
0.161111256602
0.162804113023
0.162878024211
0.165074772079
0.166418200687
0.168670881002
0.167744551473
0.166633319345
0.165645567633
0.166052818479
0.167413539714
0.168895543511
0.170133189844
0.171715839251
0.1736520373
0.17577000077
0.176491356194
0.175887505464
0.17472852228
0.173764362573
0.172405201053
0.171647792768
0.171404831454
0.171544864929
0.170732791362
0.17041462394
0.171112836757
0.171813978192
0.172758174183
0.172302034014
0.171386413506
0.168999033538
0.167758856539
0.166445116045
0.165473160513
0.165372261417
0.166099088461
0.167161242791
0.167458672265
0.168022264054
0.167922884631
0.167782980316
0.166833255115
0.166125800892
0.165322136948
0.165180136293
0.164990514072
0.163585792234
0.162398385258
0.160907250485
0.161298502621
0.161442935259
0.161241941392
0.161742555614
0.161333102611
0.162181104102
0.161064366156
0.160984545603
0.160212415624
0.159065754834
0.15796398728
0.156240567837
0.154737594673
0.152835160695
0.151023438697
0.148949155644
0.147093104745
0.145178479605
0.143194612937
0.140644159709
0.138343465366
0.13611553103
0.134004500704
0.132670739552
0.131336729351
0.130253121021
0.128454214667
0.127826130305
0.125484660774
0.124647523831
0.12195607625
0.12120649684
END
