380.3
381.1
381.9
382.7
383.5
384.4
385.2
386.0
386.8
387.6
388.4
389.2
390.1
390.9
391.7
392.5
393.3
394.1
394.9
395.8
396.6
397.4
398.2
399.0
399.8
400.6
401.5
402.3
403.1
403.9
404.7
405.5
406.3
407.2
408.0
408.8
409.6
410.4
411.2
412.0
412.8
413.7
414.5
415.3
416.1
416.9
417.7
418.5
419.4
420.2
421.0
421.8
422.6
423.4
424.2
425.1
425.9
426.7
427.5
428.3
429.1
429.9
430.8
431.6
432.4
433.2
434.0
434.8
435.6
436.4
437.3
438.1
438.9
439.7
440.5
441.3
442.1
443.0
443.8
444.6
445.4
446.2
447.0
447.8
448.7
449.5
450.3
451.1
451.9
452.7
453.5
454.4
455.2
456.0
456.8
457.6
458.4
459.2
460.0
460.9
461.7
462.5
463.3
464.1
464.9
465.7
466.6
467.4
468.2
469.0
469.8
470.6
471.4
472.3
473.1
473.9
474.7
475.5
476.3
477.1
478.0
478.8
479.6
480.4
481.2
482.0
482.8
483.6
484.5
485.3
486.1
486.9
487.7
488.5
489.3
490.2
491.0
491.8
492.6
493.4
494.2
495.0
495.9
496.7
497.5
498.3
499.1
499.9
500.7
501.6
502.4
503.2
504.0
504.8
505.6
506.4
507.2
508.1
508.9
509.7
510.5
511.3
512.1
512.9
513.7
514.5
515.3
516.1
516.8
517.6
518.4
519.2
520.0
520.8
521.5
522.3
523.1
523.9
524.7
525.5
526.2
527.0
527.8
528.6
529.4
530.2
530.9
531.7
532.5
533.3
534.1
534.9
535.6
536.4
537.2
538.0
538.8
539.6
540.3
541.1
541.9
542.7
543.5
544.3
545.0
545.8
546.6
547.4
548.2
549.0
549.7
550.5
551.3
552.1
552.9
553.7
554.4
555.2
556.0
556.8
557.6
558.4
559.1
559.9
560.7
561.5
562.3
563.1
563.8
564.6
565.4
566.2
567.0
567.8
568.5
569.3
570.1
570.9
571.7
572.5
573.2
574.0
574.8
575.6
576.4
577.2
577.9
578.7
579.5
580.3
581.1
581.9
582.6
583.4
584.2
585.0
585.8
586.6
587.3
588.1
588.9
589.6
590.3
591.1
591.8
592.6
593.3
594.0
594.8
595.5
596.3
597.0
597.7
598.5
599.2
600.0
600.7
601.5
602.2
602.9
603.7
604.4
605.2
605.9
606.6
607.4
608.1
608.9
609.6
610.3
611.1
611.8
612.6
613.3
614.0
614.8
615.5
616.3
617.0
617.7
618.5
619.2
620.0
620.7
621.4
622.2
622.9
623.7
624.4
625.2
625.9
626.6
627.4
628.1
628.9
629.6
630.3
631.1
631.8
632.6
633.3
634.0
634.8
635.5
636.3
637.0
637.7
638.5
639.2
640.0
640.7
641.4
642.2
642.9
643.7
644.4
645.1
645.9
646.6
647.4
648.1
648.8
649.6
650.3
651.1
651.8
652.6
653.3
654.0
654.8
655.5
656.3
657.0
657.7
658.5
659.2
660.0
660.7
661.4
662.2
662.9
663.7
664.4
665.1
665.9
666.6
667.4
668.1
668.9
669.6
670.4
671.2
671.9
672.7
673.4
674.2
674.9
675.7
676.5
677.2
678.0
678.7
679.5
680.2
681.0
681.8
682.5
683.3
684.0
684.8
685.5
686.3
687.1
687.8
688.6
689.3
690.1
690.8
691.6
692.4
693.1
693.9
694.6
695.4
696.1
696.9
697.7
698.4
699.2
699.9
700.7
701.4
702.2
703.0
703.7
704.5
705.2
706.0
706.8
707.6
708.4
709.2
710.0
710.8
711.6
712.4
713.2
714.0
714.8
715.6
716.4
717.2
718.0
718.8
719.6
720.4
721.2
722.0
722.8
723.6
724.4
725.2
726.0
726.8
727.6
728.4
729.2
730.0
730.8
731.6
732.4
733.2
734.0
734.8
735.6
736.4
737.2
738.0
738.8
739.6
740.4
741.2
742.0
742.8
743.6
744.4
745.2
746.0
746.8
747.6
748.4
749.2
750.0
750.8
751.6
752.4
753.2
754.0
754.8
755.6
756.4
757.2
758.0
758.8
759.6
760.4
761.2
762.0
762.8
763.6
764.4
765.2
766.0
766.8
767.6
768.4
769.2
770.0
770.8
771.6
772.4
773.2
774.1
774.9
775.7
776.5
777.3
778.1
778.9
779.7
780.5
781.3
782.1
782.9
783.7
784.5
785.3
786.1
786.9
787.7
788.5
789.3
790.1
790.9
791.7
792.5
793.3
794.1
794.9
795.7
796.5
797.3
798.1
798.9
799.7
800.5
801.3
802.1
802.9
803.7
804.5
805.3
806.1
806.9
807.7
808.5
809.3
810.1
810.9
811.7
812.5
813.3
814.1
814.9
815.7
816.5
817.3
818.1
818.9
819.7
820.5
821.3
822.1
822.9
823.7
824.5
825.3
826.1
826.9
827.7
828.5
829.3
830.1
830.9
831.7
832.6
833.4
834.3
835.1
835.9
836.8
837.6
838.5
839.3
840.2
841.0
841.9
842.7
843.5
844.4
845.2
846.1
846.9
847.8
848.6
849.4
850.3
851.1
852.0
852.8
853.7
854.5
855.3
856.2
857.0
857.9
858.7
859.6
860.4
861.3
862.1
862.9
863.8
864.6
865.5
866.3
867.2
868.0
868.8
869.7
870.5
871.4
872.2
873.1
873.9
874.8
875.6
876.4
877.3
878.1
879.0
879.8
880.7
881.5
882.3
883.2
884.0
884.9
885.7
886.6
887.4
888.2
889.1
889.9
890.8
891.6
892.5
893.3
894.2
895.0
895.8
896.7
897.5
898.4
899.2
NEXT_SERIES
0.139101975789
0.138123524127
0.137674031227
0.138477448558
0.141168944883
0.144900730197
0.152781554266
0.162561071602
0.175708462516
0.190143802913
0.206983976586
0.223632903836
0.242285178151
0.259685035551
0.277213427998
0.293663215556
0.309045510852
0.322698113922
0.332738714939
0.340558051569
0.344328551272
0.345066524458
0.342448253717
0.338088213937
0.331449853417
0.324519123538
0.317954466831
0.311925926755
0.305056052069
0.29828810439
0.292574006865
0.289139350041
0.285414193098
0.283983762606
0.282872094044
0.284049962307
0.284148733135
0.284993015021
0.287320387056
0.29033931768
0.293476095648
0.296374932715
0.300141361822
0.304870392703
0.310237806577
0.314891872171
0.317799260847
0.320500552214
0.323770523304
0.328515061141
0.331499952261
0.333498028805
0.334501343292
0.335675706849
0.337899229284
0.339313878504
0.340401476685
0.341891584536
0.343089664065
0.343810370648
0.343085756886
0.342811248587
0.341189143468
0.340329038026
0.339061988231
0.340083806317
0.338410971357
0.336664270665
0.333588623482
0.331860061486
0.330424101967
0.327552773404
0.324272634288
0.320410500463
0.316736740811
0.313673531043
0.310147691884
0.307901106874
0.305285586324
0.302258633105
0.298852235734
0.295798917829
0.293102198562
0.290244012865
0.286482812964
0.282919021927
0.279398028769
0.276396032609
0.273453023776
0.271183222333
0.267413670304
0.26387222101
0.26116203187
0.25845852144
0.257002827258
0.253510706005
0.250787884483
0.246675151515
0.243223427684
0.240297984024
0.238476236277
0.235358783895
0.232764632799
0.23075544083
0.228416727896
0.227116650576
0.224578710073
0.224641666141
0.221859654925
0.220253791327
0.219167773582
0.219307916806
0.218399476552
0.216247527934
0.215618103998
0.214783925774
0.214730321177
0.213397307495
0.212840307117
0.2113926489
0.209989090644
0.208540002193
0.208208877104
0.207343061949
0.207083333487
0.206111341539
0.206049793541
0.20660877449
0.207214403812
0.207303813281
0.206204777107
0.204412128658
0.203756458038
0.202522145143
0.203459055346
0.203462270594
0.204188620004
0.203345518348
0.203015133841
0.20257800014
0.202556126745
0.202785075683
0.202914652496
0.202884913078
0.202676531704
0.202409467803
0.202627341756
0.20336086246
0.203855634789
0.204473046785
0.204124563534
0.203212286526
0.201650787591
0.198965142936
0.197457053148
0.195850232689
0.19489116192
0.192919074481
0.191335779329
0.190300044062
0.189655687454
0.187833289518
0.186435983939
0.185055347801
0.183472741207
0.181720913126
0.179275454401
0.177991885996
0.17473185521
0.173166632818
0.170231817219
0.169289417852
0.166941530975
0.16634797557
0.16474568401
0.163348802227
0.161833981452
0.16227592981
0.1621751667
0.161689830987
0.160442338913
0.160336810825
0.159856858947
0.158864026108
0.156627127671
0.155219374077
0.153281375726
0.152468555358
0.151077969475
0.150056178529
0.14917282421
0.148439041966
0.148407008737
0.147601739209
0.14760795287
0.146671622024
0.147439129498
0.147972804451
0.147957795479
0.147187353996
0.146008216568
0.146083198853
0.145458488806
0.143796292242
0.143126756947
0.141824035133
0.141350373523
0.13951938185
0.138017764516
0.137357621818
0.136567474033
0.135695032954
0.134968305913
0.134610887906
0.135301429866
0.135219907171
0.135018973343
0.134620681644
0.134636150573
0.13478599874
0.13449427369
0.133773720757
0.132680566077
0.132018061254
0.131184374041
0.130604748645
0.129532085022
0.128774885457
0.127988144273
0.127983310633
0.127186554578
0.127397356831
0.127741629553
0.127987697239
0.127561273463
0.126276949061
0.126534236321
0.126328735153
0.126772128333
0.126543074944
0.126571047602
0.12616350305
0.125701950317
0.12518820531
0.12464278206
0.123625982965
0.12331478676
0.122794271733
0.122658616962
0.121344481404
0.121400218765
0.121069244449
0.121603594288
0.121173417102
0.121682314907
0.121458999097
0.121872038508
0.121333420908
0.121693041667
0.120787550559
0.119962155128
0.119002485568
0.118059508284
0.118475060841
0.117619472378
0.117016501177
0.115570621488
0.11469413098
0.114005297222
0.11374909789
0.113441146506
0.113690881889
0.112816799423
0.113469690992
0.114143342613
0.115689548445
0.115590786044
0.115394950084
0.115714661493
0.117068116304
0.118103875498
0.118027123371
0.11739941601
0.116962878811
0.116826097556
0.116895764619
0.115828854753
0.114470179177
0.113033700247
0.113726580217
0.113366063029
0.112949902319
0.110788293339
0.110948666556
0.110588496051
0.111860389552
0.112060078685
0.113053298827
0.112817212616
0.113963360408
0.115213440038
0.116397950294
0.117115380035
0.117422841682
0.11759705209
0.118507912508
0.118169206459
0.117840321055
0.116073165812
0.115392083123
0.115057082275
0.114835277834
0.113976376035
0.112891630951
0.111575267077
0.110620401357
0.110998250172
0.111530468018
0.111470876923
0.110261907963
0.109645321592
0.109824386075
0.110908082071
0.110319790603
0.110425112379
0.10925189922
0.109733994846
0.109684172072
0.110887811496
0.109965247762
0.110022861099
0.108402434667
0.108998319546
0.108258093678
0.109150391503
0.108105648716
0.108509572008
0.106574925966
0.107362895118
0.105956983154
0.107525967485
0.106690216522
0.108237978817
0.107685640292
0.109038911735
0.108452187114
0.109718228871
0.109772313619
0.110306767084
0.11019212578
0.109487440773
0.110593333796
0.111643144653
0.113420331737
0.113688052209
0.113701032952
0.113361291618
0.114205376814
0.114494882305
0.116728539542
0.116935190017
0.118129192559
0.118004341343
0.119728755787
0.122037022603
0.124600631559
0.127351990839
0.128349584097
0.129976618352
0.131301466845
0.133996163629
0.136443660452
0.138810144817
0.14042174044
0.141598923736
0.141692904892
0.142612651214
0.143442553035
0.144923915474
0.146486494765
0.147136068953
0.146559062232
0.144320072309
0.14341332273
0.143637763488
0.144622659309
0.144464624739
0.14282270064
0.139996936787
0.13778631857
0.135446441349
0.135854152538
0.134309227712
0.134027167961
0.130911069649
0.128927863666
0.125417544963
0.123372378357
0.123030163578
0.123059213565
0.122983065707
0.121158675434
0.119321652626
0.116022942199
0.113983322021
0.113097629559
0.113927876432
0.114613823741
0.11369173498
0.111482294442
0.107769519164
0.1058306664
0.104535654493
0.105256236992
0.106562686011
0.106785741245
0.106045282659
0.10337943721
0.102662772762
0.101502620368
0.101529932228
0.102950081715
0.103639934394
0.104752886136
0.103338598757
0.103253659278
0.102304589239
0.10187306493
0.102690030699
0.10484532681
0.107000627033
0.107300058185
0.106574119341
0.105389811768
0.103926056231
0.103283787076
0.102921310742
0.10490825658
0.105825578082
0.107213983194
0.106102602969
0.104969696437
0.103208770304
0.102913050015
0.102922876297
0.104167119311
0.104348093885
0.104848352211
0.103960669538
0.102876945653
0.101693678539
0.10064461884
0.10063114972
0.100690227658
0.101378014129
0.10231690975
0.10203702482
0.101922396583
0.100705649502
0.10008720683
0.0987969878669
0.0986557903203
0.0995026187723
0.101102686018
0.101593632449
0.101324013374
0.100397837719
0.0997026277283
0.0994526811052
0.100003907019
0.101427911182
0.103198652739
0.104131360677
0.104106211115
0.103845536145
0.102417176538
0.101148710698
0.100014530125
0.10051922339
0.10191179569
0.103575076029
0.104194568675
0.104422004468
0.103346297023
0.102047515631
0.100274840359
0.0991302846815
0.0988902417013
0.0997802050897
0.100910449198
0.102241136937
0.102689960748
0.102092915646
0.101524670618
0.100422702522
0.100321527943
0.0998027307851
0.10016944307
0.101128461717
0.102614476739
0.103925382823
0.104342335333
0.104182798107
0.103782251831
0.102700141659
0.102610717641
0.102466889845
0.103600661732
0.104316094208
0.105603273056
0.107027110736
0.107240435577
0.107327790845
0.105969100994
0.105920134271
0.10564317854
0.106475845221
0.107221095108
0.108092158346
0.108335638077
0.1093554557
0.109572787661
0.109634414422
0.107670186121
0.106454560594
0.104721128675
0.105041574694
0.104386966389
0.104724304409
0.105066261927
0.105800857856
0.107258160116
0.10590237503
0.105950633486
0.10592145223
0.106238263908
0.106454472514
0.10620113197
0.108243473562
0.109875407247
0.111835729842
0.11403646834
0.116194488773
0.117353511837
0.117288181304
0.116005574979
0.115125648725
0.114282556831
0.114905982789
0.114656939972
0.114722517614
0.114520339079
0.11552299256
0.116180292146
0.11611269231
0.114613058055
0.113940459045
0.112158422443
0.111312336833
0.109358552753
0.108846331981
0.108999317413
0.110031214612
0.11101743911
0.112612081516
0.113677260353
0.114647691762
0.113911997696
0.112717940427
0.111547773683
0.111089505625
0.111169688078
0.110816609923
0.1110638223
0.111823069315
0.112863426911
0.113861131167
0.114774877613
0.115604547784
0.115964437696
0.115382817721
0.115205908339
0.114721617059
0.11549342684
0.116123146206
0.117540420047
0.118847385778
0.120774684321
0.122132914585
0.122665050352
0.122042477908
0.12160468989
0.120762053748
0.119708304151
0.118713457108
0.118270044607
0.11812596175
0.117801261517
0.117940346129
0.118884413812
0.118914395183
0.119041402321
0.117967618028
0.117394061878
0.115479185492
0.114841293475
0.112917148897
0.11271723083
0.112036793415
0.112986831835
0.113350992523
0.113284429718
0.113581325513
0.113524423816
0.114186945152
0.113640893861
0.113423936201
0.112365478165
0.11176625029
0.110633983734
0.109933669943
0.109766544053
0.108411105902
0.107459345644
0.10744639319
0.107555875945
0.108004144869
0.107793272905
0.107612261221
0.106954151779
0.106379898788
0.106186659196
0.105388267559
0.103862378989
0.102190630297
0.101446666185
0.099140051468
0.0976307544756
0.0942431758407
0.0928952253964
0.0911397982858
0.0901689963464
0.0876761148247
0.0860419648771
0.0850841153209
0.0839367097461
0.0824001471894
0.0805298007852
0.0795271954145
0.0784351537546
0.0769841056892
0.0751660794139
0.0737162347635
0.072269982116
0.0718769510374
END
