380.3
381.1
381.9
382.7
383.5
384.4
385.2
386.0
386.8
387.6
388.4
389.2
390.1
390.9
391.7
392.5
393.3
394.1
394.9
395.8
396.6
397.4
398.2
399.0
399.8
400.6
401.5
402.3
403.1
403.9
404.7
405.5
406.3
407.2
408.0
408.8
409.6
410.4
411.2
412.0
412.8
413.7
414.5
415.3
416.1
416.9
417.7
418.5
419.4
420.2
421.0
421.8
422.6
423.4
424.2
425.1
425.9
426.7
427.5
428.3
429.1
429.9
430.8
431.6
432.4
433.2
434.0
434.8
435.6
436.4
437.3
438.1
438.9
439.7
440.5
441.3
442.1
443.0
443.8
444.6
445.4
446.2
447.0
447.8
448.7
449.5
450.3
451.1
451.9
452.7
453.5
454.4
455.2
456.0
456.8
457.6
458.4
459.2
460.0
460.9
461.7
462.5
463.3
464.1
464.9
465.7
466.6
467.4
468.2
469.0
469.8
470.6
471.4
472.3
473.1
473.9
474.7
475.5
476.3
477.1
478.0
478.8
479.6
480.4
481.2
482.0
482.8
483.6
484.5
485.3
486.1
486.9
487.7
488.5
489.3
490.2
491.0
491.8
492.6
493.4
494.2
495.0
495.9
496.7
497.5
498.3
499.1
499.9
500.7
501.6
502.4
503.2
504.0
504.8
505.6
506.4
507.2
508.1
508.9
509.7
510.5
511.3
512.1
512.9
513.7
514.5
515.3
516.1
516.8
517.6
518.4
519.2
520.0
520.8
521.5
522.3
523.1
523.9
524.7
525.5
526.2
527.0
527.8
528.6
529.4
530.2
530.9
531.7
532.5
533.3
534.1
534.9
535.6
536.4
537.2
538.0
538.8
539.6
540.3
541.1
541.9
542.7
543.5
544.3
545.0
545.8
546.6
547.4
548.2
549.0
549.7
550.5
551.3
552.1
552.9
553.7
554.4
555.2
556.0
556.8
557.6
558.4
559.1
559.9
560.7
561.5
562.3
563.1
563.8
564.6
565.4
566.2
567.0
567.8
568.5
569.3
570.1
570.9
571.7
572.5
573.2
574.0
574.8
575.6
576.4
577.2
577.9
578.7
579.5
580.3
581.1
581.9
582.6
583.4
584.2
585.0
585.8
586.6
587.3
588.1
588.9
589.6
590.3
591.1
591.8
592.6
593.3
594.0
594.8
595.5
596.3
597.0
597.7
598.5
599.2
600.0
600.7
601.5
602.2
602.9
603.7
604.4
605.2
605.9
606.6
607.4
608.1
608.9
609.6
610.3
611.1
611.8
612.6
613.3
614.0
614.8
615.5
616.3
617.0
617.7
618.5
619.2
620.0
620.7
621.4
622.2
622.9
623.7
624.4
625.2
625.9
626.6
627.4
628.1
628.9
629.6
630.3
631.1
631.8
632.6
633.3
634.0
634.8
635.5
636.3
637.0
637.7
638.5
639.2
640.0
640.7
641.4
642.2
642.9
643.7
644.4
645.1
645.9
646.6
647.4
648.1
648.8
649.6
650.3
651.1
651.8
652.6
653.3
654.0
654.8
655.5
656.3
657.0
657.7
658.5
659.2
660.0
660.7
661.4
662.2
662.9
663.7
664.4
665.1
665.9
666.6
667.4
668.1
668.9
669.6
670.4
671.2
671.9
672.7
673.4
674.2
674.9
675.7
676.5
677.2
678.0
678.7
679.5
680.2
681.0
681.8
682.5
683.3
684.0
684.8
685.5
686.3
687.1
687.8
688.6
689.3
690.1
690.8
691.6
692.4
693.1
693.9
694.6
695.4
696.1
696.9
697.7
698.4
699.2
699.9
700.7
701.4
702.2
703.0
703.7
704.5
705.2
706.0
706.8
707.6
708.4
709.2
710.0
710.8
711.6
712.4
713.2
714.0
714.8
715.6
716.4
717.2
718.0
718.8
719.6
720.4
721.2
722.0
722.8
723.6
724.4
725.2
726.0
726.8
727.6
728.4
729.2
730.0
730.8
731.6
732.4
733.2
734.0
734.8
735.6
736.4
737.2
738.0
738.8
739.6
740.4
741.2
742.0
742.8
743.6
744.4
745.2
746.0
746.8
747.6
748.4
749.2
750.0
750.8
751.6
752.4
753.2
754.0
754.8
755.6
756.4
757.2
758.0
758.8
759.6
760.4
761.2
762.0
762.8
763.6
764.4
765.2
766.0
766.8
767.6
768.4
769.2
770.0
770.8
771.6
772.4
773.2
774.1
774.9
775.7
776.5
777.3
778.1
778.9
779.7
780.5
781.3
782.1
782.9
783.7
784.5
785.3
786.1
786.9
787.7
788.5
789.3
790.1
790.9
791.7
792.5
793.3
794.1
794.9
795.7
796.5
797.3
798.1
798.9
799.7
800.5
801.3
802.1
802.9
803.7
804.5
805.3
806.1
806.9
807.7
808.5
809.3
810.1
810.9
811.7
812.5
813.3
814.1
814.9
815.7
816.5
817.3
818.1
818.9
819.7
820.5
821.3
822.1
822.9
823.7
824.5
825.3
826.1
826.9
827.7
828.5
829.3
830.1
830.9
831.7
832.6
833.4
834.3
835.1
835.9
836.8
837.6
838.5
839.3
840.2
841.0
841.9
842.7
843.5
844.4
845.2
846.1
846.9
847.8
848.6
849.4
850.3
851.1
852.0
852.8
853.7
854.5
855.3
856.2
857.0
857.9
858.7
859.6
860.4
861.3
862.1
862.9
863.8
864.6
865.5
866.3
867.2
868.0
868.8
869.7
870.5
871.4
872.2
873.1
873.9
874.8
875.6
876.4
877.3
878.1
879.0
879.8
880.7
881.5
882.3
883.2
884.0
884.9
885.7
886.6
887.4
888.2
889.1
889.9
890.8
891.6
892.5
893.3
894.2
895.0
895.8
896.7
897.5
898.4
899.2
NEXT_SERIES
0.444989841472
0.446049353607
0.450191846533
0.453423486788
0.459240012826
0.46642108547
0.480628899896
0.497069402791
0.514902383639
0.531809452265
0.550528156102
0.570430579142
0.593228875465
0.615309687232
0.637910636223
0.656849342765
0.675414196825
0.692337404183
0.707146909878
0.718520730919
0.724608292389
0.726587522666
0.724517795712
0.720723190298
0.715663086291
0.707636664322
0.700771662127
0.692368540585
0.684631215129
0.674486749155
0.667254276076
0.661992809349
0.658324573986
0.654851577739
0.65233579248
0.65030205695
0.649712616133
0.650723848413
0.652671735281
0.654282555014
0.657046045149
0.659915777313
0.664111440009
0.667258990979
0.672123556235
0.676743028918
0.682339137579
0.686270668937
0.689877750659
0.692252675565
0.694017059435
0.696815207649
0.698573711048
0.700831905297
0.701845537589
0.703102800229
0.705151137508
0.706978414027
0.708664197853
0.707976645337
0.707299018161
0.705870258323
0.705529080636
0.703798244144
0.703786161614
0.702791630235
0.700802510924
0.697770819598
0.69615780419
0.695088560738
0.691844418647
0.687448061733
0.683212120861
0.679688902195
0.674814544474
0.668580418245
0.663672005968
0.659390442384
0.657711753379
0.653577519326
0.649157110837
0.643372042501
0.638198816628
0.633693896627
0.628530953399
0.624036677662
0.619803226643
0.614986142397
0.610674812695
0.605361736778
0.600865346149
0.596273914655
0.592726536515
0.588645483699
0.583388468523
0.577894413395
0.572597300086
0.567990050425
0.56376429911
0.559494553314
0.555810649009
0.552315028524
0.549164602596
0.547721304907
0.544098840219
0.54138117895
0.537346360805
0.536602101602
0.534616125361
0.533015369831
0.529665352063
0.527040737529
0.525474372252
0.525657379495
0.526290105662
0.525778932563
0.524097757687
0.520915542173
0.518692554833
0.5167589287
0.514976086862
0.514293590608
0.516008946367
0.51713722747
0.515512042604
0.512763895627
0.513684636078
0.51452095986
0.515157072957
0.513889993793
0.513772445249
0.512720258403
0.513349320534
0.511174676916
0.509930900843
0.507660668914
0.508530879602
0.509394544432
0.511149293651
0.511093243318
0.509782168335
0.508112066117
0.507050568777
0.507747539816
0.507029249278
0.50634304119
0.504939396075
0.505493591343
0.505480284319
0.506157539748
0.504410046575
0.50186276008
0.49855925369
0.494057761906
0.490721537829
0.486982371132
0.484700604299
0.480501680724
0.476214608564
0.473298154575
0.47047318468
0.467810496159
0.463359873874
0.461690826378
0.458111064024
0.454698165575
0.449781269935
0.445616740267
0.440531622621
0.436176506496
0.432898090658
0.430210518122
0.426153227563
0.422173668971
0.419628462772
0.417931626502
0.41491403775
0.412715650273
0.41070254516
0.409839338194
0.407420981776
0.405555929393
0.403519682338
0.40130609716
0.399407537151
0.397047773311
0.393305384188
0.388843131262
0.385371053157
0.384205508213
0.382550959059
0.380064417406
0.378567930203
0.377676512999
0.37726008149
0.375882606747
0.374674346449
0.374246636892
0.372519248334
0.37185500924
0.369814387482
0.369241444281
0.367428251521
0.365566172096
0.36383781625
0.360664775974
0.358842898039
0.355348323694
0.353030611036
0.350581475998
0.349706972405
0.348051148686
0.346296316693
0.34430856616
0.344057688617
0.343243229158
0.342604386913
0.34168806043
0.340883586859
0.340391930154
0.338145099108
0.336522668023
0.334513839703
0.333161203822
0.330596572616
0.328598158324
0.32706213396
0.326112415242
0.324000955838
0.322771302165
0.320984656615
0.32045922976
0.320498442144
0.319585026239
0.318152904396
0.316472595834
0.31653455785
0.316472330144
0.315982902174
0.31515794122
0.314215656672
0.312237425114
0.311001405674
0.309444166751
0.309177212006
0.306962648702
0.305829657798
0.304092550586
0.303439752546
0.302252363271
0.300680251036
0.299270569467
0.298305578814
0.297953292319
0.298793400266
0.298862596331
0.299444270668
0.298181533531
0.296734368194
0.294898723204
0.293410060046
0.292633804323
0.290858535604
0.289535280399
0.2872812202
0.285631689956
0.284421645517
0.283475137226
0.281746840627
0.279914158503
0.278575076835
0.277796045752
0.277155970776
0.277757456618
0.278612151202
0.279453727252
0.278818050406
0.278682110892
0.279579793759
0.281020254754
0.28201146986
0.280988750854
0.279847390154
0.278183215153
0.277821549591
0.276926978738
0.275766750458
0.274450831504
0.27285904645
0.273209306391
0.272336169455
0.272431249632
0.270047407302
0.269742887928
0.26850580638
0.270273046198
0.270288388067
0.271490075872
0.271075827167
0.272997049848
0.274662400668
0.27678715478
0.277429923988
0.277457766391
0.277618349216
0.278176967135
0.278239621285
0.27683231381
0.275019371909
0.273628701622
0.272990862773
0.272491534779
0.271512670686
0.270496295089
0.268195889547
0.266485938658
0.265582809551
0.265934245926
0.2655674948
0.264460158703
0.263280970614
0.262718582368
0.263632487619
0.262838927608
0.262977936096
0.261505398129
0.261875954649
0.260997689313
0.261616479655
0.260410492174
0.260530601474
0.258225563433
0.258302962964
0.256388576568
0.257197583317
0.255436151206
0.256301156547
0.254156337557
0.253938317616
0.251501748912
0.252758733023
0.252917124966
0.255834556963
0.255313395917
0.257194804016
0.256055512233
0.257888533792
0.258266964465
0.259462961637
0.259736649101
0.25959612094
0.261232117437
0.263337653919
0.266850504194
0.268419156854
0.269991453268
0.269691699401
0.272012654274
0.273365303114
0.278267230343
0.280495246659
0.283581212512
0.284328754799
0.287842210588
0.292200105286
0.298194257098
0.303298523648
0.307315185916
0.31019750439
0.313851735135
0.318266889462
0.323326601244
0.327872567001
0.333093056658
0.336740548485
0.338775669724
0.339662225587
0.341721964278
0.344465311869
0.347708339501
0.349992798603
0.349656178565
0.34668322569
0.34348933141
0.343413967252
0.343781389551
0.343764822442
0.340280640951
0.335361829376
0.32947273152
0.324300325291
0.321845849051
0.318510899372
0.316233670794
0.310162037817
0.304088703148
0.296816101982
0.291249715286
0.288377015319
0.285542198966
0.283705103502
0.279009094467
0.27444081654
0.267634614293
0.262844518834
0.259892255858
0.259482158551
0.259896314181
0.257370201226
0.25434140192
0.248182706042
0.244614980144
0.241022094973
0.241563124311
0.242512059305
0.242513681112
0.240166273357
0.235897919344
0.234038952465
0.232272403626
0.232994065438
0.234591266296
0.235806543745
0.236748743909
0.234697096422
0.23327028891
0.231054016133
0.230235881825
0.231268890304
0.233863742918
0.236082497415
0.236459085478
0.235550151838
0.234172226356
0.231963818432
0.231114070368
0.230944478862
0.233845587159
0.234048685911
0.234984583179
0.233130079956
0.232074960349
0.229578746899
0.228327218329
0.228966264226
0.230875857729
0.231945944119
0.232078231099
0.229852247242
0.227650680924
0.225166074032
0.223700808634
0.223796280833
0.224557743649
0.226208898259
0.226866878263
0.226222981537
0.224811102779
0.223622949393
0.221911493984
0.221806272609
0.221968054576
0.224667691079
0.226145932794
0.226683440967
0.225559969171
0.224427215643
0.223559089619
0.223712403466
0.224275299909
0.226020079253
0.227285426708
0.229312792836
0.228872920971
0.228597032327
0.225620687211
0.224687466961
0.22298087341
0.224182610336
0.225368599319
0.227539718813
0.228025684121
0.228437999272
0.22696903599
0.224863247771
0.221682567598
0.220354908055
0.220273340961
0.221709357269
0.223261278592
0.224516713975
0.225576777834
0.225340346216
0.225030021409
0.223319100459
0.222309354979
0.222280290864
0.223154731377
0.224850803101
0.226143523198
0.227156405214
0.226986599761
0.226694709843
0.227093802592
0.226487022857
0.226394832974
0.225516169464
0.226907774522
0.228278064016
0.230385835698
0.2322204137
0.233053077043
0.233607251145
0.233114810699
0.232493727823
0.231360894281
0.230857301534
0.23192091045
0.233678235301
0.234833102299
0.236446200957
0.236927323151
0.23747887537
0.234921070911
0.233009724097
0.230147103646
0.230150530542
0.228919880968
0.229425655512
0.229677841593
0.231352486824
0.233200680525
0.232951712485
0.233063924645
0.232151992522
0.231561637915
0.231469264295
0.232104795637
0.235448373304
0.238514754539
0.241484512661
0.244026944027
0.246518506859
0.248381295243
0.248941026063
0.247501784254
0.246294306346
0.24522730976
0.246016441099
0.245735182289
0.246785059999
0.247737467842
0.24920378073
0.249029183127
0.248573577793
0.247310199175
0.246480778519
0.243746008512
0.241350696148
0.238580329254
0.237197288501
0.237555979288
0.238052687022
0.240175466624
0.242139024854
0.244236593978
0.244521541004
0.243430463892
0.241848263687
0.240698299641
0.239727824448
0.239489556232
0.239393638629
0.240169412384
0.241300680376
0.242470887352
0.244238929154
0.245540606785
0.246526761092
0.246994621585
0.246317529035
0.245686524436
0.245244421014
0.246238737048
0.247918043602
0.249859518123
0.251526884254
0.253826753463
0.255530546399
0.256895300918
0.257168268701
0.256498895179
0.256045516607
0.253747457913
0.253617881249
0.252081857898
0.253008674691
0.251842798785
0.251955078132
0.251729067087
0.251727700152
0.251961898438
0.251615709582
0.250541003295
0.248246148197
0.246842527633
0.245182563609
0.244622919303
0.244158937509
0.245223900612
0.245774816364
0.246333782073
0.246963976203
0.247068363384
0.246615695577
0.245405466684
0.245517453556
0.243938760515
0.243780752168
0.242680475476
0.242698603213
0.241908195029
0.240983844117
0.240584533862
0.241482353275
0.241092059396
0.241574629813
0.240798814739
0.241102288053
0.240668431256
0.239792989307
0.239200836578
0.237251921844
0.236678346669
0.234304854669
0.233099747712
0.230133002852
0.228876036932
0.225601329072
0.222685857669
0.218932857473
0.216771588835
0.214122808716
0.211717675745
0.209333323913
0.206788252715
0.204954172204
0.202629325996
0.201340107727
0.198786153443
0.197021408508
0.194552943745
0.193541671638
0.192135694293
0.190392300504
END
