380.3
381.1
381.9
382.7
383.5
384.4
385.2
386.0
386.8
387.6
388.4
389.2
390.1
390.9
391.7
392.5
393.3
394.1
394.9
395.8
396.6
397.4
398.2
399.0
399.8
400.6
401.5
402.3
403.1
403.9
404.7
405.5
406.3
407.2
408.0
408.8
409.6
410.4
411.2
412.0
412.8
413.7
414.5
415.3
416.1
416.9
417.7
418.5
419.4
420.2
421.0
421.8
422.6
423.4
424.2
425.1
425.9
426.7
427.5
428.3
429.1
429.9
430.8
431.6
432.4
433.2
434.0
434.8
435.6
436.4
437.3
438.1
438.9
439.7
440.5
441.3
442.1
443.0
443.8
444.6
445.4
446.2
447.0
447.8
448.7
449.5
450.3
451.1
451.9
452.7
453.5
454.4
455.2
456.0
456.8
457.6
458.4
459.2
460.0
460.9
461.7
462.5
463.3
464.1
464.9
465.7
466.6
467.4
468.2
469.0
469.8
470.6
471.4
472.3
473.1
473.9
474.7
475.5
476.3
477.1
478.0
478.8
479.6
480.4
481.2
482.0
482.8
483.6
484.5
485.3
486.1
486.9
487.7
488.5
489.3
490.2
491.0
491.8
492.6
493.4
494.2
495.0
495.9
496.7
497.5
498.3
499.1
499.9
500.7
501.6
502.4
503.2
504.0
504.8
505.6
506.4
507.2
508.1
508.9
509.7
510.5
511.3
512.1
512.9
513.7
514.5
515.3
516.1
516.8
517.6
518.4
519.2
520.0
520.8
521.5
522.3
523.1
523.9
524.7
525.5
526.2
527.0
527.8
528.6
529.4
530.2
530.9
531.7
532.5
533.3
534.1
534.9
535.6
536.4
537.2
538.0
538.8
539.6
540.3
541.1
541.9
542.7
543.5
544.3
545.0
545.8
546.6
547.4
548.2
549.0
549.7
550.5
551.3
552.1
552.9
553.7
554.4
555.2
556.0
556.8
557.6
558.4
559.1
559.9
560.7
561.5
562.3
563.1
563.8
564.6
565.4
566.2
567.0
567.8
568.5
569.3
570.1
570.9
571.7
572.5
573.2
574.0
574.8
575.6
576.4
577.2
577.9
578.7
579.5
580.3
581.1
581.9
582.6
583.4
584.2
585.0
585.8
586.6
587.3
588.1
588.9
589.6
590.3
591.1
591.8
592.6
593.3
594.0
594.8
595.5
596.3
597.0
597.7
598.5
599.2
600.0
600.7
601.5
602.2
602.9
603.7
604.4
605.2
605.9
606.6
607.4
608.1
608.9
609.6
610.3
611.1
611.8
612.6
613.3
614.0
614.8
615.5
616.3
617.0
617.7
618.5
619.2
620.0
620.7
621.4
622.2
622.9
623.7
624.4
625.2
625.9
626.6
627.4
628.1
628.9
629.6
630.3
631.1
631.8
632.6
633.3
634.0
634.8
635.5
636.3
637.0
637.7
638.5
639.2
640.0
640.7
641.4
642.2
642.9
643.7
644.4
645.1
645.9
646.6
647.4
648.1
648.8
649.6
650.3
651.1
651.8
652.6
653.3
654.0
654.8
655.5
656.3
657.0
657.7
658.5
659.2
660.0
660.7
661.4
662.2
662.9
663.7
664.4
665.1
665.9
666.6
667.4
668.1
668.9
669.6
670.4
671.2
671.9
672.7
673.4
674.2
674.9
675.7
676.5
677.2
678.0
678.7
679.5
680.2
681.0
681.8
682.5
683.3
684.0
684.8
685.5
686.3
687.1
687.8
688.6
689.3
690.1
690.8
691.6
692.4
693.1
693.9
694.6
695.4
696.1
696.9
697.7
698.4
699.2
699.9
700.7
701.4
702.2
703.0
703.7
704.5
705.2
706.0
706.8
707.6
708.4
709.2
710.0
710.8
711.6
712.4
713.2
714.0
714.8
715.6
716.4
717.2
718.0
718.8
719.6
720.4
721.2
722.0
722.8
723.6
724.4
725.2
726.0
726.8
727.6
728.4
729.2
730.0
730.8
731.6
732.4
733.2
734.0
734.8
735.6
736.4
737.2
738.0
738.8
739.6
740.4
741.2
742.0
742.8
743.6
744.4
745.2
746.0
746.8
747.6
748.4
749.2
750.0
750.8
751.6
752.4
753.2
754.0
754.8
755.6
756.4
757.2
758.0
758.8
759.6
760.4
761.2
762.0
762.8
763.6
764.4
765.2
766.0
766.8
767.6
768.4
769.2
770.0
770.8
771.6
772.4
773.2
774.1
774.9
775.7
776.5
777.3
778.1
778.9
779.7
780.5
781.3
782.1
782.9
783.7
784.5
785.3
786.1
786.9
787.7
788.5
789.3
790.1
790.9
791.7
792.5
793.3
794.1
794.9
795.7
796.5
797.3
798.1
798.9
799.7
800.5
801.3
802.1
802.9
803.7
804.5
805.3
806.1
806.9
807.7
808.5
809.3
810.1
810.9
811.7
812.5
813.3
814.1
814.9
815.7
816.5
817.3
818.1
818.9
819.7
820.5
821.3
822.1
822.9
823.7
824.5
825.3
826.1
826.9
827.7
828.5
829.3
830.1
830.9
831.7
832.6
833.4
834.3
835.1
835.9
836.8
837.6
838.5
839.3
840.2
841.0
841.9
842.7
843.5
844.4
845.2
846.1
846.9
847.8
848.6
849.4
850.3
851.1
852.0
852.8
853.7
854.5
855.3
856.2
857.0
857.9
858.7
859.6
860.4
861.3
862.1
862.9
863.8
864.6
865.5
866.3
867.2
868.0
868.8
869.7
870.5
871.4
872.2
873.1
873.9
874.8
875.6
876.4
877.3
878.1
879.0
879.8
880.7
881.5
882.3
883.2
884.0
884.9
885.7
886.6
887.4
888.2
889.1
889.9
890.8
891.6
892.5
893.3
894.2
895.0
895.8
896.7
897.5
898.4
899.2
NEXT_SERIES
-0.0230056224439
-0.0249086131668
-0.0275668610975
-0.0291347513072
-0.0282906424134
-0.0295374253214
-0.0262006035657
-0.0210612221646
-0.0118817473975
-0.00206888370825
0.00786277641698
0.0184411335343
0.0302618212346
0.0435298384921
0.0563873558089
0.0684529138875
0.0791829508975
0.0895834052335
0.0970062455463
0.101697935474
0.10287006931
0.102512703611
0.100653785581
0.0980566872407
0.0939786153552
0.0893519314347
0.0845729561774
0.0805506993593
0.0765791578092
0.0730249699019
0.0698187426529
0.0685742234763
0.0682575039475
0.0699553475027
0.071009569092
0.0732794882483
0.0751611990677
0.0783344120323
0.081018738872
0.0837941682624
0.0868177552968
0.0908084813688
0.0950743381265
0.0998304399223
0.104560134259
0.108437384273
0.111797117176
0.114698267113
0.119134517914
0.122284042908
0.124753394084
0.126891133017
0.129117801496
0.131314923599
0.132864160422
0.134253095657
0.135877380319
0.137687824841
0.139544108576
0.140195118308
0.139862870545
0.13884225277
0.138416658227
0.137088716623
0.136404220604
0.135607240132
0.135011230585
0.133377157471
0.131523737601
0.129699652757
0.128271520463
0.125993381942
0.123560810168
0.120298526953
0.117210109424
0.114770870271
0.11252071625
0.110689369519
0.108466183667
0.106236249987
0.1039080817
0.101673980301
0.0987143546527
0.096657019374
0.094200662383
0.092495336215
0.0907391721043
0.0888834094982
0.0874609937421
0.085529263225
0.0835093415947
0.0816127669924
0.0797536498174
0.0780449465354
0.0764630519613
0.0740161264765
0.0714940758355
0.0691721026537
0.0670927493579
0.0656870490044
0.0638738794148
0.0622544606099
0.0601466218292
0.058932222381
0.0573315403813
0.0566043630389
0.0551850001442
0.0547635196292
0.0532099055041
0.052291847772
0.0510727852078
0.0508610321061
0.0498386721156
0.049921143185
0.0489809364196
0.0489448588121
0.0485060467826
0.0482665399783
0.0477808925452
0.0465370838261
0.0457804038843
0.0451237540437
0.0452819148902
0.0449536158648
0.0441789859601
0.0431555293344
0.0428147913691
0.0429715473014
0.0434439638708
0.0432824353849
0.04385578963
0.0427113000199
0.0419657886034
0.0401507047876
0.0396899204022
0.0395521441675
0.0402413451729
0.0407401787606
0.0410977758594
0.0410237044595
0.0409494348229
0.040818658326
0.0407404207072
0.0408891946405
0.0406778034711
0.0406845582031
0.0411649112225
0.0416471462918
0.041918015191
0.0424469398675
0.0430862166995
0.0432739568735
0.0426848669435
0.0418358010625
0.0415529966655
0.0410427824334
0.041314383044
0.0406151417266
0.0412097635699
0.0415053720948
0.0422658125187
0.0416356212236
0.0416886659785
0.041790376929
0.0414749693932
0.04051002071
0.0404906194473
0.0402001341343
0.0394864251303
0.0391468479362
0.0391265186154
0.0390878381665
0.0380284721916
0.0385361719305
0.0389919937143
0.0393451562785
0.0385589068351
0.0387637282924
0.0388689450756
0.0396796125982
0.039576976923
0.0399742831963
0.0400573951072
0.0403467686394
0.0399520149077
0.0396785052825
0.0387909401236
0.0387924768148
0.0384355701636
0.0389326766554
0.0392961591523
0.0393147914756
0.0395694740062
0.0394696265747
0.0395477854634
0.0396266613038
0.039922976422
0.0402674074728
0.0404159485926
0.0408840689427
0.0416899900631
0.0424981327862
0.0424796747872
0.042138984578
0.0417806642293
0.0410165406275
0.0398558552499
0.0389201500493
0.0385391641462
0.0388485320528
0.0381570260858
0.0372492695281
0.0367782470181
0.0373556156118
0.038364986192
0.0380414356616
0.0375586762685
0.0373406572965
0.0378972289391
0.0390396339758
0.0388884863101
0.0394178466496
0.0388953069405
0.0387596132312
0.0376818512461
0.0368254640603
0.0364055204996
0.0365065877201
0.0360974079909
0.0359218847411
0.0355440950423
0.0365293939503
0.0369357662019
0.037043044343
0.0362584388266
0.0362305098577
0.0368110173226
0.037086016323
0.0366339967046
0.0366407935969
0.0363824204631
0.0367351374745
0.0364090737524
0.0363391486714
0.0357846740187
0.0350998847445
0.034791149073
0.0343619991392
0.0344003937178
0.0332292139426
0.0333512803141
0.0329350021258
0.0339533933647
0.0338578428111
0.0341578802934
0.0339707542679
0.0343514585469
0.0339593096797
0.0341363701049
0.0334835836409
0.0328493193582
0.0325760390803
0.0320766410553
0.0326325943432
0.0318717927025
0.031275041325
0.03032514571
0.0297358147886
0.0293311528703
0.029384250588
0.0292611405806
0.0296872939625
0.0288656491362
0.0295445020631
0.0298667241609
0.0307573446469
0.0305940736513
0.0305691704279
0.0310911965895
0.0323216257403
0.0332646104174
0.0330379845086
0.0320941970132
0.0315965701572
0.0326162161522
0.0326532737208
0.0317834383612
0.029822066236
0.0293437829224
0.0302756774139
0.0302222676439
0.0295181248173
0.0278319994741
0.0281114645643
0.0279273118545
0.0288788928278
0.0285946441633
0.0288337990298
0.0281871316589
0.0288907471758
0.0295516019555
0.0307429115555
0.0304838071999
0.030820866789
0.0310908038235
0.0324519188328
0.0319924503232
0.0311271030995
0.0297286512695
0.0297132539867
0.0298685378133
0.029700213391
0.0289502049105
0.0276953712797
0.0263932951956
0.0263581770011
0.0269026255665
0.027551026085
0.0267147099108
0.0256825415537
0.0254258851522
0.0261661863321
0.0272147159594
0.0270003955162
0.0265704760602
0.0256379220914
0.0260621113547
0.0265076692263
0.027422161862
0.0267820560249
0.02659336808
0.0252661671016
0.0259242499483
0.0260090876954
0.0268695785983
0.0262326610279
0.0259354895858
0.0249929006597
0.0252332704083
0.0248911998037
0.0257432768753
0.0253723234251
0.0259857123337
0.0249840450025
0.0256827520751
0.0251282604205
0.0261039300681
0.025752912623
0.0255594083398
0.0253716195301
0.0248677366526
0.0255400871498
0.0255831557789
0.0260066298957
0.0255400852477
0.0254733451146
0.0247835969741
0.0251213879928
0.0245954876429
0.0254430352345
0.0246091774383
0.0242199109568
0.0232394717038
0.0235322031471
0.0244634835169
0.025891609662
0.0264588090402
0.0261087948371
0.0256341810997
0.0261317211573
0.02689445436
0.0282005248765
0.0289612012839
0.0293228469081
0.0288816776892
0.0277350120417
0.0278286647631
0.0280029093052
0.0289261436956
0.029399428251
0.0289977347724
0.0279258456334
0.0260634021727
0.0257567718259
0.0266638048796
0.0279150743325
0.0280575261414
0.026615645336
0.0257826254379
0.0248557856018
0.0250618435617
0.025987553628
0.0263744341555
0.0275578482723
0.026728265909
0.0264123131384
0.0250252458825
0.0246777558805
0.0256699494697
0.0264631185087
0.0275384943882
0.0277350897352
0.027616538237
0.0267298101937
0.0262587006706
0.0267111254454
0.0275393466081
0.0282691442451
0.0278419373618
0.027290473129
0.0257336628587
0.0252270391113
0.0245088455948
0.02523253648
0.0254174789316
0.0258621184489
0.0253239148951
0.024049317137
0.0236448048566
0.0230009197001
0.0237309347718
0.0250255212858
0.0260257592633
0.0272788643752
0.0262682920222
0.0264337618555
0.0257174288708
0.0261164312097
0.0265379153174
0.0276658869348
0.0287083794671
0.0290083084083
0.0290148098597
0.0284476805153
0.0271062632851
0.0264877129022
0.0263007182566
0.0279825337045
0.0282615223031
0.0290672486951
0.028181198215
0.0275580158486
0.0262522241969
0.0260760519659
0.0265936309536
0.0271379097451
0.0273832966932
0.0275451567591
0.0272730374307
0.0261158567635
0.0250390352736
0.0243471230592
0.0241179744396
0.023866579723
0.0243451827534
0.0254836704613
0.0262594567251
0.0258972676405
0.0250351273136
0.0235170926163
0.0228461297709
0.0229424932399
0.0239451512911
0.0252257853475
0.0255729346833
0.0251240243716
0.0244267128787
0.0233398232576
0.0227119637317
0.0225169756627
0.0237410917716
0.0251696298363
0.0262712475694
0.0262841054666
0.0265426036865
0.0254498863071
0.0245388301537
0.0232150451572
0.0233787558015
0.0238112224997
0.0250455955483
0.0257114025763
0.0265366283949
0.0261102479573
0.0248514488579
0.0235493779692
0.0227178167846
0.0228981702784
0.0235911470782
0.0246603323918
0.0255380243311
0.0256915380674
0.0244872394908
0.0241543031442
0.0229490446905
0.0231993366717
0.0230609347829
0.0237729272135
0.024642188319
0.0249169295016
0.0255263565969
0.0252086464204
0.0253468493984
0.0248962860554
0.0239876410151
0.0235242329254
0.0233190034232
0.0249976772018
0.0255975064203
0.0266130655842
0.0270258190492
0.0269773657603
0.0272728076495
0.0261083159095
0.0261051785129
0.0256918950535
0.0266430464209
0.0274922775623
0.0277321536541
0.0276157507986
0.0277944863482
0.027736024332
0.0273455789563
0.0257200718736
0.0255386962855
0.0248658760792
0.0250122190818
0.0242368961265
0.0250269731114
0.025146816403
0.0257104742201
0.0256505210747
0.0255849392003
0.0259635059165
0.0261956609924
0.0260717913382
0.0260928628877
0.026672154632
0.028376631785
0.0297412939486
0.0303561002478
0.0311883827746
0.0316016520334
0.0327067325228
0.0329688371565
0.0327161515801
0.0321540845125
0.0312650011328
0.031501312903
0.0303721164927
0.0301591709087
0.029820358499
0.0305092907482
0.0309155020639
0.0306689009775
0.0304356405611
0.0298315481066
0.0287898252197
0.0271698262324
0.0265350708899
0.0259719066746
0.0263918646415
0.0268933355126
0.0276896416312
0.0288183666635
0.0294202922422
0.0303421831331
0.0297765504408
0.0289539953563
0.0282891681437
0.0280772524716
0.027853723126
0.0276400838711
0.0288041085462
0.0299595120005
0.0301614785544
0.0300622132553
0.0306393773826
0.0310312372555
0.0312579204236
0.030517713576
0.0299932431374
0.028951784639
0.0296366439417
0.0306449022911
0.0318035015486
0.0323900364612
0.0330149430655
0.0340730015086
0.0339793509275
0.0339992043523
0.0331295048483
0.0332030438001
0.0315997604931
0.0309752012305
0.0295785839334
0.029722861111
0.0290847596926
0.0290063220412
0.0293657191288
0.0288025462288
0.0288614094452
0.0275595554967
0.0277409720771
0.0262553364675
0.0261128276811
0.0248623633669
0.0248655889095
0.0248773847586
0.0256071399587
0.0259665362291
0.0255723322809
0.0256652186921
0.0256044279189
0.0255742290094
0.0249369594264
0.0243411849767
0.0233629430471
0.023447861964
0.0226724733158
0.0223809159777
0.0215063934459
0.0210977174801
0.020603006747
0.020086451296
0.0194879073519
0.0196997153125
0.0189933893636
0.0187931081531
0.0180330111727
0.0183781117087
0.017904385617
0.0167230206591
0.0152838897322
0.0138308578873
0.0134524748139
0.0115826984574
0.0111257804214
0.00903418580379
0.00800830580339
0.0060273633851
0.005663417693
0.00498168520829
0.00448963948839
0.00281229457328
0.00271205894272
0.00209079616683
0.00172646631343
0.000522223883361
-0.000253125595772
-0.000313836148644
-0.00216071209535
-0.00229314133118
-0.00282726998971
-0.00328699851118
END
