380.3
381.1
381.9
382.7
383.5
384.4
385.2
386.0
386.8
387.6
388.4
389.2
390.1
390.9
391.7
392.5
393.3
394.1
394.9
395.8
396.6
397.4
398.2
399.0
399.8
400.6
401.5
402.3
403.1
403.9
404.7
405.5
406.3
407.2
408.0
408.8
409.6
410.4
411.2
412.0
412.8
413.7
414.5
415.3
416.1
416.9
417.7
418.5
419.4
420.2
421.0
421.8
422.6
423.4
424.2
425.1
425.9
426.7
427.5
428.3
429.1
429.9
430.8
431.6
432.4
433.2
434.0
434.8
435.6
436.4
437.3
438.1
438.9
439.7
440.5
441.3
442.1
443.0
443.8
444.6
445.4
446.2
447.0
447.8
448.7
449.5
450.3
451.1
451.9
452.7
453.5
454.4
455.2
456.0
456.8
457.6
458.4
459.2
460.0
460.9
461.7
462.5
463.3
464.1
464.9
465.7
466.6
467.4
468.2
469.0
469.8
470.6
471.4
472.3
473.1
473.9
474.7
475.5
476.3
477.1
478.0
478.8
479.6
480.4
481.2
482.0
482.8
483.6
484.5
485.3
486.1
486.9
487.7
488.5
489.3
490.2
491.0
491.8
492.6
493.4
494.2
495.0
495.9
496.7
497.5
498.3
499.1
499.9
500.7
501.6
502.4
503.2
504.0
504.8
505.6
506.4
507.2
508.1
508.9
509.7
510.5
511.3
512.1
512.9
513.7
514.5
515.3
516.1
516.8
517.6
518.4
519.2
520.0
520.8
521.5
522.3
523.1
523.9
524.7
525.5
526.2
527.0
527.8
528.6
529.4
530.2
530.9
531.7
532.5
533.3
534.1
534.9
535.6
536.4
537.2
538.0
538.8
539.6
540.3
541.1
541.9
542.7
543.5
544.3
545.0
545.8
546.6
547.4
548.2
549.0
549.7
550.5
551.3
552.1
552.9
553.7
554.4
555.2
556.0
556.8
557.6
558.4
559.1
559.9
560.7
561.5
562.3
563.1
563.8
564.6
565.4
566.2
567.0
567.8
568.5
569.3
570.1
570.9
571.7
572.5
573.2
574.0
574.8
575.6
576.4
577.2
577.9
578.7
579.5
580.3
581.1
581.9
582.6
583.4
584.2
585.0
585.8
586.6
587.3
588.1
588.9
589.6
590.3
591.1
591.8
592.6
593.3
594.0
594.8
595.5
596.3
597.0
597.7
598.5
599.2
600.0
600.7
601.5
602.2
602.9
603.7
604.4
605.2
605.9
606.6
607.4
608.1
608.9
609.6
610.3
611.1
611.8
612.6
613.3
614.0
614.8
615.5
616.3
617.0
617.7
618.5
619.2
620.0
620.7
621.4
622.2
622.9
623.7
624.4
625.2
625.9
626.6
627.4
628.1
628.9
629.6
630.3
631.1
631.8
632.6
633.3
634.0
634.8
635.5
636.3
637.0
637.7
638.5
639.2
640.0
640.7
641.4
642.2
642.9
643.7
644.4
645.1
645.9
646.6
647.4
648.1
648.8
649.6
650.3
651.1
651.8
652.6
653.3
654.0
654.8
655.5
656.3
657.0
657.7
658.5
659.2
660.0
660.7
661.4
662.2
662.9
663.7
664.4
665.1
665.9
666.6
667.4
668.1
668.9
669.6
670.4
671.2
671.9
672.7
673.4
674.2
674.9
675.7
676.5
677.2
678.0
678.7
679.5
680.2
681.0
681.8
682.5
683.3
684.0
684.8
685.5
686.3
687.1
687.8
688.6
689.3
690.1
690.8
691.6
692.4
693.1
693.9
694.6
695.4
696.1
696.9
697.7
698.4
699.2
699.9
700.7
701.4
702.2
703.0
703.7
704.5
705.2
706.0
706.8
707.6
708.4
709.2
710.0
710.8
711.6
712.4
713.2
714.0
714.8
715.6
716.4
717.2
718.0
718.8
719.6
720.4
721.2
722.0
722.8
723.6
724.4
725.2
726.0
726.8
727.6
728.4
729.2
730.0
730.8
731.6
732.4
733.2
734.0
734.8
735.6
736.4
737.2
738.0
738.8
739.6
740.4
741.2
742.0
742.8
743.6
744.4
745.2
746.0
746.8
747.6
748.4
749.2
750.0
750.8
751.6
752.4
753.2
754.0
754.8
755.6
756.4
757.2
758.0
758.8
759.6
760.4
761.2
762.0
762.8
763.6
764.4
765.2
766.0
766.8
767.6
768.4
769.2
770.0
770.8
771.6
772.4
773.2
774.1
774.9
775.7
776.5
777.3
778.1
778.9
779.7
780.5
781.3
782.1
782.9
783.7
784.5
785.3
786.1
786.9
787.7
788.5
789.3
790.1
790.9
791.7
792.5
793.3
794.1
794.9
795.7
796.5
797.3
798.1
798.9
799.7
800.5
801.3
802.1
802.9
803.7
804.5
805.3
806.1
806.9
807.7
808.5
809.3
810.1
810.9
811.7
812.5
813.3
814.1
814.9
815.7
816.5
817.3
818.1
818.9
819.7
820.5
821.3
822.1
822.9
823.7
824.5
825.3
826.1
826.9
827.7
828.5
829.3
830.1
830.9
831.7
832.6
833.4
834.3
835.1
835.9
836.8
837.6
838.5
839.3
840.2
841.0
841.9
842.7
843.5
844.4
845.2
846.1
846.9
847.8
848.6
849.4
850.3
851.1
852.0
852.8
853.7
854.5
855.3
856.2
857.0
857.9
858.7
859.6
860.4
861.3
862.1
862.9
863.8
864.6
865.5
866.3
867.2
868.0
868.8
869.7
870.5
871.4
872.2
873.1
873.9
874.8
875.6
876.4
877.3
878.1
879.0
879.8
880.7
881.5
882.3
883.2
884.0
884.9
885.7
886.6
887.4
888.2
889.1
889.9
890.8
891.6
892.5
893.3
894.2
895.0
895.8
896.7
897.5
898.4
899.2
NEXT_SERIES
0.394966139347
0.398182259393
0.401224982137
0.404548627131
0.409235977604
0.418382561614
0.430947949563
0.445731226502
0.462119370955
0.480831329833
0.501314683138
0.520359557628
0.542017215864
0.561157372711
0.583433746566
0.603033978558
0.622644235262
0.639102037651
0.65301167759
0.663494005085
0.67075725866
0.672910558562
0.671555889876
0.666194184175
0.659358862807
0.651827018356
0.644432314913
0.63610060428
0.627546326535
0.620256748184
0.613439129069
0.607980589566
0.601671829571
0.597486371822
0.593930494568
0.593100378583
0.592805790298
0.593762453467
0.593909073413
0.594864569635
0.596376486731
0.600268871975
0.605614729686
0.610883335387
0.614225322209
0.617705319985
0.6208797072
0.625177716943
0.629032567665
0.633355700434
0.636511272109
0.639102545441
0.639883479983
0.642188184867
0.643318360075
0.645082464145
0.645405243867
0.647198941311
0.648824215878
0.648795035821
0.64836028791
0.647537654817
0.647414508052
0.64757260347
0.647019983905
0.647300606488
0.645037063251
0.642845893434
0.638853012942
0.636092003453
0.633340312262
0.628982516766
0.625018815765
0.620875032366
0.617044390396
0.613101766946
0.607971775227
0.604042598804
0.600450549396
0.596415712145
0.592733261604
0.587492464686
0.582519220232
0.577399130118
0.572717762904
0.569477305136
0.566037769057
0.561720716639
0.557875456249
0.554115405614
0.549346289209
0.544484565742
0.538842189808
0.53455371094
0.529434976481
0.525211179666
0.520300820952
0.514880705434
0.510104163592
0.506876207524
0.504127985536
0.500782625887
0.497355063174
0.496000945538
0.492801236263
0.491162716248
0.486231971144
0.484269683542
0.479161526094
0.477806164735
0.476418526546
0.475932850825
0.473804585665
0.471567977696
0.470427297699
0.469738284003
0.467965829283
0.465388458007
0.464285140935
0.462503229149
0.461430273847
0.458271546142
0.458946867101
0.459122607998
0.459257514941
0.45799427237
0.457418912471
0.45841410013
0.458274406712
0.457202795704
0.456068329412
0.453839993083
0.453109277045
0.451152822972
0.451244837826
0.450516661482
0.450265239161
0.449975128806
0.449439169458
0.449890845137
0.44943154179
0.449660972743
0.448003103635
0.446777017758
0.445277315369
0.444962451863
0.444182294741
0.443808943939
0.442306990344
0.442348502775
0.441304736188
0.439761315476
0.43637270816
0.431540703564
0.42644386923
0.42207017808
0.418625119261
0.415383846401
0.41201675976
0.408643732218
0.405833968914
0.40166465715
0.398083706979
0.395567277971
0.391532118651
0.387762515643
0.38204562382
0.378156792167
0.372525524712
0.367424676065
0.363654746397
0.360152189454
0.356528581279
0.352566721108
0.349336385275
0.347165639343
0.34433537194
0.343154236299
0.341203805754
0.339443260733
0.336752977746
0.334782414753
0.333127967883
0.330428866717
0.327312352893
0.324851673073
0.322358366795
0.320091286219
0.316748188892
0.31428203753
0.311641681045
0.309067489339
0.308125455023
0.306460525716
0.306741620343
0.304909208182
0.304905766991
0.304207584805
0.303556915255
0.302294968776
0.300806464243
0.30038398363
0.299575760712
0.298075981269
0.29554653317
0.29282858435
0.290203888042
0.288392751474
0.286698959509
0.285722537351
0.284204550835
0.282740625166
0.280652833067
0.279196480391
0.278858722298
0.27960980835
0.279249713167
0.278405216302
0.276894945311
0.277092512768
0.276305042738
0.276070964639
0.274865383739
0.27375706439
0.270882330379
0.268661965116
0.267015139774
0.266618590862
0.265676738975
0.265545690883
0.26427693813
0.26427708293
0.264384594191
0.264960241892
0.264402791332
0.263324965533
0.263474555991
0.263274882302
0.263572894533
0.263060870751
0.262387037468
0.260797021661
0.260312960006
0.259936236763
0.259790525789
0.258199332136
0.256941269042
0.25527906436
0.25442541675
0.253279633258
0.253578375535
0.253195834414
0.253531773456
0.253051570841
0.253892697817
0.254142463755
0.25493908766
0.254069147731
0.253116577463
0.252436199594
0.2511978772
0.250947495251
0.249023619403
0.249076349041
0.247316819746
0.246940952603
0.245749177806
0.245483451222
0.243766121112
0.242398779718
0.241191748391
0.240998116755
0.240687620784
0.241713712133
0.242512744113
0.243975962175
0.243738245239
0.244446242058
0.244861427226
0.246185290845
0.247819626525
0.247881665382
0.247793435599
0.246020407177
0.245362797263
0.244221449507
0.242676850089
0.24187747554
0.240679079533
0.240907616924
0.239526177658
0.239507497301
0.238024572192
0.238579495988
0.238220797321
0.240283376816
0.240583371614
0.242104822565
0.241541560116
0.243205324918
0.244944491718
0.247113148098
0.248060012638
0.248269067091
0.248671587992
0.249910956559
0.249779870146
0.248828905388
0.247178350351
0.246018756397
0.246072603528
0.245458914086
0.244630761414
0.242723658105
0.240852911434
0.239431219664
0.239418244507
0.239566306666
0.239060586218
0.238111105945
0.237479548509
0.237429937153
0.237984106898
0.237015187238
0.237710170624
0.23621237133
0.236761340935
0.235273676957
0.236106653468
0.234317737299
0.234688589656
0.232685023218
0.233302510684
0.231615168719
0.232460084658
0.231297801539
0.232306052499
0.230254230459
0.229856584033
0.227682682962
0.228627137027
0.229150197874
0.231463358013
0.231248831053
0.232382528326
0.232158782995
0.234225782685
0.235238421819
0.235750084142
0.236140987089
0.235869235431
0.238073634975
0.240320383082
0.243729162252
0.245258514666
0.246617109906
0.247316663187
0.249478926486
0.251632455853
0.255529652598
0.258034624168
0.261258025072
0.26285802518
0.26671202037
0.2711273745
0.277415228687
0.282466212649
0.2858959233
0.288676394455
0.292309721139
0.296388579236
0.301630436
0.306455929313
0.312189011002
0.315269641759
0.31729324855
0.318996867766
0.321303648932
0.324843663991
0.327806167651
0.330296307671
0.329359158498
0.326930937183
0.32377760794
0.32343307897
0.323968134129
0.324294781592
0.321934853755
0.317065100363
0.311596067601
0.306529073607
0.304284818481
0.300770042823
0.298753222763
0.292120894421
0.286481332958
0.278347480269
0.273282324696
0.270099764736
0.267393639721
0.265428540689
0.260916282327
0.256865200584
0.250099733153
0.245158110554
0.241714036424
0.241697730221
0.242332300061
0.240294380359
0.23715159867
0.230929703925
0.227146775639
0.223768064336
0.224038925699
0.224867342061
0.224645413701
0.222696907959
0.218767197925
0.21656909111
0.214955650924
0.214966825128
0.216400989348
0.216810802007
0.218256009231
0.216695214165
0.216165119235
0.214371768846
0.213614893217
0.214298059427
0.216309770782
0.218715025891
0.219568269992
0.218760198069
0.216735811415
0.214448292231
0.213478968832
0.213894636835
0.21633185799
0.217659259882
0.218592864379
0.217199147123
0.215328614657
0.213450973908
0.212747883028
0.213305913225
0.214206219121
0.215035044314
0.215004604612
0.213664559265
0.211628498112
0.20993679602
0.208307705885
0.207907080009
0.208593749677
0.210479029347
0.21222840607
0.211906742293
0.210801589429
0.209052259133
0.208213977262
0.207636810171
0.207627876818
0.209196555716
0.211264810192
0.212221882123
0.211353972931
0.209680916089
0.208812313867
0.208909402441
0.209430015014
0.211491190618
0.213528929585
0.215755428552
0.215421690293
0.21443800899
0.211888415194
0.210504357697
0.209319112349
0.209970039707
0.211999126096
0.213808037311
0.215081368408
0.214687917024
0.213868972934
0.211314862742
0.209121293014
0.20768098931
0.208163576642
0.20923135241
0.210159571922
0.211474163415
0.213062268399
0.21386007621
0.213690189805
0.212177209948
0.210911358995
0.210540804419
0.210503552111
0.212322307812
0.214206671679
0.215667753868
0.216350656486
0.216051053058
0.216572260586
0.215117415073
0.215355064918
0.214504337107
0.216340294221
0.217136183324
0.219181338565
0.22104682851
0.222430265564
0.223306017104
0.221925753628
0.221019890055
0.220156640873
0.221226003398
0.222661872564
0.224358379836
0.225151688396
0.2272746536
0.227777518872
0.228484665437
0.225664111988
0.224699857965
0.222039814954
0.221960767734
0.22047132679
0.220660243825
0.220838705509
0.222026214518
0.224330246741
0.223764015494
0.224415216972
0.222911947054
0.222814027118
0.222164943691
0.223738796046
0.226698575458
0.230266987818
0.232466360611
0.23559327063
0.237519367148
0.240388773906
0.240921159178
0.240647342413
0.239774566153
0.239037326228
0.239818783749
0.238915230142
0.24003245902
0.240480197577
0.24228657393
0.242847828689
0.242771930531
0.242486292547
0.241108651323
0.238565054015
0.235935528772
0.233453903309
0.23272844902
0.232546994519
0.232955727638
0.234991218938
0.237460753283
0.239555306166
0.239984922753
0.238870743283
0.237110398351
0.235953776949
0.235317963437
0.23596291505
0.235651491942
0.236083569728
0.237368899996
0.238259732398
0.24061058987
0.242387054181
0.24416803281
0.244202752116
0.243073779764
0.2422456107
0.242143199009
0.243789517018
0.245639878042
0.247367317959
0.24890207897
0.250959637966
0.252786896151
0.254172824049
0.254651137841
0.254277013499
0.253361096359
0.251035744471
0.250073478647
0.248958076069
0.24945248327
0.248879260556
0.248944683296
0.249358516696
0.249882396292
0.250927302745
0.251383177858
0.251044209508
0.248359863621
0.246601975254
0.243907014173
0.243630917613
0.242018083472
0.243014267647
0.243526674682
0.244935920753
0.245394246617
0.2454880133
0.24534725523
0.245362825529
0.244887396262
0.244218591553
0.244248835502
0.243587492554
0.242680971943
0.242064105799
0.241144429304
0.241536717038
0.240342830229
0.239758610421
0.238381178868
0.238613172551
0.23823624014
0.238701852488
0.238127135457
0.23862950004
0.237329978982
0.2365865089
0.234535545256
0.233385590539
0.230678524264
0.22851601306
0.224286674728
0.220886485648
0.217631607069
0.216274983453
0.213821653146
0.21139626269
0.208918420829
0.207367436904
0.2061662966
0.203672214971
0.201940678998
0.198765004126
0.197184705585
0.194002885832
0.193098156193
0.19124383858
0.18952581121
END
