380.3
381.1
381.9
382.7
383.5
384.4
385.2
386.0
386.8
387.6
388.4
389.2
390.1
390.9
391.7
392.5
393.3
394.1
394.9
395.8
396.6
397.4
398.2
399.0
399.8
400.6
401.5
402.3
403.1
403.9
404.7
405.5
406.3
407.2
408.0
408.8
409.6
410.4
411.2
412.0
412.8
413.7
414.5
415.3
416.1
416.9
417.7
418.5
419.4
420.2
421.0
421.8
422.6
423.4
424.2
425.1
425.9
426.7
427.5
428.3
429.1
429.9
430.8
431.6
432.4
433.2
434.0
434.8
435.6
436.4
437.3
438.1
438.9
439.7
440.5
441.3
442.1
443.0
443.8
444.6
445.4
446.2
447.0
447.8
448.7
449.5
450.3
451.1
451.9
452.7
453.5
454.4
455.2
456.0
456.8
457.6
458.4
459.2
460.0
460.9
461.7
462.5
463.3
464.1
464.9
465.7
466.6
467.4
468.2
469.0
469.8
470.6
471.4
472.3
473.1
473.9
474.7
475.5
476.3
477.1
478.0
478.8
479.6
480.4
481.2
482.0
482.8
483.6
484.5
485.3
486.1
486.9
487.7
488.5
489.3
490.2
491.0
491.8
492.6
493.4
494.2
495.0
495.9
496.7
497.5
498.3
499.1
499.9
500.7
501.6
502.4
503.2
504.0
504.8
505.6
506.4
507.2
508.1
508.9
509.7
510.5
511.3
512.1
512.9
513.7
514.5
515.3
516.1
516.8
517.6
518.4
519.2
520.0
520.8
521.5
522.3
523.1
523.9
524.7
525.5
526.2
527.0
527.8
528.6
529.4
530.2
530.9
531.7
532.5
533.3
534.1
534.9
535.6
536.4
537.2
538.0
538.8
539.6
540.3
541.1
541.9
542.7
543.5
544.3
545.0
545.8
546.6
547.4
548.2
549.0
549.7
550.5
551.3
552.1
552.9
553.7
554.4
555.2
556.0
556.8
557.6
558.4
559.1
559.9
560.7
561.5
562.3
563.1
563.8
564.6
565.4
566.2
567.0
567.8
568.5
569.3
570.1
570.9
571.7
572.5
573.2
574.0
574.8
575.6
576.4
577.2
577.9
578.7
579.5
580.3
581.1
581.9
582.6
583.4
584.2
585.0
585.8
586.6
587.3
588.1
588.9
589.6
590.3
591.1
591.8
592.6
593.3
594.0
594.8
595.5
596.3
597.0
597.7
598.5
599.2
600.0
600.7
601.5
602.2
602.9
603.7
604.4
605.2
605.9
606.6
607.4
608.1
608.9
609.6
610.3
611.1
611.8
612.6
613.3
614.0
614.8
615.5
616.3
617.0
617.7
618.5
619.2
620.0
620.7
621.4
622.2
622.9
623.7
624.4
625.2
625.9
626.6
627.4
628.1
628.9
629.6
630.3
631.1
631.8
632.6
633.3
634.0
634.8
635.5
636.3
637.0
637.7
638.5
639.2
640.0
640.7
641.4
642.2
642.9
643.7
644.4
645.1
645.9
646.6
647.4
648.1
648.8
649.6
650.3
651.1
651.8
652.6
653.3
654.0
654.8
655.5
656.3
657.0
657.7
658.5
659.2
660.0
660.7
661.4
662.2
662.9
663.7
664.4
665.1
665.9
666.6
667.4
668.1
668.9
669.6
670.4
671.2
671.9
672.7
673.4
674.2
674.9
675.7
676.5
677.2
678.0
678.7
679.5
680.2
681.0
681.8
682.5
683.3
684.0
684.8
685.5
686.3
687.1
687.8
688.6
689.3
690.1
690.8
691.6
692.4
693.1
693.9
694.6
695.4
696.1
696.9
697.7
698.4
699.2
699.9
700.7
701.4
702.2
703.0
703.7
704.5
705.2
706.0
706.8
707.6
708.4
709.2
710.0
710.8
711.6
712.4
713.2
714.0
714.8
715.6
716.4
717.2
718.0
718.8
719.6
720.4
721.2
722.0
722.8
723.6
724.4
725.2
726.0
726.8
727.6
728.4
729.2
730.0
730.8
731.6
732.4
733.2
734.0
734.8
735.6
736.4
737.2
738.0
738.8
739.6
740.4
741.2
742.0
742.8
743.6
744.4
745.2
746.0
746.8
747.6
748.4
749.2
750.0
750.8
751.6
752.4
753.2
754.0
754.8
755.6
756.4
757.2
758.0
758.8
759.6
760.4
761.2
762.0
762.8
763.6
764.4
765.2
766.0
766.8
767.6
768.4
769.2
770.0
770.8
771.6
772.4
773.2
774.1
774.9
775.7
776.5
777.3
778.1
778.9
779.7
780.5
781.3
782.1
782.9
783.7
784.5
785.3
786.1
786.9
787.7
788.5
789.3
790.1
790.9
791.7
792.5
793.3
794.1
794.9
795.7
796.5
797.3
798.1
798.9
799.7
800.5
801.3
802.1
802.9
803.7
804.5
805.3
806.1
806.9
807.7
808.5
809.3
810.1
810.9
811.7
812.5
813.3
814.1
814.9
815.7
816.5
817.3
818.1
818.9
819.7
820.5
821.3
822.1
822.9
823.7
824.5
825.3
826.1
826.9
827.7
828.5
829.3
830.1
830.9
831.7
832.6
833.4
834.3
835.1
835.9
836.8
837.6
838.5
839.3
840.2
841.0
841.9
842.7
843.5
844.4
845.2
846.1
846.9
847.8
848.6
849.4
850.3
851.1
852.0
852.8
853.7
854.5
855.3
856.2
857.0
857.9
858.7
859.6
860.4
861.3
862.1
862.9
863.8
864.6
865.5
866.3
867.2
868.0
868.8
869.7
870.5
871.4
872.2
873.1
873.9
874.8
875.6
876.4
877.3
878.1
879.0
879.8
880.7
881.5
882.3
883.2
884.0
884.9
885.7
886.6
887.4
888.2
889.1
889.9
890.8
891.6
892.5
893.3
894.2
895.0
895.8
896.7
897.5
898.4
899.2
NEXT_SERIES
0.147074346445
0.14562024399
0.14088383688
0.137694730322
0.134810984285
0.136317950502
0.139579422355
0.146351162527
0.15336619483
0.162979698131
0.171965065819
0.180075932048
0.188728492068
0.198700081341
0.209662959602
0.219485412363
0.227046101159
0.234105099968
0.239816804131
0.24361167548
0.246047426108
0.244462181663
0.242513752934
0.237568810726
0.233249714946
0.227624569765
0.22353042133
0.218194785451
0.21526532197
0.211434737288
0.209191631194
0.206771141777
0.206392204044
0.206752091839
0.207161046756
0.207318013246
0.208245895397
0.209280001927
0.210481277384
0.211554982489
0.213782088418
0.215809685107
0.218219990573
0.220127003953
0.222014819
0.223774810283
0.225599789531
0.227714056141
0.229868625215
0.231618239655
0.2325234649
0.23352616226
0.23337231018
0.233936501171
0.234294490927
0.23465738969
0.235447447889
0.236500306198
0.237583348704
0.236865783529
0.235539732577
0.233746437335
0.232414486655
0.23040228884
0.229336989498
0.228934722117
0.227705265631
0.225750631354
0.222836919001
0.22074382558
0.218062302056
0.216165486783
0.213534421859
0.211121302548
0.2078452348
0.204806612651
0.20249323775
0.200721389625
0.199390332628
0.196818892786
0.194173974746
0.191511793172
0.189600453206
0.187653399577
0.185943046708
0.183641425559
0.181934521052
0.180249802029
0.18041024234
0.179266930409
0.178114221251
0.176184849586
0.175334892193
0.173577983778
0.172137083103
0.169958313415
0.168862416847
0.166848880275
0.165795956799
0.16483307726
0.164145902556
0.162726391393
0.160967763374
0.159949990826
0.159545490164
0.159869587164
0.159286542158
0.159126422984
0.158522865675
0.158652367982
0.15873126906
0.158358601414
0.158837531447
0.159257073946
0.16039789607
0.160701296648
0.161299696615
0.160930535098
0.161582414153
0.162689905573
0.163734757467
0.164579885784
0.165666693165
0.166476699117
0.167164874106
0.16694665824
0.16832633935
0.17008259232
0.171995196239
0.172796035718
0.173764432905
0.173880827898
0.174992815881
0.175535044751
0.17778822492
0.179485326782
0.181277323009
0.182050784154
0.183416516333
0.185549350362
0.187571141493
0.189336407453
0.189909435217
0.19121062651
0.192330057574
0.194208405259
0.196783729798
0.199682515377
0.201002679094
0.202227707022
0.203340527182
0.205343103986
0.20646903489
0.20695565458
0.207910411505
0.208640632327
0.209896541812
0.210639196383
0.211360323045
0.212655838069
0.213482832235
0.213948459092
0.214759456839
0.2159822326
0.217312311377
0.217794276135
0.218640420102
0.218638181169
0.218350052394
0.218680310092
0.2195679277
0.219393495985
0.21908852321
0.220051039056
0.220973658775
0.221333886239
0.220803079525
0.22187202447
0.222115976374
0.222691433522
0.222297390499
0.222768053137
0.221973414015
0.221748212042
0.221483360457
0.221954800214
0.221557481003
0.220992376218
0.220092375489
0.218888831016
0.218906475083
0.218364742359
0.218693131175
0.217168869416
0.216747540041
0.215365236893
0.214521479498
0.213283277871
0.21239872724
0.211564192711
0.210519004521
0.209835207072
0.208439902379
0.206916124838
0.205780786933
0.203493566165
0.201542570291
0.198936396403
0.197337249647
0.195319728222
0.193621288423
0.191726328768
0.189927042737
0.187767455024
0.185860548701
0.183426591941
0.181160820646
0.178990258758
0.177502204271
0.176269784938
0.173896803054
0.171509587171
0.168668347005
0.166144645208
0.163153298777
0.160431155683
0.158173371436
0.156201040355
0.153822421343
0.151330252685
0.148326299377
0.146036031341
0.143684155648
0.141199336005
0.138347661501
0.1353639173
0.133222974792
0.130371436093
0.12812899133
0.124935638215
0.122350966022
0.119345218588
0.116617961935
0.113554721637
0.111073930611
0.108088068967
0.105974412208
0.102635086594
0.100077235049
0.0969770274967
0.0950247103206
0.0924161727008
0.0897845608707
0.0865766888227
0.084766971243
0.0821731683309
0.0803008382731
0.0773242746932
0.0749041275052
0.0720946404047
0.0697725442763
0.0678875572961
0.0653815200327
0.0634187066973
0.0612381806984
0.0591708847787
0.0569068060204
0.0542954145103
0.0517960806259
0.0497966291333
0.0483732616697
0.0467530152828
0.0445736106916
0.0427266485682
0.0419624768499
0.0409425243511
0.0391378044295
0.0370810242879
0.035877476167
0.0355663381468
0.034391123328
0.0321875422405
0.0296982685875
0.028550861523
0.0283555789702
0.0276862606438
0.0255510198931
0.023031264303
0.0210471624438
0.0208062901705
0.0198491864615
0.0185503109085
0.0161507508209
0.0154035843377
0.0146397206023
0.0142787963687
0.0126103654593
0.0111798144313
0.00983706120086
0.0099212398789
0.00984623661446
0.00978293117274
0.00829749604746
0.00761534701126
0.00650231782157
0.00712215320286
0.00596841312916
0.00457757060329
0.00248939780618
0.00169930091636
0.00212667238722
0.00145484958071
0.000636168520747
-0.00073662759862
-0.00226143545973
-0.00334533076777
-0.00392936075889
-0.00382539491805
-0.00441946644124
-0.00514951016475
-0.00581834048173
-0.00576169981638
-0.00605286444005
-0.00699169253788
-0.00780537348111
-0.00879803208842
-0.00834809910598
-0.00865515551767
-0.00854700812118
-0.00988805726377
-0.0103066450835
-0.0116873138365
-0.0111905659165
-0.0114270352417
-0.0109465180388
-0.0123449908262
-0.0127694925376
-0.0139309758089
-0.0134556695853
-0.0140527296558
-0.013271126675
-0.0135422285936
-0.0133387435488
-0.0145423550353
-0.0147339525168
-0.0154652842628
-0.0152064404856
-0.0154223817562
-0.0159380197557
-0.0160304878115
-0.0170202923332
-0.0164529445358
-0.0160878706545
-0.0153596521977
-0.0157855250313
-0.0162333608357
-0.0165831503147
-0.0161790709338
-0.016355669608
-0.0157902044211
-0.0164298525136
-0.0168875315916
-0.0177396781341
-0.0173988919471
-0.016322462901
-0.0152953555212
-0.0151535575863
-0.0159447265204
-0.0165859600438
-0.0163508591501
-0.0154717751683
-0.0146562060153
-0.0143914211992
-0.0146278328486
-0.0151587047384
-0.0152992685594
-0.0147480313812
-0.0142634231013
-0.0140887411431
-0.014064256441
-0.0144173778577
-0.0148380346923
-0.0155681501767
-0.0152686644234
-0.0143070904393
-0.0139622093282
-0.0142607691785
-0.0151406023729
-0.0161144710455
-0.0163355669901
-0.0167215074736
-0.0157778551543
-0.0158910175689
-0.0154316208526
-0.0158586680209
-0.0163680382106
-0.0171100990759
-0.0179022396131
-0.0172493590019
-0.0167575017939
-0.0153035295098
-0.0155130151324
-0.0154073683146
-0.0165282984226
-0.0163610778208
-0.0161441690886
-0.0157708136982
-0.0150689687593
-0.0154405105048
-0.0151010860844
-0.0163835927956
-0.0165719291744
-0.016950514254
-0.0158505834424
-0.0152568146776
-0.014949619461
-0.0156406518434
-0.0162378605906
-0.0165790461054
-0.0167479647327
-0.0165141030335
-0.0152367507794
-0.0147344110418
-0.0141424574499
-0.0147107859553
-0.0139920235049
-0.0139584209032
-0.0135717845518
-0.0134157025385
-0.0126763695069
-0.0125455186003
-0.0122494930286
-0.0121569615734
-0.0118291649592
-0.0123643334391
-0.0124647811563
-0.0122474297304
-0.0114047081281
-0.0114687277202
-0.0113548215659
-0.0114239075788
-0.0113820443865
-0.0117542765076
-0.0120134179428
-0.012045580575
-0.0117941622199
-0.0117645425295
-0.0108969929656
-0.0108922697245
-0.0111476616341
-0.0120165985614
-0.0121412224867
-0.0121711803246
-0.0121056955387
-0.0119600739597
-0.0111689601504
-0.0108547176116
-0.0109455697571
-0.0112151773065
-0.0117144632577
-0.0116088542387
-0.0119990320966
-0.0109331121907
-0.0102259851225
-0.00909026690219
-0.00932191228009
-0.00957747644994
-0.00991614995728
-0.0102838649749
-0.0102252655464
-0.00968030615089
-0.00844058399789
-0.00726245673408
-0.00712330857144
-0.0067565018662
-0.00738709981342
-0.00749489643352
-0.00814063769753
-0.00788486315494
-0.00758937933349
-0.00645379265049
-0.00582381565292
-0.00485071091163
-0.00473406120997
-0.00512958454237
-0.00612672507805
-0.00662762934605
-0.00655821713453
-0.0057147985504
-0.00509878244545
-0.00410083994526
-0.00385912643518
-0.004171594311
-0.00466201053988
-0.00508083576665
-0.00512556336687
-0.00490696075152
-0.00411019876963
-0.00280011517712
-0.00223578661337
-0.00147102831931
-0.00162518785295
-0.00152240295007
-0.00167770799381
-0.00162018195651
-0.00125519745737
-0.00165312746769
-0.00152619904983
-0.00139268155474
-0.000236087041008
0.00102769284502
0.00136701251982
0.00144990153305
0.000587244247487
0.00108567522647
0.000912907504084
0.00180146413187
0.00209978628789
0.00310925329225
0.00320992926914
0.0032321122124
0.00278697068663
0.00275173312783
0.00264658163689
0.00293694658155
0.00246028305625
0.00250598015458
0.00165964827024
0.00224170846266
0.00195591337975
0.0026517829722
0.00339986196757
0.00380674909423
0.00477998966151
0.00519055327546
0.00611600694288
0.00666397663945
0.00685004155439
0.00764997656486
0.00801784803582
0.00847029846794
0.00898463583444
0.00984695797192
0.0110509564438
0.0120282626625
0.0119791265521
0.0115400195633
0.0108063170923
0.0109048405714
0.0107020566499
0.0107229803062
0.010681841526
0.0111017382027
0.0114111093809
0.0117180219601
0.0112577389704
0.0116031606085
0.0109779155593
0.0105230577638
0.00929152729453
0.00912424791467
0.00973470312377
0.0099125978529
0.0109893105679
0.0120069560704
0.013416573187
0.0141230097363
0.0143003320582
0.0141892515733
0.0136245534774
0.0129265163293
0.012864799806
0.0135890556501
0.0146706027259
0.0158725235197
0.0152058242901
0.015529783225
0.0160128376284
0.0167462461883
0.0173037546483
0.0166911608236
0.0170596109466
0.0164822075793
0.0168657893571
0.0171542570022
0.0177057685862
0.0187534403835
0.0195691604908
0.0204583191272
0.0206389596927
0.0206894778309
0.0204500807308
0.0198112250881
0.0186363017795
0.018072784904
0.0174837847743
0.0176340731537
0.0166604645445
0.0167361658295
0.0173227808467
0.018055033605
0.0188423363922
0.0186290308562
0.0184257751167
0.0168582780507
0.0161768167995
0.0154271293292
0.0150737509976
0.0149928811012
0.0154539034799
0.016617216586
0.0162267307223
0.0161860947594
0.0150494766682
0.0160597952531
0.0154342011444
0.0154073979135
0.0138482393358
0.0140485042244
0.0144310566007
0.0139761099296
0.0137109786605
0.0129104152846
0.0124614329511
0.0119421739368
0.0111209583921
0.0115317203581
0.0106807263143
0.010247410711
0.0100101897046
0.0101983489459
0.0105235090816
0.00859364054125
0.00784996667086
0.00621703066109
0.0063671640339
0.0052351207158
0.00493390775656
0.00306389614816
0.00225428039271
0.00105821189686
0.000502875514015
-0.00120454540057
-0.00174330191627
-0.00201551554892
-0.00257243087124
-0.00331224999043
-0.00401046605911
-0.00432485788933
-0.0049388729722
-0.00522747339431
-0.00588252049038
-0.0063761504676
-0.00719263104388
-0.00763884343283
END
