380.3
381.1
381.9
382.7
383.5
384.4
385.2
386.0
386.8
387.6
388.4
389.2
390.1
390.9
391.7
392.5
393.3
394.1
394.9
395.8
396.6
397.4
398.2
399.0
399.8
400.6
401.5
402.3
403.1
403.9
404.7
405.5
406.3
407.2
408.0
408.8
409.6
410.4
411.2
412.0
412.8
413.7
414.5
415.3
416.1
416.9
417.7
418.5
419.4
420.2
421.0
421.8
422.6
423.4
424.2
425.1
425.9
426.7
427.5
428.3
429.1
429.9
430.8
431.6
432.4
433.2
434.0
434.8
435.6
436.4
437.3
438.1
438.9
439.7
440.5
441.3
442.1
443.0
443.8
444.6
445.4
446.2
447.0
447.8
448.7
449.5
450.3
451.1
451.9
452.7
453.5
454.4
455.2
456.0
456.8
457.6
458.4
459.2
460.0
460.9
461.7
462.5
463.3
464.1
464.9
465.7
466.6
467.4
468.2
469.0
469.8
470.6
471.4
472.3
473.1
473.9
474.7
475.5
476.3
477.1
478.0
478.8
479.6
480.4
481.2
482.0
482.8
483.6
484.5
485.3
486.1
486.9
487.7
488.5
489.3
490.2
491.0
491.8
492.6
493.4
494.2
495.0
495.9
496.7
497.5
498.3
499.1
499.9
500.7
501.6
502.4
503.2
504.0
504.8
505.6
506.4
507.2
508.1
508.9
509.7
510.5
511.3
512.1
512.9
513.7
514.5
515.3
516.1
516.8
517.6
518.4
519.2
520.0
520.8
521.5
522.3
523.1
523.9
524.7
525.5
526.2
527.0
527.8
528.6
529.4
530.2
530.9
531.7
532.5
533.3
534.1
534.9
535.6
536.4
537.2
538.0
538.8
539.6
540.3
541.1
541.9
542.7
543.5
544.3
545.0
545.8
546.6
547.4
548.2
549.0
549.7
550.5
551.3
552.1
552.9
553.7
554.4
555.2
556.0
556.8
557.6
558.4
559.1
559.9
560.7
561.5
562.3
563.1
563.8
564.6
565.4
566.2
567.0
567.8
568.5
569.3
570.1
570.9
571.7
572.5
573.2
574.0
574.8
575.6
576.4
577.2
577.9
578.7
579.5
580.3
581.1
581.9
582.6
583.4
584.2
585.0
585.8
586.6
587.3
588.1
588.9
589.6
590.3
591.1
591.8
592.6
593.3
594.0
594.8
595.5
596.3
597.0
597.7
598.5
599.2
600.0
600.7
601.5
602.2
602.9
603.7
604.4
605.2
605.9
606.6
607.4
608.1
608.9
609.6
610.3
611.1
611.8
612.6
613.3
614.0
614.8
615.5
616.3
617.0
617.7
618.5
619.2
620.0
620.7
621.4
622.2
622.9
623.7
624.4
625.2
625.9
626.6
627.4
628.1
628.9
629.6
630.3
631.1
631.8
632.6
633.3
634.0
634.8
635.5
636.3
637.0
637.7
638.5
639.2
640.0
640.7
641.4
642.2
642.9
643.7
644.4
645.1
645.9
646.6
647.4
648.1
648.8
649.6
650.3
651.1
651.8
652.6
653.3
654.0
654.8
655.5
656.3
657.0
657.7
658.5
659.2
660.0
660.7
661.4
662.2
662.9
663.7
664.4
665.1
665.9
666.6
667.4
668.1
668.9
669.6
670.4
671.2
671.9
672.7
673.4
674.2
674.9
675.7
676.5
677.2
678.0
678.7
679.5
680.2
681.0
681.8
682.5
683.3
684.0
684.8
685.5
686.3
687.1
687.8
688.6
689.3
690.1
690.8
691.6
692.4
693.1
693.9
694.6
695.4
696.1
696.9
697.7
698.4
699.2
699.9
700.7
701.4
702.2
703.0
703.7
704.5
705.2
706.0
706.8
707.6
708.4
709.2
710.0
710.8
711.6
712.4
713.2
714.0
714.8
715.6
716.4
717.2
718.0
718.8
719.6
720.4
721.2
722.0
722.8
723.6
724.4
725.2
726.0
726.8
727.6
728.4
729.2
730.0
730.8
731.6
732.4
733.2
734.0
734.8
735.6
736.4
737.2
738.0
738.8
739.6
740.4
741.2
742.0
742.8
743.6
744.4
745.2
746.0
746.8
747.6
748.4
749.2
750.0
750.8
751.6
752.4
753.2
754.0
754.8
755.6
756.4
757.2
758.0
758.8
759.6
760.4
761.2
762.0
762.8
763.6
764.4
765.2
766.0
766.8
767.6
768.4
769.2
770.0
770.8
771.6
772.4
773.2
774.1
774.9
775.7
776.5
777.3
778.1
778.9
779.7
780.5
781.3
782.1
782.9
783.7
784.5
785.3
786.1
786.9
787.7
788.5
789.3
790.1
790.9
791.7
792.5
793.3
794.1
794.9
795.7
796.5
797.3
798.1
798.9
799.7
800.5
801.3
802.1
802.9
803.7
804.5
805.3
806.1
806.9
807.7
808.5
809.3
810.1
810.9
811.7
812.5
813.3
814.1
814.9
815.7
816.5
817.3
818.1
818.9
819.7
820.5
821.3
822.1
822.9
823.7
824.5
825.3
826.1
826.9
827.7
828.5
829.3
830.1
830.9
831.7
832.6
833.4
834.3
835.1
835.9
836.8
837.6
838.5
839.3
840.2
841.0
841.9
842.7
843.5
844.4
845.2
846.1
846.9
847.8
848.6
849.4
850.3
851.1
852.0
852.8
853.7
854.5
855.3
856.2
857.0
857.9
858.7
859.6
860.4
861.3
862.1
862.9
863.8
864.6
865.5
866.3
867.2
868.0
868.8
869.7
870.5
871.4
872.2
873.1
873.9
874.8
875.6
876.4
877.3
878.1
879.0
879.8
880.7
881.5
882.3
883.2
884.0
884.9
885.7
886.6
887.4
888.2
889.1
889.9
890.8
891.6
892.5
893.3
894.2
895.0
895.8
896.7
897.5
898.4
899.2
NEXT_SERIES
0.116587097058
0.116558455846
0.114437527417
0.11314648524
0.112141279383
0.11425856818
0.120765985074
0.129629869816
0.14072517172
0.153200253021
0.168778179369
0.182879455507
0.19817567715
0.212417656408
0.226489604794
0.241251360378
0.253906786074
0.266290744105
0.275716070663
0.282092826851
0.286440890113
0.286334780148
0.285326757498
0.280410728221
0.274589392767
0.266761995116
0.260583172298
0.253635915983
0.247476608385
0.241286242335
0.236358321873
0.232456743644
0.229590519645
0.228454210885
0.227388281453
0.22757845975
0.228253338274
0.229570829248
0.231152992191
0.232523064691
0.234587924588
0.237118365719
0.24015522778
0.243947067581
0.247292909645
0.250374392745
0.253581322308
0.256429735023
0.259828197164
0.26220099895
0.264027518353
0.266139339292
0.267416022307
0.269093084051
0.270509888262
0.271774872862
0.273248414545
0.274967378348
0.27715435177
0.277830914939
0.277355077362
0.27724803612
0.276498399473
0.275857333257
0.274845224778
0.274318198156
0.273375239764
0.271801811663
0.270507932576
0.268172870597
0.266336250064
0.263767973217
0.261939688028
0.259070056274
0.256043685547
0.253349099521
0.250769284728
0.248780164912
0.247194208416
0.245439593161
0.24290821895
0.239687401447
0.236464862207
0.234195914955
0.231163865897
0.228840714006
0.226641366661
0.224767964401
0.223171143933
0.221277955023
0.219573200567
0.217013406038
0.214610712128
0.212782969847
0.210776500566
0.208781655724
0.206668946707
0.203662942563
0.201236345768
0.198666433685
0.197079050056
0.194214120568
0.192056191087
0.190643247879
0.1896962804
0.188762282381
0.187657951099
0.18727350021
0.185367931153
0.183652597315
0.182161321231
0.181001705577
0.180410514086
0.180061405125
0.180307562554
0.179366394308
0.17854518062
0.177462612584
0.177507121264
0.175575612646
0.174133063184
0.173554772769
0.173966869765
0.174303904195
0.172672996584
0.172654791748
0.172795265394
0.173396246288
0.17401423595
0.173266197493
0.173469475628
0.171052182308
0.170459206246
0.169382249046
0.169882980692
0.169521367172
0.168691741163
0.169038199756
0.169088450775
0.170023493616
0.170182758465
0.169768305033
0.169481397707
0.16858709251
0.168964392797
0.168953886985
0.168649281662
0.168660924474
0.168073195597
0.168774198425
0.168617937688
0.167890907987
0.165854059332
0.163385310316
0.161302664173
0.160362351857
0.159282251044
0.158317942483
0.156359916608
0.15573845254
0.155106199522
0.154607495133
0.153447003912
0.152479365584
0.151084851788
0.149628746646
0.147896083301
0.146550000265
0.144175061443
0.142829673065
0.141804092223
0.140509571323
0.138230305457
0.136317951923
0.135545152883
0.135395162853
0.134431267114
0.134149624207
0.133419888543
0.133041194738
0.13237617281
0.13255666143
0.13181842038
0.131136124422
0.129236233837
0.127733382046
0.125911036863
0.124709763507
0.123505513394
0.122484153519
0.121866525725
0.121432656753
0.121728703302
0.121153708348
0.121093514023
0.120549261352
0.120672523239
0.121005051895
0.120789433163
0.120714778062
0.120306879844
0.120160508101
0.119108916788
0.117392389089
0.116967092004
0.11617645396
0.116270921451
0.113975780669
0.112452370726
0.111195807221
0.110439047877
0.110145250482
0.109568346448
0.109593370657
0.109507504329
0.109294446373
0.108740086667
0.108620479107
0.108428553065
0.10892176913
0.108957320921
0.108418430245
0.107488858871
0.106637966653
0.105173282397
0.104559471539
0.103291368962
0.103511388071
0.102519965238
0.102603855026
0.101332560548
0.101689026826
0.101353191154
0.102025803368
0.10140030606
0.100807263628
0.100919112744
0.101093840659
0.100951278986
0.100281143773
0.0999314301761
0.0999025957049
0.100292596034
0.0994832715611
0.0994959811957
0.0983897530805
0.0979343974585
0.0973076016051
0.0967774132577
0.0961642753966
0.0957049651997
0.0950489115334
0.0952964342457
0.0952518869772
0.0959473142028
0.0958380868269
0.096179151558
0.0957089869236
0.096007117552
0.0955110350771
0.0951912913377
0.0942288947582
0.093003779483
0.0925898230139
0.091656991508
0.0909926346413
0.0900421849368
0.0896737185136
0.0891202055653
0.088709277968
0.0885103416193
0.0882245576265
0.0874076501841
0.087659051398
0.0881421448949
0.0899525276843
0.0894809700523
0.0892762960884
0.0887022971353
0.0904040366179
0.0921315600178
0.0920416155467
0.091246548084
0.0900408110586
0.0904195126484
0.0898873259429
0.0886577967759
0.08733539643
0.0862419304994
0.087071799432
0.0869940786552
0.0870886111756
0.085683527485
0.0855772220662
0.0852184458303
0.0867273835711
0.086484118113
0.0867798171553
0.08574649712
0.0865677390041
0.0875050118738
0.0887215267293
0.0894213410718
0.0898943876514
0.0901741075431
0.0911952396818
0.0906913404526
0.0901394544586
0.0884709229885
0.088117916863
0.0877805048576
0.0877945293541
0.0871184765755
0.0856879606708
0.0842241884387
0.0832363145103
0.0839357621594
0.083848668648
0.0835082851135
0.0827039497284
0.0824125429156
0.0826698670856
0.083405767812
0.0835218678689
0.0837970481645
0.0824621345906
0.0821919887025
0.0822302437434
0.0833208872837
0.082893092437
0.0828945553138
0.0816708899689
0.0820055571937
0.0812663797749
0.0816191209079
0.0808698234177
0.0810972189482
0.0796803256592
0.0799639441313
0.0792498035012
0.0808370767292
0.080639541925
0.081453449284
0.0805344562592
0.081367899913
0.0812810426868
0.0821199266073
0.0825332914919
0.0827393744052
0.0827332011066
0.0817545076385
0.0827430320407
0.0840694114998
0.0860849336256
0.0863752532253
0.0864600324317
0.0863177679024
0.0869702633134
0.0876097711077
0.0895008204379
0.0907489109106
0.0916666400971
0.0913460545668
0.0924403726872
0.094327690042
0.0972308222869
0.0994293571643
0.100516599752
0.101377977194
0.102697346695
0.104875761364
0.107517195855
0.109514018573
0.111071741012
0.111486541645
0.111267112999
0.11194352987
0.113180543403
0.115072198307
0.116872249707
0.11755077186
0.116872645502
0.115200342729
0.114312812324
0.114958146467
0.115809551397
0.116100327968
0.114083224577
0.111690578491
0.109384157785
0.107949580904
0.108533599985
0.107302624615
0.107313902497
0.104171273286
0.102197736403
0.0991728297464
0.0978037305599
0.0978147299731
0.0977972098524
0.0978922606986
0.096789737663
0.0949630601718
0.092329710691
0.0907109264568
0.0900398581284
0.0901823755047
0.090669163701
0.090087490674
0.0888620988573
0.0856164722832
0.0839778100209
0.0830109843125
0.0840149931293
0.0852025644291
0.0853160180941
0.0844364655408
0.0820404723848
0.0811956460983
0.08007772924
0.0805635349086
0.0820366500746
0.0831695683051
0.0843745702796
0.0833617078593
0.0832525929223
0.0823306761734
0.0822786472797
0.0832196357557
0.0849266476946
0.0867192210231
0.0874972072479
0.0870219419909
0.0860224809006
0.0842834247835
0.0838497838172
0.0837568448093
0.0857257129067
0.0866977410858
0.0876216555245
0.0863302723436
0.0852966771554
0.0840768295125
0.0844096574879
0.0850379638075
0.0861221367147
0.0859696691591
0.0860877482207
0.0851571324931
0.0843854749489
0.0835087729913
0.0832598507495
0.0833048222788
0.0836210488788
0.0841265094988
0.085475707292
0.0854199634394
0.0849300153895
0.0842147421657
0.0838161813522
0.0838746921522
0.0836523295768
0.0848698526594
0.0857927346349
0.0863706199454
0.0855723308099
0.0847237083793
0.0842835515682
0.0842483636653
0.0849769345685
0.086413587107
0.0878894850901
0.0894765700512
0.089509579988
0.0897299600082
0.0878578449796
0.0869213903906
0.0859423341006
0.0871769541978
0.0880748072322
0.08984994751
0.090446545568
0.0911922627357
0.0902008211977
0.08897208823
0.0875788567859
0.0871031735704
0.0874882975254
0.08820250255
0.0888696606576
0.0905776376722
0.0916020380135
0.0915827289388
0.0903071979725
0.0894287376457
0.0895173028063
0.0902444808001
0.0904955067667
0.09147975517
0.092102354405
0.0931902707808
0.0937317353339
0.0936891058431
0.0934499648114
0.0926121786898
0.0926240928084
0.092510138939
0.0937114665548
0.0945229187343
0.0959801219904
0.0977455853682
0.0978848774197
0.0980900331961
0.0970254360881
0.0975436641354
0.0978076856763
0.0984444179658
0.0990998996657
0.100119182596
0.100685186259
0.101706661636
0.101712985103
0.102152005832
0.101090234484
0.100555316245
0.0991240827431
0.0987934614193
0.0976732883991
0.0979396222522
0.0981507091846
0.0996693718717
0.100838303042
0.101018348
0.1010149315
0.10079742779
0.100807738033
0.101666077067
0.10208331258
0.104322557919
0.105903978422
0.108164174814
0.109873110525
0.111265250538
0.112778929949
0.113100835747
0.112444417748
0.111478891914
0.110960370818
0.111939621355
0.111828991247
0.112427122867
0.112675804457
0.113461838445
0.113457657005
0.113056807064
0.112126810241
0.111756651474
0.110027742855
0.108936484544
0.107387257403
0.107024100844
0.107089030336
0.108264171491
0.109999719674
0.111539553992
0.112218580919
0.113014176685
0.113171656232
0.112189878126
0.111146780238
0.110549627225
0.1107485579
0.111151337752
0.111916129752
0.112608177603
0.11266112344
0.113483148551
0.115023389864
0.116010639287
0.116803922724
0.116100021492
0.116384625549
0.116180821535
0.117807415183
0.118521839291
0.120286286918
0.12123190346
0.123156277978
0.123964247422
0.124085147823
0.123967819968
0.123640754864
0.12413436203
0.122846587879
0.122742439335
0.122013291171
0.122751027943
0.121405907715
0.120934776701
0.121487988345
0.122454365832
0.122978991523
0.122025354849
0.121404197956
0.11993032738
0.11948886972
0.118414531433
0.118254592191
0.117938098243
0.118234981896
0.118171518859
0.11841212625
0.118810977094
0.118910839382
0.11869166544
0.117599086797
0.118069280659
0.117182744322
0.117508076366
0.116779393949
0.116707979963
0.116214956589
0.115767578731
0.115306062466
0.11544345694
0.11493372554
0.114963315062
0.11420449101
0.11441344023
0.114112519201
0.113516558532
0.111934697221
0.11003211825
0.109676356864
0.109196211304
0.108902107687
0.106908797828
0.106404117856
0.104293182304
0.102431930227
0.0992088281397
0.0980400347802
0.0966775316408
0.0952484131383
0.0929003444007
0.0912925262835
0.0901380942585
0.0889253011585
0.0877614004327
0.0855898056863
0.0856652028268
0.0836471631467
0.0843455687865
0.0824309194114
0.0813577640958
END
