380.3
381.1
381.9
382.7
383.5
384.4
385.2
386.0
386.8
387.6
388.4
389.2
390.1
390.9
391.7
392.5
393.3
394.1
394.9
395.8
396.6
397.4
398.2
399.0
399.8
400.6
401.5
402.3
403.1
403.9
404.7
405.5
406.3
407.2
408.0
408.8
409.6
410.4
411.2
412.0
412.8
413.7
414.5
415.3
416.1
416.9
417.7
418.5
419.4
420.2
421.0
421.8
422.6
423.4
424.2
425.1
425.9
426.7
427.5
428.3
429.1
429.9
430.8
431.6
432.4
433.2
434.0
434.8
435.6
436.4
437.3
438.1
438.9
439.7
440.5
441.3
442.1
443.0
443.8
444.6
445.4
446.2
447.0
447.8
448.7
449.5
450.3
451.1
451.9
452.7
453.5
454.4
455.2
456.0
456.8
457.6
458.4
459.2
460.0
460.9
461.7
462.5
463.3
464.1
464.9
465.7
466.6
467.4
468.2
469.0
469.8
470.6
471.4
472.3
473.1
473.9
474.7
475.5
476.3
477.1
478.0
478.8
479.6
480.4
481.2
482.0
482.8
483.6
484.5
485.3
486.1
486.9
487.7
488.5
489.3
490.2
491.0
491.8
492.6
493.4
494.2
495.0
495.9
496.7
497.5
498.3
499.1
499.9
500.7
501.6
502.4
503.2
504.0
504.8
505.6
506.4
507.2
508.1
508.9
509.7
510.5
511.3
512.1
512.9
513.7
514.5
515.3
516.1
516.8
517.6
518.4
519.2
520.0
520.8
521.5
522.3
523.1
523.9
524.7
525.5
526.2
527.0
527.8
528.6
529.4
530.2
530.9
531.7
532.5
533.3
534.1
534.9
535.6
536.4
537.2
538.0
538.8
539.6
540.3
541.1
541.9
542.7
543.5
544.3
545.0
545.8
546.6
547.4
548.2
549.0
549.7
550.5
551.3
552.1
552.9
553.7
554.4
555.2
556.0
556.8
557.6
558.4
559.1
559.9
560.7
561.5
562.3
563.1
563.8
564.6
565.4
566.2
567.0
567.8
568.5
569.3
570.1
570.9
571.7
572.5
573.2
574.0
574.8
575.6
576.4
577.2
577.9
578.7
579.5
580.3
581.1
581.9
582.6
583.4
584.2
585.0
585.8
586.6
587.3
588.1
588.9
589.6
590.3
591.1
591.8
592.6
593.3
594.0
594.8
595.5
596.3
597.0
597.7
598.5
599.2
600.0
600.7
601.5
602.2
602.9
603.7
604.4
605.2
605.9
606.6
607.4
608.1
608.9
609.6
610.3
611.1
611.8
612.6
613.3
614.0
614.8
615.5
616.3
617.0
617.7
618.5
619.2
620.0
620.7
621.4
622.2
622.9
623.7
624.4
625.2
625.9
626.6
627.4
628.1
628.9
629.6
630.3
631.1
631.8
632.6
633.3
634.0
634.8
635.5
636.3
637.0
637.7
638.5
639.2
640.0
640.7
641.4
642.2
642.9
643.7
644.4
645.1
645.9
646.6
647.4
648.1
648.8
649.6
650.3
651.1
651.8
652.6
653.3
654.0
654.8
655.5
656.3
657.0
657.7
658.5
659.2
660.0
660.7
661.4
662.2
662.9
663.7
664.4
665.1
665.9
666.6
667.4
668.1
668.9
669.6
670.4
671.2
671.9
672.7
673.4
674.2
674.9
675.7
676.5
677.2
678.0
678.7
679.5
680.2
681.0
681.8
682.5
683.3
684.0
684.8
685.5
686.3
687.1
687.8
688.6
689.3
690.1
690.8
691.6
692.4
693.1
693.9
694.6
695.4
696.1
696.9
697.7
698.4
699.2
699.9
700.7
701.4
702.2
703.0
703.7
704.5
705.2
706.0
706.8
707.6
708.4
709.2
710.0
710.8
711.6
712.4
713.2
714.0
714.8
715.6
716.4
717.2
718.0
718.8
719.6
720.4
721.2
722.0
722.8
723.6
724.4
725.2
726.0
726.8
727.6
728.4
729.2
730.0
730.8
731.6
732.4
733.2
734.0
734.8
735.6
736.4
737.2
738.0
738.8
739.6
740.4
741.2
742.0
742.8
743.6
744.4
745.2
746.0
746.8
747.6
748.4
749.2
750.0
750.8
751.6
752.4
753.2
754.0
754.8
755.6
756.4
757.2
758.0
758.8
759.6
760.4
761.2
762.0
762.8
763.6
764.4
765.2
766.0
766.8
767.6
768.4
769.2
770.0
770.8
771.6
772.4
773.2
774.1
774.9
775.7
776.5
777.3
778.1
778.9
779.7
780.5
781.3
782.1
782.9
783.7
784.5
785.3
786.1
786.9
787.7
788.5
789.3
790.1
790.9
791.7
792.5
793.3
794.1
794.9
795.7
796.5
797.3
798.1
798.9
799.7
800.5
801.3
802.1
802.9
803.7
804.5
805.3
806.1
806.9
807.7
808.5
809.3
810.1
810.9
811.7
812.5
813.3
814.1
814.9
815.7
816.5
817.3
818.1
818.9
819.7
820.5
821.3
822.1
822.9
823.7
824.5
825.3
826.1
826.9
827.7
828.5
829.3
830.1
830.9
831.7
832.6
833.4
834.3
835.1
835.9
836.8
837.6
838.5
839.3
840.2
841.0
841.9
842.7
843.5
844.4
845.2
846.1
846.9
847.8
848.6
849.4
850.3
851.1
852.0
852.8
853.7
854.5
855.3
856.2
857.0
857.9
858.7
859.6
860.4
861.3
862.1
862.9
863.8
864.6
865.5
866.3
867.2
868.0
868.8
869.7
870.5
871.4
872.2
873.1
873.9
874.8
875.6
876.4
877.3
878.1
879.0
879.8
880.7
881.5
882.3
883.2
884.0
884.9
885.7
886.6
887.4
888.2
889.1
889.9
890.8
891.6
892.5
893.3
894.2
895.0
895.8
896.7
897.5
898.4
899.2
NEXT_SERIES
0.151837159881
0.150215772145
0.149233512284
0.14836893323
0.149750105355
0.152161334405
0.157554136415
0.167656672202
0.181091915062
0.197770460875
0.213145267502
0.227945771093
0.243200450514
0.258905237953
0.275409911873
0.289909578684
0.304810663882
0.316589378591
0.327154777571
0.333607170514
0.338333296831
0.33846024906
0.33558338971
0.330140829416
0.323990043029
0.316621153832
0.309034961497
0.301384843795
0.294776066852
0.288456078978
0.28314804925
0.280027984199
0.277444751172
0.276223656851
0.275334520308
0.275880613883
0.276905882218
0.278115851788
0.27925846526
0.281665637717
0.284170175134
0.288015264112
0.290674204988
0.294567082636
0.298434602577
0.302959868811
0.306135319693
0.309604284098
0.312760375453
0.315880179598
0.318075396946
0.319708251482
0.321000879484
0.321744763168
0.324289254754
0.325345284251
0.326637936104
0.327129293598
0.329225595217
0.330198282941
0.328928305615
0.328421444951
0.327521750358
0.326923104535
0.325246235014
0.32459456086
0.3238585957
0.321287286433
0.319192668624
0.316799556795
0.315216207679
0.312399874552
0.30929650283
0.305874956213
0.301408236568
0.298138980775
0.294680851571
0.2925056437
0.289710787011
0.287272072569
0.284182006049
0.281055161357
0.277702626977
0.27518816988
0.271765218284
0.268722412161
0.265517144233
0.263491887638
0.26195218909
0.259725084958
0.256650306835
0.253816470972
0.252204977312
0.249719923056
0.247028660539
0.242884152462
0.240315618143
0.236723299796
0.234331300012
0.231395844455
0.229645226461
0.228266997392
0.226118827966
0.224749645921
0.222455904009
0.221593905734
0.219769895714
0.218527214866
0.216788720923
0.2155422352
0.215413195546
0.215066342173
0.215124910156
0.213825431869
0.213023046296
0.21272148992
0.212360228086
0.211935432329
0.211024988486
0.210044608914
0.209180919641
0.208555638915
0.209193180144
0.209742953889
0.210121196452
0.209868753058
0.210262648473
0.210356420277
0.210750979198
0.21120579121
0.211883729957
0.211190431449
0.210869907248
0.209591698382
0.20993734147
0.209734997656
0.210240551337
0.211704643174
0.212255931596
0.213463433995
0.212573665762
0.213426282669
0.213357704961
0.21392158632
0.214206058952
0.213722195114
0.213969633919
0.215522505991
0.217097217409
0.218117460161
0.218242685288
0.217628384379
0.216850156097
0.214186924701
0.213609234757
0.212376702854
0.212801331629
0.211009478962
0.209967198694
0.209540761589
0.210034326933
0.209390610018
0.208546050211
0.208115285385
0.207205365607
0.205204854004
0.202663830513
0.201666539581
0.199687984462
0.198595025948
0.197255653036
0.196156093915
0.194056783066
0.192972975486
0.192097617049
0.192149606335
0.190827233465
0.191483717043
0.191464532519
0.192048633398
0.190766977587
0.189969480586
0.188625483219
0.187387961298
0.186679923678
0.185855660106
0.184653592445
0.183195731097
0.182010661604
0.181557296591
0.181193480257
0.180474905761
0.180203268533
0.179676890176
0.179289145105
0.178747112937
0.179100942136
0.179604463884
0.178899433469
0.178239156543
0.177572222218
0.177844647771
0.176870628488
0.175149868804
0.174757990381
0.173585943591
0.173114675444
0.170249425276
0.168880827075
0.167967842018
0.167371027522
0.166052217476
0.164047771567
0.16379974686
0.163568697732
0.164313613746
0.163479903783
0.162736416988
0.161965519818
0.16161806734
0.160819274689
0.159744855866
0.158747757444
0.157568447218
0.155571937385
0.154083390784
0.153582139038
0.153055015591
0.151790841317
0.150792015224
0.149814521399
0.149501407963
0.149200859327
0.149118562526
0.148740776752
0.147492237229
0.146840343987
0.145576398918
0.144824932563
0.144195003232
0.143969574716
0.143776241791
0.143029064718
0.14192902442
0.140392512829
0.138968536967
0.137620993927
0.13689142992
0.136578347712
0.135422515548
0.134630880396
0.133246962501
0.133171091623
0.132760376522
0.132833168346
0.131988377031
0.131367691981
0.130176896766
0.129810730751
0.128995731557
0.128133568076
0.127502783817
0.12599573647
0.125500881174
0.123949458609
0.123023183214
0.121058868751
0.120261928978
0.119368162568
0.118984628984
0.11797404171
0.117081684689
0.116740425919
0.117414838735
0.118480341331
0.118739762203
0.117780160852
0.117043446156
0.117096899003
0.118228016966
0.119081486719
0.118340317126
0.116977233636
0.115457688169
0.115878004242
0.115615390216
0.114441962082
0.113067901917
0.11228599234
0.113089514796
0.111837530405
0.111101138671
0.108653824982
0.108481316929
0.107798507288
0.109173999757
0.108914928007
0.109346547733
0.108801480536
0.110313112576
0.111210282022
0.111999842556
0.111739962606
0.111782430842
0.111637375082
0.11270652747
0.112210845834
0.112033682362
0.11015665732
0.109567469443
0.109253934166
0.109240221063
0.108488309714
0.107055981048
0.105041969352
0.104066303699
0.104121561074
0.104761867426
0.103909807083
0.102513823064
0.101758446871
0.102391342551
0.103835729325
0.103608729547
0.103176539924
0.10179535975
0.101947187813
0.101850977444
0.102514096533
0.101319340433
0.101411914681
0.100037984246
0.100820200518
0.100615746511
0.101062821966
0.0998313293426
0.0993359317696
0.0980796866232
0.0983900616949
0.0976307314154
0.0982121342021
0.0977525010316
0.0988246669153
0.0982876464796
0.0988985417467
0.0983399313002
0.09958400835
0.0996094554553
0.0994786821807
0.0991690682556
0.0987158013158
0.0995246480087
0.100134153168
0.101611604639
0.102271033928
0.102146171196
0.10188424167
0.102318060376
0.102928977378
0.104224620639
0.103928238243
0.104017319929
0.103829642907
0.105024184852
0.106877228354
0.108992815987
0.111181345054
0.111858470958
0.112641347389
0.113239618719
0.115483893066
0.117560872486
0.119454274681
0.120850004059
0.121788660393
0.121864215917
0.122231757537
0.122555355908
0.123996421838
0.125373291111
0.125638308186
0.124493371049
0.122077950618
0.12091266291
0.121507204167
0.122316022626
0.122802607645
0.121026405359
0.119345168386
0.117308777712
0.115932376287
0.116150416738
0.115048620486
0.114937921932
0.112016586553
0.110249035452
0.107779543492
0.106870976241
0.106722474241
0.106359889193
0.106398622053
0.105493783375
0.104417785869
0.101468216573
0.0995506464467
0.098653484645
0.099392336058
0.100683866437
0.0996778350934
0.0986161181518
0.0954517603161
0.0940761008855
0.092628969071
0.0932065340316
0.0941946954586
0.0946341113332
0.0940964451833
0.0921312171116
0.0914384551592
0.0902700329003
0.0905864692773
0.0916544488166
0.0923686552873
0.0931252525251
0.0921332978569
0.0923467038466
0.09188513997
0.0918363301935
0.0922345220866
0.093593494859
0.0951441255737
0.0952485984091
0.0951584227406
0.0939386940757
0.0930034950932
0.0918145402998
0.0921438563137
0.0937739303574
0.0946074439808
0.0949024995662
0.0939890733385
0.0929018090879
0.0915900724976
0.0909834255699
0.0915490919041
0.0926126693967
0.0928731901054
0.0930177141452
0.0920657461183
0.0909877537401
0.0897730574947
0.0886878707951
0.0889344928044
0.0889083778145
0.0901606893379
0.0908117638991
0.0911001154839
0.0902572026447
0.0894506417221
0.0886047465794
0.0882400194855
0.0880850882658
0.0889298859773
0.0896387678783
0.0902318449294
0.0892818914616
0.088870288177
0.0876563207049
0.0878656023671
0.0878408235201
0.0896856716363
0.0909506511932
0.0924904886228
0.0925577251566
0.0923073576193
0.0904595220534
0.0889264543404
0.0879574430897
0.0888614351978
0.0899661827022
0.0917490514569
0.0920011691583
0.0919791021319
0.0910182193068
0.089910327933
0.088340852347
0.0873085679122
0.0872606541454
0.0877229082136
0.0887607539565
0.0896502168708
0.090802902024
0.0901555852581
0.0897262660861
0.0885195521878
0.0881376426005
0.0878061340612
0.088055498203
0.088930241023
0.0900333746008
0.0910823070137
0.0912467518881
0.0910800559997
0.0907274701964
0.0899310210963
0.0895293099007
0.089229444306
0.0904056748114
0.0913329169973
0.0922608159853
0.0933565472704
0.0935573115775
0.0940531110876
0.092976367444
0.0928161886032
0.0923976626545
0.0928929901963
0.0934227376987
0.0941806227415
0.0946883551773
0.0956238363124
0.0957592185205
0.0958528586727
0.0941929835126
0.0931649263861
0.092319773088
0.0922261174062
0.0912405349394
0.0909060470038
0.0911998026802
0.0918672285483
0.0926965675077
0.0919554788232
0.0925213067653
0.0916564222581
0.0916139886143
0.0917292715975
0.0929372709933
0.0947176898025
0.0963179974813
0.0972372386865
0.0992696840463
0.100443422374
0.102028798169
0.102370674506
0.101380528815
0.100528742853
0.0991975965907
0.099737411726
0.0996046311681
0.100326914692
0.100742839774
0.10122375704
0.101466339828
0.101117954846
0.100484402057
0.0995938961523
0.0984838286579
0.0968803333799
0.0953615257506
0.0942300898014
0.0946281704961
0.0950370517771
0.0965420592018
0.0977554611965
0.0994499394436
0.0999404210697
0.0994265124119
0.098145614084
0.0974842125079
0.0968711905906
0.0971929322962
0.0967977946615
0.0980397012752
0.0988698252859
0.0990416749233
0.0995535204605
0.100452656132
0.101598866157
0.101916967792
0.100704040344
0.100111349981
0.100012720866
0.101144515707
0.102593222583
0.103688251495
0.105049709545
0.10647410444
0.107211071607
0.107302080969
0.106835853732
0.106396740768
0.106386527491
0.105350291445
0.104694896249
0.103141625672
0.103535615382
0.102978743727
0.102973106912
0.102367724367
0.102181727148
0.102451000347
0.10172017537
0.101044621257
0.0998049532578
0.0995997414452
0.0988775120067
0.0984877501559
0.0975991453785
0.0979333314301
0.0978467143617
0.0986521220077
0.0985636479517
0.0985843814936
0.098627942893
0.0981707035582
0.0980672709721
0.0971688153065
0.0965379232825
0.0956751280511
0.0951832800695
0.0950322708082
0.0940176326865
0.0940445011868
0.0936725507154
0.0932331908813
0.0922771031504
0.0918693769158
0.0914804802637
0.0914364833439
0.0908975360014
0.0915652223016
0.0903680965218
0.0899202234124
0.0878943771351
0.0868313400744
0.0851494199508
0.0846512544441
0.082132159195
0.0801149280556
0.0777461262463
0.0771273314179
0.0758428409134
0.0737788777553
0.0726853704488
0.0719817773985
0.0724822661368
0.0708765002317
0.0696849175498
0.0675850928642
0.0675014710674
0.0656051503834
0.0662922866536
0.0644873903909
0.0647367679816
END
