380.3
381.1
381.9
382.7
383.5
384.4
385.2
386.0
386.8
387.6
388.4
389.2
390.1
390.9
391.7
392.5
393.3
394.1
394.9
395.8
396.6
397.4
398.2
399.0
399.8
400.6
401.5
402.3
403.1
403.9
404.7
405.5
406.3
407.2
408.0
408.8
409.6
410.4
411.2
412.0
412.8
413.7
414.5
415.3
416.1
416.9
417.7
418.5
419.4
420.2
421.0
421.8
422.6
423.4
424.2
425.1
425.9
426.7
427.5
428.3
429.1
429.9
430.8
431.6
432.4
433.2
434.0
434.8
435.6
436.4
437.3
438.1
438.9
439.7
440.5
441.3
442.1
443.0
443.8
444.6
445.4
446.2
447.0
447.8
448.7
449.5
450.3
451.1
451.9
452.7
453.5
454.4
455.2
456.0
456.8
457.6
458.4
459.2
460.0
460.9
461.7
462.5
463.3
464.1
464.9
465.7
466.6
467.4
468.2
469.0
469.8
470.6
471.4
472.3
473.1
473.9
474.7
475.5
476.3
477.1
478.0
478.8
479.6
480.4
481.2
482.0
482.8
483.6
484.5
485.3
486.1
486.9
487.7
488.5
489.3
490.2
491.0
491.8
492.6
493.4
494.2
495.0
495.9
496.7
497.5
498.3
499.1
499.9
500.7
501.6
502.4
503.2
504.0
504.8
505.6
506.4
507.2
508.1
508.9
509.7
510.5
511.3
512.1
512.9
513.7
514.5
515.3
516.1
516.8
517.6
518.4
519.2
520.0
520.8
521.5
522.3
523.1
523.9
524.7
525.5
526.2
527.0
527.8
528.6
529.4
530.2
530.9
531.7
532.5
533.3
534.1
534.9
535.6
536.4
537.2
538.0
538.8
539.6
540.3
541.1
541.9
542.7
543.5
544.3
545.0
545.8
546.6
547.4
548.2
549.0
549.7
550.5
551.3
552.1
552.9
553.7
554.4
555.2
556.0
556.8
557.6
558.4
559.1
559.9
560.7
561.5
562.3
563.1
563.8
564.6
565.4
566.2
567.0
567.8
568.5
569.3
570.1
570.9
571.7
572.5
573.2
574.0
574.8
575.6
576.4
577.2
577.9
578.7
579.5
580.3
581.1
581.9
582.6
583.4
584.2
585.0
585.8
586.6
587.3
588.1
588.9
589.6
590.3
591.1
591.8
592.6
593.3
594.0
594.8
595.5
596.3
597.0
597.7
598.5
599.2
600.0
600.7
601.5
602.2
602.9
603.7
604.4
605.2
605.9
606.6
607.4
608.1
608.9
609.6
610.3
611.1
611.8
612.6
613.3
614.0
614.8
615.5
616.3
617.0
617.7
618.5
619.2
620.0
620.7
621.4
622.2
622.9
623.7
624.4
625.2
625.9
626.6
627.4
628.1
628.9
629.6
630.3
631.1
631.8
632.6
633.3
634.0
634.8
635.5
636.3
637.0
637.7
638.5
639.2
640.0
640.7
641.4
642.2
642.9
643.7
644.4
645.1
645.9
646.6
647.4
648.1
648.8
649.6
650.3
651.1
651.8
652.6
653.3
654.0
654.8
655.5
656.3
657.0
657.7
658.5
659.2
660.0
660.7
661.4
662.2
662.9
663.7
664.4
665.1
665.9
666.6
667.4
668.1
668.9
669.6
670.4
671.2
671.9
672.7
673.4
674.2
674.9
675.7
676.5
677.2
678.0
678.7
679.5
680.2
681.0
681.8
682.5
683.3
684.0
684.8
685.5
686.3
687.1
687.8
688.6
689.3
690.1
690.8
691.6
692.4
693.1
693.9
694.6
695.4
696.1
696.9
697.7
698.4
699.2
699.9
700.7
701.4
702.2
703.0
703.7
704.5
705.2
706.0
706.8
707.6
708.4
709.2
710.0
710.8
711.6
712.4
713.2
714.0
714.8
715.6
716.4
717.2
718.0
718.8
719.6
720.4
721.2
722.0
722.8
723.6
724.4
725.2
726.0
726.8
727.6
728.4
729.2
730.0
730.8
731.6
732.4
733.2
734.0
734.8
735.6
736.4
737.2
738.0
738.8
739.6
740.4
741.2
742.0
742.8
743.6
744.4
745.2
746.0
746.8
747.6
748.4
749.2
750.0
750.8
751.6
752.4
753.2
754.0
754.8
755.6
756.4
757.2
758.0
758.8
759.6
760.4
761.2
762.0
762.8
763.6
764.4
765.2
766.0
766.8
767.6
768.4
769.2
770.0
770.8
771.6
772.4
773.2
774.1
774.9
775.7
776.5
777.3
778.1
778.9
779.7
780.5
781.3
782.1
782.9
783.7
784.5
785.3
786.1
786.9
787.7
788.5
789.3
790.1
790.9
791.7
792.5
793.3
794.1
794.9
795.7
796.5
797.3
798.1
798.9
799.7
800.5
801.3
802.1
802.9
803.7
804.5
805.3
806.1
806.9
807.7
808.5
809.3
810.1
810.9
811.7
812.5
813.3
814.1
814.9
815.7
816.5
817.3
818.1
818.9
819.7
820.5
821.3
822.1
822.9
823.7
824.5
825.3
826.1
826.9
827.7
828.5
829.3
830.1
830.9
831.7
832.6
833.4
834.3
835.1
835.9
836.8
837.6
838.5
839.3
840.2
841.0
841.9
842.7
843.5
844.4
845.2
846.1
846.9
847.8
848.6
849.4
850.3
851.1
852.0
852.8
853.7
854.5
855.3
856.2
857.0
857.9
858.7
859.6
860.4
861.3
862.1
862.9
863.8
864.6
865.5
866.3
867.2
868.0
868.8
869.7
870.5
871.4
872.2
873.1
873.9
874.8
875.6
876.4
877.3
878.1
879.0
879.8
880.7
881.5
882.3
883.2
884.0
884.9
885.7
886.6
887.4
888.2
889.1
889.9
890.8
891.6
892.5
893.3
894.2
895.0
895.8
896.7
897.5
898.4
899.2
NEXT_SERIES
0.164975066001
0.165270272705
0.165478496896
0.166138994992
0.166637535609
0.170154212237
0.17768837315
0.189576951226
0.202986034725
0.219118954724
0.236311670403
0.254432920782
0.272227348458
0.292964698362
0.312537801054
0.330589880545
0.345958241396
0.360188779884
0.372338820409
0.380175868364
0.385662493311
0.386368202319
0.385149916455
0.379916635014
0.37464780475
0.366890471512
0.360001874728
0.351935109353
0.344371517569
0.336853110003
0.331283832851
0.326943451611
0.324366877065
0.322993578102
0.322554188259
0.322638325796
0.322985334188
0.323819627105
0.325107987124
0.327271411434
0.330143190602
0.333726413181
0.337331975592
0.341604852315
0.346586867959
0.351173052936
0.355800624457
0.359066656885
0.362367059434
0.364793249327
0.367282461287
0.369729805385
0.371274176366
0.372431579143
0.373420456532
0.374927241826
0.376626897103
0.378076767949
0.379348278621
0.379102001922
0.379374836459
0.379632289463
0.378933607594
0.377436152702
0.375677540117
0.374722152927
0.373455648422
0.371193681388
0.369270055603
0.367033083165
0.36489229773
0.361847299093
0.358272225219
0.35424261136
0.350325431116
0.346619082096
0.34343752728
0.340370023343
0.337810547183
0.334409398622
0.33177355369
0.327802295372
0.323929687441
0.321270768242
0.318086493433
0.315175044878
0.310164642037
0.306303142631
0.303066447092
0.300263001891
0.297618104752
0.294695612763
0.292078835881
0.288474026907
0.284704786945
0.280176381483
0.276764755219
0.272406513811
0.269221768597
0.265803544457
0.264475434635
0.261429840246
0.258261211256
0.255221497244
0.252929869585
0.251461201804
0.248914038172
0.246496620106
0.243206849391
0.241542980916
0.241384927609
0.241000550187
0.239237915667
0.237910920108
0.236313821183
0.236507202729
0.234267838936
0.23321394665
0.231128523821
0.230399306912
0.229404032413
0.228112606681
0.227704249265
0.226982183398
0.226588437675
0.225532605971
0.224831073547
0.224483189657
0.224098741915
0.223852933484
0.22386259476
0.222503533855
0.221258041598
0.219048617409
0.21897703828
0.218373396184
0.218299079752
0.218298471848
0.218977337032
0.219486825867
0.219581826753
0.220213533312
0.219906113574
0.218871023337
0.217985407238
0.218249470748
0.218679106037
0.219251259049
0.218940082085
0.21970073968
0.218576451489
0.21751419447
0.215346799204
0.213003863888
0.210900196738
0.208091155348
0.206331845451
0.203985857147
0.202082279529
0.200499222665
0.199257192203
0.197423835494
0.195701456432
0.193495441217
0.191305209784
0.188027025825
0.18549842083
0.183114891597
0.179460885535
0.176653468799
0.173587479476
0.172288919694
0.16951911898
0.167998986004
0.166259976865
0.164861074674
0.162278690071
0.161709925254
0.161153224783
0.161277444913
0.15996332644
0.159055112625
0.157722206048
0.15638392494
0.154584604741
0.153016739152
0.15063886659
0.148981207894
0.146757930127
0.145271268272
0.144049845969
0.142944555083
0.143286253424
0.142059648956
0.141950406529
0.141129553816
0.141420281039
0.141503062063
0.140889927615
0.140789479282
0.140232079018
0.140290365854
0.139255646798
0.138023053178
0.136742764927
0.135027858422
0.134406138944
0.132229018989
0.130771199948
0.128897426636
0.128475440245
0.127841538072
0.127108935789
0.12681069785
0.12711550443
0.127642577696
0.126916397653
0.127405869769
0.127309705669
0.127901073539
0.127035922848
0.12630207779
0.125226555296
0.124570110933
0.123112827455
0.122292714395
0.121070569934
0.121236331385
0.120541309953
0.120403299598
0.119436682054
0.119650139325
0.119981815747
0.12058766364
0.120621727608
0.119998879588
0.119965549152
0.119636915589
0.119618528388
0.119462616514
0.119489413706
0.119416834428
0.119575566197
0.119633170023
0.119515158729
0.117926675809
0.116843170181
0.115662991605
0.115610949013
0.114672254791
0.115518778048
0.115617128188
0.116199986492
0.115582671712
0.116483431637
0.11660410858
0.117145977033
0.116401472177
0.116418074107
0.116029942755
0.115510833461
0.115653697315
0.114471482118
0.114659161713
0.113028936106
0.112590845657
0.11079185962
0.110580749286
0.109909055084
0.109978371885
0.109323021646
0.10866676093
0.108190380622
0.108853684766
0.109732531256
0.111161415464
0.111447224687
0.111860730053
0.112075862032
0.113659956855
0.11503929481
0.115427857915
0.114404601136
0.112889610743
0.112943268891
0.112874265202
0.112648195774
0.111414651144
0.110371303523
0.111222027769
0.111148694864
0.110857534126
0.108963610984
0.108204473072
0.10795437299
0.109124853724
0.10963288414
0.110526777833
0.110602078237
0.111894563004
0.11336004508
0.114671625469
0.115156640518
0.115561326833
0.115754626021
0.117282362103
0.116928027312
0.116499444266
0.114408372816
0.113959814986
0.114024042145
0.113608500062
0.112268842895
0.110722307618
0.109233435716
0.108772083002
0.109085364167
0.109892368035
0.109388086231
0.108607168488
0.108041167369
0.108530322005
0.109425217947
0.109262115774
0.109349358891
0.107900677157
0.108289932445
0.108363592719
0.109546416355
0.108422162713
0.108153638593
0.106498960579
0.107250500947
0.106433679678
0.106998481039
0.10583092771
0.106657668965
0.105307733173
0.10596114318
0.104387742354
0.105975505822
0.105529243851
0.107205267084
0.106455869949
0.107302242551
0.106740807323
0.108054253876
0.108666275881
0.109118916566
0.109150309676
0.108662874336
0.109797357536
0.111289102784
0.113568259707
0.114456856503
0.114723580789
0.114363534188
0.115633184318
0.116133645074
0.118504638637
0.119169647763
0.120604941558
0.120554629131
0.122652457785
0.12516026374
0.129224806569
0.131923441096
0.133824863424
0.134745024971
0.135867094772
0.138750189924
0.14232424281
0.145664264853
0.148268180051
0.149617275499
0.150574851591
0.151327520643
0.15264794434
0.154588790954
0.157263591585
0.158203019823
0.157329707177
0.154550784633
0.153301227833
0.153375164176
0.154143874631
0.154293607099
0.153061523924
0.15105492116
0.148149950714
0.14548435709
0.144901334305
0.143410424377
0.14309955975
0.139405260985
0.136651422402
0.132334663696
0.129727992449
0.129396312506
0.128985966272
0.129197333794
0.126398006689
0.124272545104
0.120196782566
0.118377124378
0.117419147602
0.118160720215
0.118842906608
0.117380473332
0.115446835123
0.111005828274
0.108409503012
0.106119512254
0.107398556257
0.108657694785
0.109105072733
0.10771059595
0.105002834203
0.10398833726
0.102869006916
0.103334327895
0.10453575002
0.105774520564
0.106790625713
0.10547317905
0.10488559382
0.103960044296
0.104145617708
0.105003079106
0.106930812993
0.108489901544
0.108938755676
0.108678047694
0.107642546002
0.106060177717
0.10538044546
0.105613746638
0.107735365402
0.108151856278
0.108826188145
0.108156768779
0.107030641843
0.105608173327
0.10452316776
0.105232393531
0.106440445589
0.107192071274
0.107657654924
0.106668984779
0.105132418873
0.103388648802
0.102827506414
0.103039706723
0.103622936511
0.104567871043
0.105587324359
0.10530406173
0.104431548853
0.103885930645
0.103021594925
0.102381588261
0.101766202985
0.103296942116
0.105139697992
0.106128913263
0.105737979738
0.104871422084
0.103881052775
0.103738581401
0.104042159488
0.105970758961
0.108098687269
0.10966076621
0.109716748014
0.1093693547
0.107556514657
0.106359325662
0.1053536517
0.105799197479
0.106904691399
0.108289176193
0.109936123498
0.110179106903
0.109837360175
0.107722704026
0.105910237878
0.10452377761
0.104706226888
0.105882426064
0.106981858944
0.10823694265
0.109387589547
0.108850218098
0.10816588094
0.106978249143
0.106402955675
0.106515897026
0.106126888695
0.107853484942
0.109043700782
0.110440260927
0.110785137081
0.110702334437
0.111243475507
0.110187559141
0.110182169006
0.109092078673
0.110409277759
0.111366115529
0.113191060315
0.115120079782
0.115369607852
0.115818434377
0.114125441023
0.114116050111
0.113408490209
0.114608794568
0.115469043496
0.116961434354
0.117247557889
0.118595562025
0.119196377262
0.119783775513
0.117664427815
0.116234983371
0.114259574745
0.114365946414
0.113337579553
0.113278374248
0.114032636889
0.11518834526
0.117169921147
0.11600614884
0.116695497909
0.115942671898
0.116252198845
0.115818585311
0.116436500736
0.118416343814
0.120960882971
0.123182083308
0.12574485311
0.127442246361
0.128980928185
0.129076313269
0.12810813579
0.127602626508
0.126752572059
0.127386965727
0.126758633266
0.126776412344
0.126737361873
0.12788011819
0.129013043055
0.129143098045
0.127697141243
0.126687631765
0.124893407488
0.123349765417
0.121791874386
0.12103354341
0.121081953135
0.121137127374
0.123031907254
0.125061881024
0.127443345926
0.128219869815
0.127767883557
0.125954102346
0.124623511392
0.123831625559
0.123971416785
0.123767236541
0.124608509647
0.125792073988
0.126361519337
0.127632010709
0.128966447902
0.130066924586
0.130389901244
0.129354698176
0.128978018999
0.128949887677
0.129954209549
0.131295968448
0.132342531498
0.13411883551
0.13636317576
0.137885172683
0.138437748259
0.138313821869
0.137435307743
0.13696648424
0.134655469251
0.134814908343
0.133966398744
0.134711144963
0.134234357292
0.134313259034
0.13484713924
0.134939041208
0.135343801183
0.134632256413
0.133567194994
0.131435360732
0.130121043039
0.129145139883
0.129011183009
0.1297126812
0.129841990248
0.130313679286
0.130384214858
0.131153661861
0.131545802476
0.131493221552
0.130921514941
0.129840480875
0.129064023227
0.128444280966
0.128053534971
0.126860689089
0.126724847904
0.125736973821
0.12595800146
0.125624965155
0.126042771411
0.125465234866
0.125580012255
0.125091667736
0.124873398143
0.124761537067
0.124895189694
0.124054102873
0.122776227282
0.120244444424
0.118933839587
0.11682465183
0.116597175023
0.114149519759
0.111563913696
0.109213867102
0.108609129656
0.106968528885
0.104065746627
0.101272930635
0.100170908822
0.099211001481
0.0985553895804
0.0964154199406
0.0948296204549
0.0926803169824
0.09160126386
0.0918039847521
0.0903353969725
0.0890111140293
END
