380.3
381.1
381.9
382.7
383.5
384.4
385.2
386.0
386.8
387.6
388.4
389.2
390.1
390.9
391.7
392.5
393.3
394.1
394.9
395.8
396.6
397.4
398.2
399.0
399.8
400.6
401.5
402.3
403.1
403.9
404.7
405.5
406.3
407.2
408.0
408.8
409.6
410.4
411.2
412.0
412.8
413.7
414.5
415.3
416.1
416.9
417.7
418.5
419.4
420.2
421.0
421.8
422.6
423.4
424.2
425.1
425.9
426.7
427.5
428.3
429.1
429.9
430.8
431.6
432.4
433.2
434.0
434.8
435.6
436.4
437.3
438.1
438.9
439.7
440.5
441.3
442.1
443.0
443.8
444.6
445.4
446.2
447.0
447.8
448.7
449.5
450.3
451.1
451.9
452.7
453.5
454.4
455.2
456.0
456.8
457.6
458.4
459.2
460.0
460.9
461.7
462.5
463.3
464.1
464.9
465.7
466.6
467.4
468.2
469.0
469.8
470.6
471.4
472.3
473.1
473.9
474.7
475.5
476.3
477.1
478.0
478.8
479.6
480.4
481.2
482.0
482.8
483.6
484.5
485.3
486.1
486.9
487.7
488.5
489.3
490.2
491.0
491.8
492.6
493.4
494.2
495.0
495.9
496.7
497.5
498.3
499.1
499.9
500.7
501.6
502.4
503.2
504.0
504.8
505.6
506.4
507.2
508.1
508.9
509.7
510.5
511.3
512.1
512.9
513.7
514.5
515.3
516.1
516.8
517.6
518.4
519.2
520.0
520.8
521.5
522.3
523.1
523.9
524.7
525.5
526.2
527.0
527.8
528.6
529.4
530.2
530.9
531.7
532.5
533.3
534.1
534.9
535.6
536.4
537.2
538.0
538.8
539.6
540.3
541.1
541.9
542.7
543.5
544.3
545.0
545.8
546.6
547.4
548.2
549.0
549.7
550.5
551.3
552.1
552.9
553.7
554.4
555.2
556.0
556.8
557.6
558.4
559.1
559.9
560.7
561.5
562.3
563.1
563.8
564.6
565.4
566.2
567.0
567.8
568.5
569.3
570.1
570.9
571.7
572.5
573.2
574.0
574.8
575.6
576.4
577.2
577.9
578.7
579.5
580.3
581.1
581.9
582.6
583.4
584.2
585.0
585.8
586.6
587.3
588.1
588.9
589.6
590.3
591.1
591.8
592.6
593.3
594.0
594.8
595.5
596.3
597.0
597.7
598.5
599.2
600.0
600.7
601.5
602.2
602.9
603.7
604.4
605.2
605.9
606.6
607.4
608.1
608.9
609.6
610.3
611.1
611.8
612.6
613.3
614.0
614.8
615.5
616.3
617.0
617.7
618.5
619.2
620.0
620.7
621.4
622.2
622.9
623.7
624.4
625.2
625.9
626.6
627.4
628.1
628.9
629.6
630.3
631.1
631.8
632.6
633.3
634.0
634.8
635.5
636.3
637.0
637.7
638.5
639.2
640.0
640.7
641.4
642.2
642.9
643.7
644.4
645.1
645.9
646.6
647.4
648.1
648.8
649.6
650.3
651.1
651.8
652.6
653.3
654.0
654.8
655.5
656.3
657.0
657.7
658.5
659.2
660.0
660.7
661.4
662.2
662.9
663.7
664.4
665.1
665.9
666.6
667.4
668.1
668.9
669.6
670.4
671.2
671.9
672.7
673.4
674.2
674.9
675.7
676.5
677.2
678.0
678.7
679.5
680.2
681.0
681.8
682.5
683.3
684.0
684.8
685.5
686.3
687.1
687.8
688.6
689.3
690.1
690.8
691.6
692.4
693.1
693.9
694.6
695.4
696.1
696.9
697.7
698.4
699.2
699.9
700.7
701.4
702.2
703.0
703.7
704.5
705.2
706.0
706.8
707.6
708.4
709.2
710.0
710.8
711.6
712.4
713.2
714.0
714.8
715.6
716.4
717.2
718.0
718.8
719.6
720.4
721.2
722.0
722.8
723.6
724.4
725.2
726.0
726.8
727.6
728.4
729.2
730.0
730.8
731.6
732.4
733.2
734.0
734.8
735.6
736.4
737.2
738.0
738.8
739.6
740.4
741.2
742.0
742.8
743.6
744.4
745.2
746.0
746.8
747.6
748.4
749.2
750.0
750.8
751.6
752.4
753.2
754.0
754.8
755.6
756.4
757.2
758.0
758.8
759.6
760.4
761.2
762.0
762.8
763.6
764.4
765.2
766.0
766.8
767.6
768.4
769.2
770.0
770.8
771.6
772.4
773.2
774.1
774.9
775.7
776.5
777.3
778.1
778.9
779.7
780.5
781.3
782.1
782.9
783.7
784.5
785.3
786.1
786.9
787.7
788.5
789.3
790.1
790.9
791.7
792.5
793.3
794.1
794.9
795.7
796.5
797.3
798.1
798.9
799.7
800.5
801.3
802.1
802.9
803.7
804.5
805.3
806.1
806.9
807.7
808.5
809.3
810.1
810.9
811.7
812.5
813.3
814.1
814.9
815.7
816.5
817.3
818.1
818.9
819.7
820.5
821.3
822.1
822.9
823.7
824.5
825.3
826.1
826.9
827.7
828.5
829.3
830.1
830.9
831.7
832.6
833.4
834.3
835.1
835.9
836.8
837.6
838.5
839.3
840.2
841.0
841.9
842.7
843.5
844.4
845.2
846.1
846.9
847.8
848.6
849.4
850.3
851.1
852.0
852.8
853.7
854.5
855.3
856.2
857.0
857.9
858.7
859.6
860.4
861.3
862.1
862.9
863.8
864.6
865.5
866.3
867.2
868.0
868.8
869.7
870.5
871.4
872.2
873.1
873.9
874.8
875.6
876.4
877.3
878.1
879.0
879.8
880.7
881.5
882.3
883.2
884.0
884.9
885.7
886.6
887.4
888.2
889.1
889.9
890.8
891.6
892.5
893.3
894.2
895.0
895.8
896.7
897.5
898.4
899.2
NEXT_SERIES
0.123928610598
0.121212852573
0.119412800554
0.117553523984
0.117139580056
0.115739243506
0.121699420784
0.127779767047
0.137353219271
0.146956755793
0.157782510354
0.167794834394
0.17643694969
0.187547411338
0.198158021126
0.209098454292
0.217310244889
0.224672875291
0.230631363117
0.235226219564
0.237423284503
0.23540583257
0.231916679922
0.227113924702
0.222657694577
0.216282689695
0.211595223682
0.206137808038
0.202400930831
0.197671189666
0.194806996911
0.191997042184
0.190984290463
0.190085628227
0.190781634238
0.190499293313
0.191481266487
0.192812198049
0.194053522121
0.195501920054
0.196279312788
0.198819657672
0.200604069346
0.203043166169
0.204809203572
0.207134281654
0.209377594734
0.211317493091
0.213430207759
0.214958748518
0.216446730131
0.217721700334
0.21832566354
0.219410522385
0.220115157995
0.22053007586
0.220890416641
0.221827908026
0.22309167495
0.22287444714
0.222036112357
0.221098593396
0.219585522192
0.217852085972
0.215825763499
0.215177038521
0.213923374559
0.212187921629
0.210361525307
0.208378589999
0.206272327587
0.20347690817
0.200082604785
0.197529878354
0.194354962384
0.192629313987
0.189790062323
0.188040718304
0.185853923193
0.184413076656
0.182791923914
0.180608919823
0.179120274786
0.177590380348
0.17533339423
0.173944207205
0.172315833143
0.171554966685
0.170609145337
0.169878625765
0.168787551566
0.166839856149
0.165385076809
0.164338355458
0.163794709821
0.162942676232
0.162092926478
0.160364873721
0.159284270196
0.158517584421
0.15784200851
0.156638338545
0.155669731064
0.155448634568
0.154815348033
0.155102410341
0.154669763662
0.155639048989
0.155586554089
0.15601307543
0.155744265722
0.155949087609
0.156950694829
0.157925752923
0.159467382784
0.159325023507
0.159505095348
0.159766167158
0.162050863539
0.163104783437
0.163817783642
0.163438520329
0.165577142521
0.165925523412
0.167342915353
0.167859969977
0.169730499957
0.171171927529
0.172321767966
0.173247490138
0.174730172727
0.17508078456
0.176250072373
0.176891151298
0.178672085783
0.179573593953
0.180814937684
0.182992460068
0.185042743618
0.187292384974
0.187905965669
0.18971971886
0.190925039688
0.192801812516
0.194220816017
0.19576626901
0.197357315943
0.199095731439
0.200714606424
0.202772770883
0.205131573672
0.206736198505
0.208363437761
0.208395903231
0.209192167156
0.209753514837
0.210699346279
0.211877124063
0.213158394407
0.214160743153
0.215396549741
0.215154171316
0.216948773828
0.217962435531
0.219363264579
0.219736797639
0.220314589624
0.220825564366
0.220746196054
0.221098933485
0.221687825832
0.222109177355
0.222017076928
0.222789836572
0.222701692028
0.223197493808
0.223497769727
0.225111728803
0.225562095308
0.225252517614
0.225676719961
0.226285897237
0.226405336095
0.225602976921
0.225741031393
0.225008172297
0.223892982292
0.222578834246
0.222985047401
0.223165182858
0.222627834758
0.221507481857
0.221462715801
0.220717824171
0.220589710871
0.219755057455
0.219455860622
0.21834889065
0.216474287454
0.215153085661
0.214832023452
0.214000537552
0.212659524841
0.210027938287
0.209063099075
0.207614106405
0.206089127812
0.203733901453
0.201474099078
0.20016560406
0.198098679005
0.195550908831
0.193388140979
0.191963209339
0.191412490336
0.188838487447
0.186066684755
0.183220253552
0.181535826541
0.180178247012
0.177927132255
0.175684616226
0.173313253389
0.171041205003
0.168035165857
0.165315423251
0.162462075603
0.15968921937
0.156528860671
0.153267741095
0.150104114076
0.147924283467
0.146634635679
0.144994067883
0.142046549682
0.138546160962
0.136313267455
0.133590584097
0.131155726723
0.127770166954
0.125439316114
0.123164624697
0.120421385442
0.117572636484
0.114953253665
0.112338013251
0.10965672656
0.106987912517
0.104211487971
0.100738250528
0.097649977876
0.0951912796163
0.0930053072044
0.0902081335098
0.0878850996973
0.0854116479296
0.0832472100395
0.0804514362513
0.0783802488217
0.0759347738814
0.0737896391234
0.0711143515519
0.0685627085428
0.0660026435301
0.0640028248492
0.0618737361324
0.0595924254016
0.0577187501052
0.0549427338369
0.053278408831
0.0507736872441
0.0492936739829
0.0470821355853
0.0457906988088
0.0450687215069
0.0441807831593
0.0422159590659
0.0398306929011
0.0384742059905
0.0385086886356
0.037877246157
0.0364932392797
0.0341836104924
0.0325454129455
0.0317670065651
0.0307803266709
0.0296421660499
0.026992500933
0.0252319298367
0.0241516604912
0.0229677281566
0.0214715803618
0.0191050190768
0.0176790119543
0.0170786395647
0.0169731441864
0.0161859471061
0.014575167006
0.0133287662783
0.0134715523845
0.0130780868153
0.0126857514375
0.0114922377288
0.0107491984089
0.0104027572819
0.010832418865
0.00983912253859
0.00825969709524
0.00592020305455
0.00559097465618
0.00516187236548
0.00503074767963
0.00362763546437
0.00201580898135
5.412052359e-05
-0.000800132241419
-0.00106159483508
-0.000785054293633
-0.00188010740049
-0.00319973315404
-0.00468910766158
-0.00400763890967
-0.00350531412683
-0.00362607671057
-0.00472869657017
-0.00630127030254
-0.00677274487588
-0.00667266635002
-0.00585379394788
-0.00664751599125
-0.00777492734055
-0.00901176602902
-0.00876092687576
-0.00865711893432
-0.00843758513956
-0.00933601380716
-0.00986911689622
-0.0111797336159
-0.0110550012859
-0.0114022582017
-0.0110747254952
-0.0114710737867
-0.0115911250065
-0.0123086919807
-0.0124025929965
-0.0127087253951
-0.0124052229695
-0.0121552691587
-0.0128520182109
-0.0132980824525
-0.0145386984406
-0.014109502948
-0.0136128013989
-0.012995158312
-0.0138234136104
-0.0147645124255
-0.0154133782817
-0.015239935279
-0.0148674218161
-0.0142602073261
-0.0144926294935
-0.0155465276659
-0.0168427954395
-0.016963347491
-0.016333934382
-0.0155311026307
-0.0150204332619
-0.0154607645928
-0.0159776044523
-0.016238810335
-0.0155992873306
-0.0144153451338
-0.0137658528421
-0.0138926994878
-0.014965328891
-0.0158442161122
-0.0155593215138
-0.0146184393184
-0.0137726296489
-0.0138060776881
-0.0148191782643
-0.0160791804286
-0.017007894228
-0.0166379055164
-0.0151083670807
-0.0141901654176
-0.0147173887744
-0.0163411196432
-0.0175129262472
-0.0174831322842
-0.0169813656422
-0.0151958285752
-0.0151904872575
-0.0150504911026
-0.0159433656515
-0.0159460610488
-0.0160277604018
-0.0164072337941
-0.0155184535849
-0.0153099629595
-0.0143823876802
-0.01431939357
-0.0142695323324
-0.0146728219922
-0.014686134252
-0.0140608277377
-0.0133762689868
-0.0128591308755
-0.0130267499072
-0.0131468736139
-0.0144364594701
-0.0145823405649
-0.0147858035613
-0.0136787733434
-0.0130275793129
-0.012906038036
-0.0133027326249
-0.0143426693223
-0.0145643119306
-0.0146858355826
-0.0145402389884
-0.0130116013137
-0.0121967024761
-0.0112325321678
-0.0123015775443
-0.0119315414431
-0.0118178693238
-0.0112442512816
-0.0109751685084
-0.0100136755273
-0.00914057787012
-0.0090956264055
-0.00878402936643
-0.00892061298202
-0.00922562688275
-0.00947684851107
-0.0094104784323
-0.00841698371613
-0.00837840354883
-0.00787835818779
-0.00818392608441
-0.00845046721922
-0.00914636626872
-0.00897061760344
-0.0091146228124
-0.00899131776114
-0.00913387786684
-0.0083691409654
-0.00774917325581
-0.00789067296577
-0.00837850959309
-0.00901082747786
-0.00901818465781
-0.00888810227582
-0.00866894471623
-0.00768545986431
-0.00727018617404
-0.00683164602169
-0.00728012448201
-0.00746524871123
-0.0081336188436
-0.0082349264227
-0.00773981362312
-0.00650106273258
-0.00571069905153
-0.00569670301687
-0.0060095537142
-0.00648177760419
-0.00696964268899
-0.00710309515519
-0.00608179430459
-0.0047213914973
-0.00340885411608
-0.00303400370947
-0.00273393041079
-0.00344555775004
-0.00428695225222
-0.00489029682305
-0.00438407863438
-0.00359390209256
-0.002614517995
-0.00210470769066
-0.00155487970953
-0.001553016684
-0.00212606547792
-0.00281806356264
-0.00344099443369
-0.0031383501447
-0.00276772006614
-0.00168567148919
-0.000683292251381
0.000255583489976
-0.000213766026376
-0.000792467760139
-0.0016410684022
-0.00167460516806
-0.00134917126385
-0.000645314311663
0.000184191504047
0.00103137405101
0.00195180430264
0.00228909187606
0.00194403752077
0.00166843895391
0.00109295207188
0.00133072302322
0.000985211143241
0.00248895813245
0.00307644855995
0.00407667119871
0.00436382668919
0.00453295018756
0.00480251764281
0.00382993959601
0.00408790356316
0.00429414675155
0.00532699720261
0.00569918006896
0.00555324179505
0.00590649373576
0.00596219265258
0.00639679668067
0.00657532321338
0.00628310428553
0.00599364774939
0.00529962746163
0.00528780873302
0.0046780785882
0.00481313019356
0.00482318336597
0.00580845457647
0.00645411642239
0.00593443733611
0.00628390198803
0.00629147849252
0.00736362472942
0.00789905429211
0.0084952366253
0.00967837324968
0.0102022360836
0.0107695184594
0.0119718541159
0.0128659846516
0.0142632719757
0.0143861261433
0.0146486542879
0.0144505841931
0.0142611438213
0.0140393917496
0.0133495034569
0.0129369995151
0.0133313251586
0.01387547694
0.0144441733341
0.0144637237099
0.0146268644537
0.0144403979413
0.0131322192676
0.0117163011149
0.0110968109411
0.0111778701781
0.0116053003564
0.0117266657413
0.0128482977104
0.0148624333703
0.0160804267901
0.0170088193055
0.0163561631599
0.0162946556347
0.0158431230496
0.0156000210194
0.0156057692119
0.0157889882761
0.01690155131
0.0173510212161
0.0173761974383
0.0177720414833
0.0187458500091
0.0196022601378
0.0199886450401
0.0190531518205
0.0188726871651
0.0177419307363
0.0187100365609
0.0189317271146
0.0202881036059
0.021004625137
0.0221338343901
0.0234348204946
0.0232226072266
0.0228613051901
0.0216426839669
0.0221921989776
0.0211490096763
0.0210516659045
0.019776251371
0.0198903924302
0.0186210319076
0.0181824351371
0.0186533520586
0.0187320000497
0.0192803744593
0.0182704125001
0.0178444622704
0.0157680038909
0.0153269386018
0.014514310339
0.0151187403769
0.0145181133569
0.0146158987897
0.0144350444835
0.0144161564049
0.015525248728
0.0156995766248
0.0162678358547
0.014669841351
0.0136135555541
0.0125619823991
0.0126755226839
0.0129811895776
0.012638942727
0.0125515814617
0.0110576938226
0.011056401268
0.0101094876967
0.0103075769797
0.00953689559962
0.00926138204802
0.00857461632754
0.00860877666498
0.00778418544179
0.00783727858122
0.00620659722755
0.00606250896801
0.0043705862486
0.00363914919336
0.00199214727339
0.00199264854508
0.000499745647408
-0.000462116670374
-0.00163107885386
-0.00196902656522
-0.00283839697404
-0.00352273307447
-0.00450312076458
-0.00493600820749
-0.0052705143751
-0.00587363207456
-0.00541256398674
-0.00704386852194
-0.00702986962137
-0.00900736566985
-0.00818772686817
-0.00826281270478
-0.00767077488797
END
