380.3
381.1
381.9
382.7
383.5
384.4
385.2
386.0
386.8
387.6
388.4
389.2
390.1
390.9
391.7
392.5
393.3
394.1
394.9
395.8
396.6
397.4
398.2
399.0
399.8
400.6
401.5
402.3
403.1
403.9
404.7
405.5
406.3
407.2
408.0
408.8
409.6
410.4
411.2
412.0
412.8
413.7
414.5
415.3
416.1
416.9
417.7
418.5
419.4
420.2
421.0
421.8
422.6
423.4
424.2
425.1
425.9
426.7
427.5
428.3
429.1
429.9
430.8
431.6
432.4
433.2
434.0
434.8
435.6
436.4
437.3
438.1
438.9
439.7
440.5
441.3
442.1
443.0
443.8
444.6
445.4
446.2
447.0
447.8
448.7
449.5
450.3
451.1
451.9
452.7
453.5
454.4
455.2
456.0
456.8
457.6
458.4
459.2
460.0
460.9
461.7
462.5
463.3
464.1
464.9
465.7
466.6
467.4
468.2
469.0
469.8
470.6
471.4
472.3
473.1
473.9
474.7
475.5
476.3
477.1
478.0
478.8
479.6
480.4
481.2
482.0
482.8
483.6
484.5
485.3
486.1
486.9
487.7
488.5
489.3
490.2
491.0
491.8
492.6
493.4
494.2
495.0
495.9
496.7
497.5
498.3
499.1
499.9
500.7
501.6
502.4
503.2
504.0
504.8
505.6
506.4
507.2
508.1
508.9
509.7
510.5
511.3
512.1
512.9
513.7
514.5
515.3
516.1
516.8
517.6
518.4
519.2
520.0
520.8
521.5
522.3
523.1
523.9
524.7
525.5
526.2
527.0
527.8
528.6
529.4
530.2
530.9
531.7
532.5
533.3
534.1
534.9
535.6
536.4
537.2
538.0
538.8
539.6
540.3
541.1
541.9
542.7
543.5
544.3
545.0
545.8
546.6
547.4
548.2
549.0
549.7
550.5
551.3
552.1
552.9
553.7
554.4
555.2
556.0
556.8
557.6
558.4
559.1
559.9
560.7
561.5
562.3
563.1
563.8
564.6
565.4
566.2
567.0
567.8
568.5
569.3
570.1
570.9
571.7
572.5
573.2
574.0
574.8
575.6
576.4
577.2
577.9
578.7
579.5
580.3
581.1
581.9
582.6
583.4
584.2
585.0
585.8
586.6
587.3
588.1
588.9
589.6
590.3
591.1
591.8
592.6
593.3
594.0
594.8
595.5
596.3
597.0
597.7
598.5
599.2
600.0
600.7
601.5
602.2
602.9
603.7
604.4
605.2
605.9
606.6
607.4
608.1
608.9
609.6
610.3
611.1
611.8
612.6
613.3
614.0
614.8
615.5
616.3
617.0
617.7
618.5
619.2
620.0
620.7
621.4
622.2
622.9
623.7
624.4
625.2
625.9
626.6
627.4
628.1
628.9
629.6
630.3
631.1
631.8
632.6
633.3
634.0
634.8
635.5
636.3
637.0
637.7
638.5
639.2
640.0
640.7
641.4
642.2
642.9
643.7
644.4
645.1
645.9
646.6
647.4
648.1
648.8
649.6
650.3
651.1
651.8
652.6
653.3
654.0
654.8
655.5
656.3
657.0
657.7
658.5
659.2
660.0
660.7
661.4
662.2
662.9
663.7
664.4
665.1
665.9
666.6
667.4
668.1
668.9
669.6
670.4
671.2
671.9
672.7
673.4
674.2
674.9
675.7
676.5
677.2
678.0
678.7
679.5
680.2
681.0
681.8
682.5
683.3
684.0
684.8
685.5
686.3
687.1
687.8
688.6
689.3
690.1
690.8
691.6
692.4
693.1
693.9
694.6
695.4
696.1
696.9
697.7
698.4
699.2
699.9
700.7
701.4
702.2
703.0
703.7
704.5
705.2
706.0
706.8
707.6
708.4
709.2
710.0
710.8
711.6
712.4
713.2
714.0
714.8
715.6
716.4
717.2
718.0
718.8
719.6
720.4
721.2
722.0
722.8
723.6
724.4
725.2
726.0
726.8
727.6
728.4
729.2
730.0
730.8
731.6
732.4
733.2
734.0
734.8
735.6
736.4
737.2
738.0
738.8
739.6
740.4
741.2
742.0
742.8
743.6
744.4
745.2
746.0
746.8
747.6
748.4
749.2
750.0
750.8
751.6
752.4
753.2
754.0
754.8
755.6
756.4
757.2
758.0
758.8
759.6
760.4
761.2
762.0
762.8
763.6
764.4
765.2
766.0
766.8
767.6
768.4
769.2
770.0
770.8
771.6
772.4
773.2
774.1
774.9
775.7
776.5
777.3
778.1
778.9
779.7
780.5
781.3
782.1
782.9
783.7
784.5
785.3
786.1
786.9
787.7
788.5
789.3
790.1
790.9
791.7
792.5
793.3
794.1
794.9
795.7
796.5
797.3
798.1
798.9
799.7
800.5
801.3
802.1
802.9
803.7
804.5
805.3
806.1
806.9
807.7
808.5
809.3
810.1
810.9
811.7
812.5
813.3
814.1
814.9
815.7
816.5
817.3
818.1
818.9
819.7
820.5
821.3
822.1
822.9
823.7
824.5
825.3
826.1
826.9
827.7
828.5
829.3
830.1
830.9
831.7
832.6
833.4
834.3
835.1
835.9
836.8
837.6
838.5
839.3
840.2
841.0
841.9
842.7
843.5
844.4
845.2
846.1
846.9
847.8
848.6
849.4
850.3
851.1
852.0
852.8
853.7
854.5
855.3
856.2
857.0
857.9
858.7
859.6
860.4
861.3
862.1
862.9
863.8
864.6
865.5
866.3
867.2
868.0
868.8
869.7
870.5
871.4
872.2
873.1
873.9
874.8
875.6
876.4
877.3
878.1
879.0
879.8
880.7
881.5
882.3
883.2
884.0
884.9
885.7
886.6
887.4
888.2
889.1
889.9
890.8
891.6
892.5
893.3
894.2
895.0
895.8
896.7
897.5
898.4
899.2
NEXT_SERIES
0.112655378122
0.112421543233
0.110436039685
0.1070481386
0.107413179432
0.110343144512
0.119331763572
0.129047419479
0.140488147709
0.154217880719
0.168639567863
0.18429707787
0.199097814684
0.216415179427
0.232245928349
0.248693164357
0.262066422471
0.274763720578
0.284285622983
0.289703211832
0.293870758867
0.293992481963
0.293548777631
0.288699904308
0.283302103257
0.275904089037
0.269194793191
0.261474878276
0.255306326501
0.249392434933
0.244604447471
0.240417701477
0.237483574249
0.236854218106
0.236705609627
0.237225406976
0.238063333385
0.239452007511
0.241544314895
0.243937593856
0.247071378964
0.250846675374
0.25433193644
0.258763207911
0.262913306183
0.267645038623
0.271096277261
0.274889373392
0.279036191583
0.282191406069
0.285356170712
0.287845192381
0.289896850558
0.291422104086
0.29294346134
0.295750854236
0.297675638606
0.299018808722
0.300053007844
0.300802139763
0.301600343592
0.301502161726
0.301365347942
0.300660584362
0.299591363483
0.298476695483
0.297476168743
0.296204415698
0.294334614701
0.293248603351
0.291720935212
0.289368754189
0.285914479662
0.282786953279
0.279875129392
0.276652209914
0.273996174283
0.271925983774
0.269819057536
0.26755587396
0.264259278784
0.261023519728
0.257381767767
0.255814960716
0.254118388436
0.251804156965
0.248040951044
0.244840809634
0.24218750226
0.240734766628
0.238530447253
0.235827545281
0.232802508411
0.229501063251
0.227555028207
0.223808309301
0.21988384912
0.215810882432
0.213358375325
0.211049236995
0.208593880538
0.205353914712
0.202608542147
0.200708230072
0.198442677178
0.196311190501
0.193373362662
0.192158141147
0.18982166299
0.18837024848
0.186939654194
0.186054894676
0.183372401031
0.181957319291
0.180706705526
0.181069971834
0.179854029699
0.17858486246
0.1772990971
0.174972961603
0.172495849767
0.170625758912
0.169824284343
0.169625235405
0.168267077199
0.167229721774
0.166568291209
0.165867366351
0.165606163191
0.164540986078
0.164046639708
0.162901969639
0.16156887016
0.159977371566
0.158805677078
0.158394262838
0.157929439095
0.1578260718
0.158162406564
0.158632880752
0.158367555802
0.158111980862
0.158133312798
0.157916820563
0.157271986365
0.15609071755
0.1555061357
0.15616355728
0.155854761691
0.156894090786
0.156434039286
0.156406830542
0.154827371702
0.152297717954
0.150847635114
0.14970955329
0.149212230852
0.146929140778
0.144725690451
0.143646522427
0.143708790193
0.142562049077
0.141127511085
0.140396501844
0.139611896179
0.138275693876
0.136065749971
0.134307368144
0.131896403508
0.130284359643
0.128365753078
0.126902357866
0.124611729016
0.123926952984
0.122652948332
0.12198426742
0.119832330349
0.120169469955
0.120419763472
0.120732842612
0.119842504165
0.118735723481
0.118491633896
0.117479924767
0.11614934047
0.114827735579
0.113710157241
0.113110827925
0.111179172028
0.1101596919
0.109156686651
0.108634355811
0.108720832049
0.107820327568
0.107954242251
0.107104855717
0.107965768181
0.108210256643
0.108144819519
0.1077176907
0.107472347425
0.10693932568
0.106383398379
0.105042831937
0.104469500311
0.103428154874
0.102983528743
0.101880078206
0.100382095276
0.0996944601912
0.0984858418032
0.09772538359
0.0966257947556
0.096759079933
0.0969370442157
0.0964558486784
0.0962509580266
0.0965383283118
0.0967832778949
0.0971273018545
0.0957891552191
0.0954437284629
0.0940733348034
0.0937211988913
0.0920844648389
0.0914658108272
0.0907976394445
0.090533035293
0.0898278222475
0.0889870986617
0.0883857154996
0.0889065150846
0.0895803228664
0.0901275446422
0.0894630657926
0.0892208190045
0.0893777671364
0.0891486490686
0.0892906432207
0.0887843367694
0.0887717842133
0.0881188264472
0.0884780506287
0.0876647458221
0.0873840221933
0.085597381301
0.085571141178
0.0847165992527
0.0849233007278
0.0836542585949
0.0836066822001
0.0831517239523
0.0837068915568
0.0837091349935
0.0837977315013
0.083833944542
0.0841573648295
0.0840859913709
0.0840241402136
0.083130268384
0.08226433187
0.0812806150114
0.0801234119241
0.0802931450956
0.0793390177881
0.0793181603794
0.0778942206608
0.0772553218494
0.0764643020986
0.076092110888
0.0762546939717
0.0760068603952
0.0758284727157
0.0766541252704
0.0775296826175
0.0784608913844
0.0780005702813
0.0777426698856
0.0778630839384
0.0792387597754
0.0801722636906
0.0804350500202
0.0790855383251
0.0786087006847
0.0788403352624
0.0791585956676
0.0780879120871
0.0764620738041
0.0754185294231
0.0760054393013
0.0758603266371
0.0754522608551
0.0734939240844
0.0732125911387
0.072882672056
0.0745224664969
0.0745593616912
0.0751127407785
0.0744386910461
0.0757884261176
0.0768304141117
0.0781179188204
0.0781419088493
0.0780883038788
0.0779103184928
0.07910466812
0.0792559677885
0.0789014889661
0.0772189679978
0.0763399882188
0.0762934286762
0.0763341870706
0.0756813614744
0.0745708746286
0.0732944878299
0.0729288410461
0.0728647262945
0.072869872158
0.0721388525302
0.0713742079115
0.0711251085907
0.0716806811363
0.0728512348554
0.0723561790187
0.0721642803002
0.0707636494777
0.0711451301088
0.0712443254096
0.072064592239
0.0712422083834
0.0712696897181
0.0701189105584
0.07062828185
0.0702527593381
0.0709150836223
0.0702492340975
0.0704381820232
0.0693271126784
0.0694814192769
0.0685330576888
0.069156880332
0.0692911843776
0.0703685126928
0.0701800004596
0.0704374591107
0.069928953801
0.0707680936209
0.0710007887633
0.0712346577142
0.0711975949823
0.0707879520926
0.0716776288842
0.0725635912941
0.0740941442362
0.0740848728336
0.0737475323314
0.0730942892641
0.0738648444881
0.0741008487162
0.0761373444184
0.0761916062038
0.0769995761335
0.0765872192333
0.0774781800691
0.0792762232663
0.0812590935108
0.0834677385504
0.0841137184205
0.0848942984703
0.0855248888032
0.087655708403
0.0899420222679
0.0921759700501
0.0935445437555
0.0940321713811
0.0940203345722
0.0940940337536
0.0947740584615
0.0962908039888
0.0980428946695
0.098816746535
0.0981418563164
0.0961956675447
0.0948423863069
0.0949931597172
0.0959017310231
0.0964371253018
0.0949366842742
0.0930489740139
0.0914217188293
0.0902958679155
0.0911105244887
0.0905459792855
0.0906702236162
0.0880308008154
0.0861228933751
0.0836390311018
0.0822308191481
0.0824064886579
0.0824437996945
0.0829539186773
0.081841680016
0.08065893319
0.0779201833094
0.0762429849834
0.0757850993523
0.0768133776089
0.0778073879338
0.0770583196995
0.0757012558154
0.0728162633031
0.0712210976161
0.069990434598
0.0707386238387
0.0719173835527
0.0723650265455
0.0715139548806
0.0691243168692
0.0682081951793
0.0678714031967
0.0683816308863
0.0694609169191
0.0700897033193
0.0709729951819
0.0701673564126
0.0698317656358
0.0691291147085
0.0691341865196
0.0699494837379
0.0716571528327
0.073002607144
0.0734246531019
0.0729629113749
0.0723712324118
0.0712873868637
0.0708366109794
0.0711080040676
0.0725113109959
0.0730709951947
0.0735652744123
0.0732866372713
0.0726410705012
0.0714518056022
0.0702612545354
0.0705441252422
0.0711665193033
0.0717235867802
0.0724539635359
0.0716332713883
0.0709754293224
0.0695970452955
0.0692566150366
0.069060329589
0.0689741151084
0.0695696455582
0.0704639270762
0.0706777277041
0.0708254503288
0.0696537261036
0.0690452496156
0.0677495231801
0.0683022008784
0.0694198583401
0.0712203216177
0.071757164129
0.0712277761816
0.0705228794399
0.0695741180362
0.0694580397625
0.0695261310648
0.0710725990577
0.0724494587167
0.0735661642131
0.0737180637372
0.0735434791055
0.0719582386462
0.0707554482519
0.070010241178
0.0707662506704
0.0718393974561
0.0729545685959
0.0738372468057
0.0739757133215
0.0737859613768
0.072844625254
0.0714763100573
0.0706978599749
0.0705922878929
0.0716387775903
0.072169800459
0.0735926824822
0.0744019652578
0.0739870202123
0.0731297216383
0.0718565849779
0.0719026184635
0.0716009631521
0.0719016702478
0.0729325150008
0.0741748318712
0.0756371894033
0.0760369795058
0.0758794901946
0.0756600056505
0.0746677577256
0.0747805377967
0.0738760939059
0.0753408792366
0.0761074989611
0.0778033170046
0.0788845925262
0.0790037986836
0.0790858744635
0.0776221474183
0.0771606572817
0.0771561767649
0.0775837392979
0.0783732171692
0.0790863542531
0.0796206311863
0.0805930052952
0.0804638059293
0.080547982395
0.0793631056117
0.0784184014735
0.0772158244885
0.0771907490104
0.0767294415529
0.0770118115889
0.0771270774692
0.0780707717445
0.0789848469651
0.0783288458432
0.0791657464802
0.0788097994721
0.0793167440319
0.0787661844823
0.0794008408642
0.0807544136506
0.0826740073957
0.0844023066246
0.0860227244011
0.0870077135904
0.0879434600973
0.0882510649294
0.0875580086729
0.0874200816256
0.0871342389471
0.0874307665008
0.086513124899
0.0864583672346
0.0867738504214
0.0878404129831
0.0880050115811
0.08825349954
0.0877184427533
0.0875950105033
0.0854101757062
0.083986467972
0.0821705950869
0.0820000071894
0.0823590661473
0.0831196536034
0.0848419761913
0.0858585300801
0.0869351902463
0.0874526119239
0.0875394316527
0.0870277751116
0.0861685504281
0.0854740197531
0.0853139711988
0.0849944276149
0.0856821859825
0.0863753833275
0.0874109344768
0.0883151211274
0.0893504599562
0.0894448967355
0.090062880669
0.0894601639953
0.0895662818486
0.088853502628
0.0901284428359
0.0912056127104
0.0924269192672
0.0937955577266
0.0950378470517
0.0965799732687
0.0971595270539
0.0971874141419
0.0959141482362
0.0947006994422
0.093915068659
0.0937901691081
0.0929215556522
0.0926944956706
0.0921143514959
0.0920599836515
0.0921948023722
0.0922128370707
0.0932093014515
0.0931331072795
0.0925141477126
0.0907464729456
0.0895661444557
0.0884541405365
0.088160476798
0.0877048469588
0.0887410020971
0.088678076331
0.08913985868
0.0889553096995
0.0887830270487
0.0888325115174
0.0887733283722
0.0884758869314
0.0881312877092
0.0876693678665
0.0868635269507
0.0860830447887
0.0856485620092
0.0852917098649
0.0846271089435
0.0839686552693
0.0845518250047
0.0843071473736
0.0842966281321
0.0838984533282
0.0833463675138
0.0832020981647
0.0827996975343
0.0819871698508
0.08056845057
0.0784595034466
0.0774899310669
0.0757436569036
0.0747473340616
0.0718593583502
0.0703780202781
0.0685560042489
0.0681078407392
0.0667282121134
0.0657837026103
0.0644294594784
0.0623544430642
0.0610158538992
0.0594398296169
0.0591430026798
0.0571258199977
0.0563853708353
0.0550076012405
0.0554993418159
0.0545311141291
0.0533471879479
END
