380.3
381.1
381.9
382.7
383.5
384.4
385.2
386.0
386.8
387.6
388.4
389.2
390.1
390.9
391.7
392.5
393.3
394.1
394.9
395.8
396.6
397.4
398.2
399.0
399.8
400.6
401.5
402.3
403.1
403.9
404.7
405.5
406.3
407.2
408.0
408.8
409.6
410.4
411.2
412.0
412.8
413.7
414.5
415.3
416.1
416.9
417.7
418.5
419.4
420.2
421.0
421.8
422.6
423.4
424.2
425.1
425.9
426.7
427.5
428.3
429.1
429.9
430.8
431.6
432.4
433.2
434.0
434.8
435.6
436.4
437.3
438.1
438.9
439.7
440.5
441.3
442.1
443.0
443.8
444.6
445.4
446.2
447.0
447.8
448.7
449.5
450.3
451.1
451.9
452.7
453.5
454.4
455.2
456.0
456.8
457.6
458.4
459.2
460.0
460.9
461.7
462.5
463.3
464.1
464.9
465.7
466.6
467.4
468.2
469.0
469.8
470.6
471.4
472.3
473.1
473.9
474.7
475.5
476.3
477.1
478.0
478.8
479.6
480.4
481.2
482.0
482.8
483.6
484.5
485.3
486.1
486.9
487.7
488.5
489.3
490.2
491.0
491.8
492.6
493.4
494.2
495.0
495.9
496.7
497.5
498.3
499.1
499.9
500.7
501.6
502.4
503.2
504.0
504.8
505.6
506.4
507.2
508.1
508.9
509.7
510.5
511.3
512.1
512.9
513.7
514.5
515.3
516.1
516.8
517.6
518.4
519.2
520.0
520.8
521.5
522.3
523.1
523.9
524.7
525.5
526.2
527.0
527.8
528.6
529.4
530.2
530.9
531.7
532.5
533.3
534.1
534.9
535.6
536.4
537.2
538.0
538.8
539.6
540.3
541.1
541.9
542.7
543.5
544.3
545.0
545.8
546.6
547.4
548.2
549.0
549.7
550.5
551.3
552.1
552.9
553.7
554.4
555.2
556.0
556.8
557.6
558.4
559.1
559.9
560.7
561.5
562.3
563.1
563.8
564.6
565.4
566.2
567.0
567.8
568.5
569.3
570.1
570.9
571.7
572.5
573.2
574.0
574.8
575.6
576.4
577.2
577.9
578.7
579.5
580.3
581.1
581.9
582.6
583.4
584.2
585.0
585.8
586.6
587.3
588.1
588.9
589.6
590.3
591.1
591.8
592.6
593.3
594.0
594.8
595.5
596.3
597.0
597.7
598.5
599.2
600.0
600.7
601.5
602.2
602.9
603.7
604.4
605.2
605.9
606.6
607.4
608.1
608.9
609.6
610.3
611.1
611.8
612.6
613.3
614.0
614.8
615.5
616.3
617.0
617.7
618.5
619.2
620.0
620.7
621.4
622.2
622.9
623.7
624.4
625.2
625.9
626.6
627.4
628.1
628.9
629.6
630.3
631.1
631.8
632.6
633.3
634.0
634.8
635.5
636.3
637.0
637.7
638.5
639.2
640.0
640.7
641.4
642.2
642.9
643.7
644.4
645.1
645.9
646.6
647.4
648.1
648.8
649.6
650.3
651.1
651.8
652.6
653.3
654.0
654.8
655.5
656.3
657.0
657.7
658.5
659.2
660.0
660.7
661.4
662.2
662.9
663.7
664.4
665.1
665.9
666.6
667.4
668.1
668.9
669.6
670.4
671.2
671.9
672.7
673.4
674.2
674.9
675.7
676.5
677.2
678.0
678.7
679.5
680.2
681.0
681.8
682.5
683.3
684.0
684.8
685.5
686.3
687.1
687.8
688.6
689.3
690.1
690.8
691.6
692.4
693.1
693.9
694.6
695.4
696.1
696.9
697.7
698.4
699.2
699.9
700.7
701.4
702.2
703.0
703.7
704.5
705.2
706.0
706.8
707.6
708.4
709.2
710.0
710.8
711.6
712.4
713.2
714.0
714.8
715.6
716.4
717.2
718.0
718.8
719.6
720.4
721.2
722.0
722.8
723.6
724.4
725.2
726.0
726.8
727.6
728.4
729.2
730.0
730.8
731.6
732.4
733.2
734.0
734.8
735.6
736.4
737.2
738.0
738.8
739.6
740.4
741.2
742.0
742.8
743.6
744.4
745.2
746.0
746.8
747.6
748.4
749.2
750.0
750.8
751.6
752.4
753.2
754.0
754.8
755.6
756.4
757.2
758.0
758.8
759.6
760.4
761.2
762.0
762.8
763.6
764.4
765.2
766.0
766.8
767.6
768.4
769.2
770.0
770.8
771.6
772.4
773.2
774.1
774.9
775.7
776.5
777.3
778.1
778.9
779.7
780.5
781.3
782.1
782.9
783.7
784.5
785.3
786.1
786.9
787.7
788.5
789.3
790.1
790.9
791.7
792.5
793.3
794.1
794.9
795.7
796.5
797.3
798.1
798.9
799.7
800.5
801.3
802.1
802.9
803.7
804.5
805.3
806.1
806.9
807.7
808.5
809.3
810.1
810.9
811.7
812.5
813.3
814.1
814.9
815.7
816.5
817.3
818.1
818.9
819.7
820.5
821.3
822.1
822.9
823.7
824.5
825.3
826.1
826.9
827.7
828.5
829.3
830.1
830.9
831.7
832.6
833.4
834.3
835.1
835.9
836.8
837.6
838.5
839.3
840.2
841.0
841.9
842.7
843.5
844.4
845.2
846.1
846.9
847.8
848.6
849.4
850.3
851.1
852.0
852.8
853.7
854.5
855.3
856.2
857.0
857.9
858.7
859.6
860.4
861.3
862.1
862.9
863.8
864.6
865.5
866.3
867.2
868.0
868.8
869.7
870.5
871.4
872.2
873.1
873.9
874.8
875.6
876.4
877.3
878.1
879.0
879.8
880.7
881.5
882.3
883.2
884.0
884.9
885.7
886.6
887.4
888.2
889.1
889.9
890.8
891.6
892.5
893.3
894.2
895.0
895.8
896.7
897.5
898.4
899.2
NEXT_SERIES
0.297361160339
0.301465426477
0.304479743014
0.30837005261
0.309326385961
0.314143823018
0.324649274944
0.339454771385
0.355526897142
0.369940830998
0.38724988116
0.405733459635
0.426531788606
0.446745843607
0.467450932823
0.487937253716
0.507193033324
0.524466988048
0.537359599459
0.54703974216
0.554286120449
0.557223026108
0.555935290334
0.550058596645
0.542499148738
0.533874310675
0.525716273228
0.517182304585
0.508487572114
0.499741941253
0.492265548748
0.486949769589
0.482240574892
0.480046271429
0.478470242901
0.478950882282
0.4789131169
0.478934934563
0.478822894452
0.480540390637
0.483034639639
0.487235689682
0.490950187369
0.495390678214
0.499816654102
0.50429867739
0.508661000807
0.51195872068
0.515995350453
0.519109159267
0.52260321077
0.525885419161
0.526836817211
0.528805451899
0.529306572459
0.532307219222
0.533169185808
0.534488911489
0.535412182131
0.535327198985
0.536209555636
0.536779082305
0.537117115163
0.535164250323
0.53304552131
0.532067503146
0.530843068231
0.529127360483
0.526167318826
0.523345800161
0.520421242392
0.5168103399
0.513758454886
0.510140875935
0.506739564972
0.502104757576
0.498108112756
0.494735541121
0.492112489945
0.488407875032
0.484232460683
0.479770139907
0.476147852977
0.472106520729
0.467374033935
0.462436955526
0.458021054488
0.453585362576
0.449879547439
0.446730388795
0.442153340805
0.438224073465
0.433453279571
0.430434217195
0.425527839202
0.421348782672
0.416544979505
0.412232195084
0.407439322011
0.404320409479
0.400975992394
0.397219475849
0.393883542581
0.392377242652
0.389829812668
0.387818215698
0.384491561624
0.382223636955
0.379081968059
0.376419529303
0.375375926392
0.374313626134
0.373675776451
0.372117827178
0.370558299599
0.369371518766
0.367775288542
0.366362390809
0.364733032259
0.363353432658
0.361409782363
0.359101581017
0.359448164314
0.358568735026
0.358182710426
0.356617564746
0.356651213258
0.357251260178
0.356525787663
0.356460154409
0.355616843061
0.35401792168
0.352466103483
0.351087418949
0.351244028448
0.350923055694
0.349656847333
0.349206714232
0.348679325233
0.349848535037
0.349215093487
0.349565459916
0.347557353597
0.347348912406
0.346009034347
0.345678228492
0.344931499336
0.344748868384
0.344705075774
0.343931236486
0.342304235998
0.340144013309
0.337099409432
0.332818335308
0.329079414295
0.325809354637
0.323276587087
0.319568079693
0.316501830003
0.313823068261
0.311158112692
0.307534582318
0.304178497278
0.301100279071
0.297807499204
0.29337288226
0.288868697455
0.285130068058
0.280507806004
0.277156069245
0.273346430156
0.27018268451
0.265674466921
0.262394114839
0.260285562637
0.258815580472
0.255411431512
0.253498705137
0.251993396992
0.251679463049
0.250180715077
0.248088506537
0.246479949471
0.243341079458
0.240745304502
0.237634010448
0.235617802836
0.232882479141
0.23038470161
0.228346004965
0.226812729766
0.224913998953
0.224055628194
0.222346572886
0.22162051836
0.219876504379
0.219787104914
0.220055106214
0.219685893306
0.218553571983
0.216952305838
0.215812545852
0.214587272322
0.212808992274
0.211443138245
0.209959945684
0.208394888528
0.206017773586
0.203989403188
0.203030773455
0.202256262401
0.20115845773
0.198689011984
0.197646450609
0.197202857286
0.19769695667
0.197408012601
0.197224808263
0.197289525738
0.197397785779
0.19695232079
0.195995608859
0.194980786059
0.193586840957
0.191994341218
0.189903244283
0.18877877195
0.188046626115
0.187836853922
0.187486529341
0.186329750128
0.186150492151
0.186072493376
0.186982749887
0.187122930229
0.187065090445
0.18713809861
0.187171308543
0.187362017015
0.187658489728
0.186972733352
0.185924775628
0.185488242705
0.185297847125
0.185188387315
0.183685785676
0.182180716992
0.180804306572
0.180353817735
0.18014614849
0.180173439512
0.179827264455
0.180178192769
0.180162370589
0.180931818995
0.181431224217
0.182183171514
0.18128462242
0.18071280783
0.180511055998
0.180019625673
0.180017937455
0.177960505157
0.177727310493
0.17565061725
0.175160557715
0.173925711315
0.172994624014
0.172398407922
0.171939519126
0.172414558163
0.172183294858
0.171637932051
0.171363484455
0.171944989921
0.173483239396
0.173649465667
0.174344817319
0.174312588192
0.176223699405
0.177499698948
0.17805930543
0.177083749347
0.175758657472
0.175178136465
0.175154120464
0.17417648483
0.173310944365
0.171792571311
0.172400980157
0.17180672594
0.172285444983
0.17082266171
0.171326403402
0.170834033172
0.172367001589
0.172771169522
0.173673445177
0.173736594197
0.175144234112
0.176981981357
0.178628302246
0.179083964063
0.179368058435
0.179941497803
0.181444595851
0.181285075788
0.17986291948
0.178088889548
0.177470383981
0.178109607677
0.177828822572
0.17683444522
0.174960445402
0.173185021649
0.172095919844
0.172092302985
0.171932719895
0.171470888209
0.170475636373
0.170229667641
0.170401461305
0.171112689249
0.17111753949
0.171489138291
0.170711490285
0.170708025483
0.169806591383
0.170465653153
0.168883045871
0.16920100966
0.167413424161
0.167896531609
0.166705704565
0.166848517064
0.165988488962
0.166315867027
0.164685262572
0.164922281941
0.163185440606
0.164710640528
0.164501842101
0.1664375382
0.165764537339
0.167101477933
0.167201981241
0.169122597297
0.169891535022
0.1702527105
0.170470876983
0.170791619792
0.172832863404
0.175435599403
0.17882104432
0.181044630971
0.182268704899
0.182246619135
0.183772786212
0.18507699838
0.188912285788
0.191170659437
0.194687767222
0.196042147661
0.199337466007
0.202946439371
0.207657447196
0.212150315381
0.215778030594
0.218463204405
0.222015466002
0.22627061088
0.231752174275
0.236310565862
0.24051041048
0.243158151517
0.24489449792
0.246436847042
0.248662258555
0.251744987002
0.254755105771
0.256903855933
0.256078458689
0.254240513325
0.252125377889
0.252588173819
0.252808427504
0.25281122762
0.249928692769
0.245624129286
0.240719480007
0.236556076223
0.23492958154
0.232348168324
0.230255349326
0.224514819635
0.219162451749
0.212356219883
0.207567305806
0.204985688829
0.202407550947
0.200873408866
0.196926809851
0.193224210981
0.187378287753
0.183745288389
0.1813013502
0.180834213212
0.180268865917
0.178873974208
0.176309867052
0.171261248049
0.167372634274
0.164324301445
0.164538824701
0.165217220463
0.165224840622
0.163259125597
0.159615571376
0.157469109537
0.156406118232
0.156815959198
0.158410251577
0.159621531623
0.160986269349
0.159865044517
0.15891424315
0.15729767842
0.156695078883
0.157577247924
0.159736060228
0.162064820624
0.162666195651
0.161678506096
0.160311400657
0.158473938645
0.158190559072
0.158099958415
0.160193473754
0.160967234298
0.161755522967
0.160337299791
0.159067470401
0.157331089557
0.156388982911
0.157073667443
0.158099237412
0.159274165197
0.159064221133
0.15774180588
0.155611676792
0.153998908205
0.153460498726
0.153826496109
0.1540765522
0.155370855756
0.156527417811
0.156199806623
0.154633931048
0.153335328339
0.153056824457
0.153138631871
0.153369611298
0.154848781184
0.156321594308
0.156804361639
0.15574734523
0.154734779335
0.154125699633
0.154727667227
0.155550849176
0.15719083562
0.159123206319
0.160890124327
0.16090767424
0.160379850386
0.158487696325
0.157430887705
0.156350361625
0.156754704979
0.158093559544
0.159498584303
0.160702244631
0.161257035897
0.160510913172
0.158797451434
0.156740447267
0.155755605607
0.155316329304
0.155980268178
0.156761801206
0.158695606036
0.160413725511
0.160449047367
0.159895182818
0.158419038239
0.157970940704
0.158480053132
0.159178704604
0.161251609072
0.162348388046
0.163507923646
0.164157017546
0.164306890953
0.164589857566
0.163262265857
0.16337343652
0.162575136405
0.164415759479
0.165236159025
0.168111480023
0.169917523937
0.170995267785
0.171451499514
0.170660899808
0.17048615852
0.170247992641
0.170583675881
0.171627034212
0.172155887711
0.173085166359
0.174993782439
0.175852373578
0.176939658418
0.174514045598
0.172958148364
0.170543413536
0.17026832637
0.169629105418
0.169699076595
0.170384756777
0.171908975694
0.173977603769
0.173716157165
0.174422761788
0.174325862321
0.174504145287
0.174245965429
0.174488349337
0.177000181918
0.179805095466
0.182512190448
0.186008623735
0.188185229109
0.190455641732
0.189892571646
0.189135046962
0.188183067194
0.188085894652
0.18869889232
0.18808147749
0.188467115818
0.189741745447
0.191828943746
0.192791107442
0.19266737026
0.191406800037
0.19063707726
0.188036134034
0.18574330436
0.183324198564
0.182603761657
0.183153138446
0.183722719052
0.185535100692
0.187682763024
0.190001987627
0.190415419753
0.189624600643
0.18788272712
0.186894212777
0.186046912506
0.186131356993
0.186142779295
0.18698525281
0.187923452365
0.188923567966
0.190849024038
0.192939034859
0.19469466307
0.194391565269
0.193302094578
0.191998201621
0.192390465326
0.19406052914
0.196314127514
0.198377592759
0.20032923078
0.202837883949
0.204633030419
0.205365911521
0.204894787575
0.204096569792
0.203400618511
0.20218048778
0.202062094157
0.20215054395
0.202895897042
0.202534610482
0.201866078479
0.202703281481
0.203324526836
0.203967387144
0.203296138801
0.20261288969
0.200961109687
0.199513905994
0.197719044895
0.196582997165
0.196050059624
0.196517788859
0.197435703348
0.198181201095
0.199203073162
0.2002226155
0.199298612014
0.198630792924
0.197408709721
0.197487495512
0.197028806086
0.196274739023
0.195212571874
0.194897167164
0.193977960042
0.193787694287
0.193107887649
0.192948344991
0.192781981726
0.192495742564
0.192111312024
0.191935001797
0.191892391289
0.192675801101
0.191068889724
0.18891337743
0.185984063524
0.184455387973
0.182437951048
0.180883258091
0.177479569649
0.175496234777
0.172881182227
0.171461107799
0.168319763551
0.165585501716
0.163541403428
0.1606683458
0.158809654137
0.156537489799
0.155364886541
0.153069521225
0.151121434173
0.149577803537
0.148244405504
0.146122616692
0.143411019725
END
