380.3
381.1
381.9
382.7
383.5
384.4
385.2
386.0
386.8
387.6
388.4
389.2
390.1
390.9
391.7
392.5
393.3
394.1
394.9
395.8
396.6
397.4
398.2
399.0
399.8
400.6
401.5
402.3
403.1
403.9
404.7
405.5
406.3
407.2
408.0
408.8
409.6
410.4
411.2
412.0
412.8
413.7
414.5
415.3
416.1
416.9
417.7
418.5
419.4
420.2
421.0
421.8
422.6
423.4
424.2
425.1
425.9
426.7
427.5
428.3
429.1
429.9
430.8
431.6
432.4
433.2
434.0
434.8
435.6
436.4
437.3
438.1
438.9
439.7
440.5
441.3
442.1
443.0
443.8
444.6
445.4
446.2
447.0
447.8
448.7
449.5
450.3
451.1
451.9
452.7
453.5
454.4
455.2
456.0
456.8
457.6
458.4
459.2
460.0
460.9
461.7
462.5
463.3
464.1
464.9
465.7
466.6
467.4
468.2
469.0
469.8
470.6
471.4
472.3
473.1
473.9
474.7
475.5
476.3
477.1
478.0
478.8
479.6
480.4
481.2
482.0
482.8
483.6
484.5
485.3
486.1
486.9
487.7
488.5
489.3
490.2
491.0
491.8
492.6
493.4
494.2
495.0
495.9
496.7
497.5
498.3
499.1
499.9
500.7
501.6
502.4
503.2
504.0
504.8
505.6
506.4
507.2
508.1
508.9
509.7
510.5
511.3
512.1
512.9
513.7
514.5
515.3
516.1
516.8
517.6
518.4
519.2
520.0
520.8
521.5
522.3
523.1
523.9
524.7
525.5
526.2
527.0
527.8
528.6
529.4
530.2
530.9
531.7
532.5
533.3
534.1
534.9
535.6
536.4
537.2
538.0
538.8
539.6
540.3
541.1
541.9
542.7
543.5
544.3
545.0
545.8
546.6
547.4
548.2
549.0
549.7
550.5
551.3
552.1
552.9
553.7
554.4
555.2
556.0
556.8
557.6
558.4
559.1
559.9
560.7
561.5
562.3
563.1
563.8
564.6
565.4
566.2
567.0
567.8
568.5
569.3
570.1
570.9
571.7
572.5
573.2
574.0
574.8
575.6
576.4
577.2
577.9
578.7
579.5
580.3
581.1
581.9
582.6
583.4
584.2
585.0
585.8
586.6
587.3
588.1
588.9
589.6
590.3
591.1
591.8
592.6
593.3
594.0
594.8
595.5
596.3
597.0
597.7
598.5
599.2
600.0
600.7
601.5
602.2
602.9
603.7
604.4
605.2
605.9
606.6
607.4
608.1
608.9
609.6
610.3
611.1
611.8
612.6
613.3
614.0
614.8
615.5
616.3
617.0
617.7
618.5
619.2
620.0
620.7
621.4
622.2
622.9
623.7
624.4
625.2
625.9
626.6
627.4
628.1
628.9
629.6
630.3
631.1
631.8
632.6
633.3
634.0
634.8
635.5
636.3
637.0
637.7
638.5
639.2
640.0
640.7
641.4
642.2
642.9
643.7
644.4
645.1
645.9
646.6
647.4
648.1
648.8
649.6
650.3
651.1
651.8
652.6
653.3
654.0
654.8
655.5
656.3
657.0
657.7
658.5
659.2
660.0
660.7
661.4
662.2
662.9
663.7
664.4
665.1
665.9
666.6
667.4
668.1
668.9
669.6
670.4
671.2
671.9
672.7
673.4
674.2
674.9
675.7
676.5
677.2
678.0
678.7
679.5
680.2
681.0
681.8
682.5
683.3
684.0
684.8
685.5
686.3
687.1
687.8
688.6
689.3
690.1
690.8
691.6
692.4
693.1
693.9
694.6
695.4
696.1
696.9
697.7
698.4
699.2
699.9
700.7
701.4
702.2
703.0
703.7
704.5
705.2
706.0
706.8
707.6
708.4
709.2
710.0
710.8
711.6
712.4
713.2
714.0
714.8
715.6
716.4
717.2
718.0
718.8
719.6
720.4
721.2
722.0
722.8
723.6
724.4
725.2
726.0
726.8
727.6
728.4
729.2
730.0
730.8
731.6
732.4
733.2
734.0
734.8
735.6
736.4
737.2
738.0
738.8
739.6
740.4
741.2
742.0
742.8
743.6
744.4
745.2
746.0
746.8
747.6
748.4
749.2
750.0
750.8
751.6
752.4
753.2
754.0
754.8
755.6
756.4
757.2
758.0
758.8
759.6
760.4
761.2
762.0
762.8
763.6
764.4
765.2
766.0
766.8
767.6
768.4
769.2
770.0
770.8
771.6
772.4
773.2
774.1
774.9
775.7
776.5
777.3
778.1
778.9
779.7
780.5
781.3
782.1
782.9
783.7
784.5
785.3
786.1
786.9
787.7
788.5
789.3
790.1
790.9
791.7
792.5
793.3
794.1
794.9
795.7
796.5
797.3
798.1
798.9
799.7
800.5
801.3
802.1
802.9
803.7
804.5
805.3
806.1
806.9
807.7
808.5
809.3
810.1
810.9
811.7
812.5
813.3
814.1
814.9
815.7
816.5
817.3
818.1
818.9
819.7
820.5
821.3
822.1
822.9
823.7
824.5
825.3
826.1
826.9
827.7
828.5
829.3
830.1
830.9
831.7
832.6
833.4
834.3
835.1
835.9
836.8
837.6
838.5
839.3
840.2
841.0
841.9
842.7
843.5
844.4
845.2
846.1
846.9
847.8
848.6
849.4
850.3
851.1
852.0
852.8
853.7
854.5
855.3
856.2
857.0
857.9
858.7
859.6
860.4
861.3
862.1
862.9
863.8
864.6
865.5
866.3
867.2
868.0
868.8
869.7
870.5
871.4
872.2
873.1
873.9
874.8
875.6
876.4
877.3
878.1
879.0
879.8
880.7
881.5
882.3
883.2
884.0
884.9
885.7
886.6
887.4
888.2
889.1
889.9
890.8
891.6
892.5
893.3
894.2
895.0
895.8
896.7
897.5
898.4
899.2
NEXT_SERIES
0.0719832576611
0.0702604002881
0.0694260802194
0.0686173647999
0.0685689081966
0.0701575788133
0.0756722016081
0.0855207223889
0.0970461584978
0.111135902164
0.124924570623
0.139140471683
0.153541998115
0.169896508758
0.186668157131
0.203365956212
0.218175442291
0.231012721562
0.241030122479
0.248433263599
0.252948105751
0.253986428937
0.25196268931
0.247096466969
0.240957127945
0.233636459267
0.227324016279
0.220823733196
0.215619577846
0.209598718168
0.204439869047
0.200225972686
0.197837328905
0.197105946789
0.196249648249
0.196506994659
0.197708947783
0.200365488889
0.202045716442
0.204063427416
0.206030353115
0.209848825326
0.21270263751
0.216611750366
0.219917128856
0.224006378074
0.227331291557
0.231210426239
0.234928591823
0.2382332197
0.240433075702
0.242793050256
0.244422723399
0.246086972766
0.247017215085
0.248568707306
0.249623376584
0.251415861031
0.251987843062
0.252871217742
0.252698774057
0.252808084217
0.251413801184
0.249713594423
0.248433116943
0.24741423959
0.246168411993
0.244495188449
0.242802117942
0.240954360799
0.238847230127
0.236254277952
0.233364671627
0.229665556825
0.2263617346
0.222551356191
0.219096288799
0.216474842799
0.21489601366
0.212255726114
0.209162556401
0.205628620836
0.203031933103
0.200788708041
0.19805874331
0.195338290417
0.191828710836
0.189661650609
0.187454576367
0.185524815392
0.18200174628
0.179227520183
0.176727779384
0.173895687788
0.171474990649
0.168309254289
0.165986569079
0.162020358929
0.159382142006
0.156524636845
0.154357780289
0.151111055842
0.148417305941
0.146877744582
0.145320203814
0.14362955163
0.141048107146
0.139693488609
0.137778638175
0.13627526029
0.134540808422
0.133171181405
0.132509361892
0.132721152097
0.132917381732
0.132463868147
0.130490890047
0.128236966452
0.12670656167
0.125525085827
0.124543083754
0.123383475631
0.123137807092
0.122808978511
0.122731834617
0.121516308126
0.121445592639
0.121623399311
0.122247270888
0.122028770376
0.120751407324
0.119143849721
0.118572079884
0.117439811043
0.117407848679
0.11729101131
0.117775015367
0.118401887738
0.11791102669
0.117988527136
0.117842487384
0.117781804422
0.117363871575
0.116974897974
0.117059598547
0.116964144191
0.117212004167
0.11833468969
0.118804380564
0.1202263889
0.120026918844
0.119755214306
0.117690514123
0.115601547659
0.114236238477
0.112611544949
0.111739518497
0.109989453092
0.108327239859
0.107588788207
0.107291297336
0.10635875681
0.105070462912
0.103274485992
0.102009577296
0.100300286768
0.0987791277164
0.0968936104401
0.0940908188782
0.0926713847714
0.0915449357149
0.090366422132
0.0881983269378
0.0867765622503
0.0855524794514
0.0845847989484
0.0830398359918
0.0826591790174
0.0827042493757
0.0830464120092
0.0828431391717
0.0820990999454
0.0812440540677
0.0800282277356
0.0793751818919
0.07808453681
0.076291878792
0.0743052692292
0.0727539791421
0.0722821980295
0.0718597717616
0.0719072050285
0.0721114520114
0.0714193510076
0.0707029725544
0.0698883857666
0.0705841134189
0.0710185102845
0.0706984066136
0.0697750395838
0.0692660587285
0.0695497823202
0.0698795946793
0.0691037007577
0.0680308008029
0.0662917365998
0.0655270214191
0.0642274809548
0.0637477895801
0.0631367491535
0.0619364544249
0.0605348034949
0.0595596445271
0.0599906668303
0.0607322202023
0.0608915145042
0.0610397650892
0.0613142132941
0.0616184801826
0.0617022337608
0.0612049191112
0.0608489032613
0.0605669317109
0.0601144186298
0.0590814765406
0.0581086679193
0.0571577505796
0.0566498278054
0.0567475248944
0.0567833530454
0.0565864099195
0.0560276182638
0.0566992815295
0.057030158719
0.057261816594
0.0569038103801
0.0570602709321
0.0574134783424
0.0569609449659
0.0569476405193
0.0566494068498
0.0566418885131
0.0569314094744
0.0563845503838
0.0558977237839
0.0548162574071
0.0539005789833
0.0537990481372
0.0533433471225
0.0537444894732
0.0533820473465
0.0533293384019
0.0533849046989
0.053199610368
0.054011334584
0.0535498484266
0.0546391938607
0.0542750260523
0.0543967657698
0.0536216972159
0.0527390673921
0.0527872187594
0.0518030192137
0.0525309520745
0.0520716136317
0.0521835049053
0.0507011218758
0.0498671550634
0.048861690417
0.0484288542766
0.0484500126593
0.048197165971
0.04828012185
0.0488607353084
0.0502115871983
0.0513015642762
0.05050786013
0.0499065671234
0.050405595966
0.0520024428504
0.0535491825901
0.0532936025363
0.0525394006331
0.0515628047128
0.0518332430552
0.0523675892029
0.0517493119967
0.050547056648
0.0496556209227
0.0504718358193
0.050312340498
0.049457271791
0.0472869352597
0.0469958324513
0.0473842789013
0.0490711900427
0.0493707509156
0.0499255298079
0.0497520920335
0.0511646807483
0.0516641211427
0.0525592683074
0.0526258966211
0.0531918400555
0.0533865949238
0.054051562412
0.0536348250793
0.0533716125472
0.0520962995237
0.0519558612427
0.0520165164592
0.0518739080039
0.0510125237727
0.0497089161324
0.0486935203284
0.0484622063204
0.0483910169486
0.048638524006
0.0479666510401
0.0476189136487
0.0472680529327
0.048373706609
0.0490021674449
0.0487381906834
0.0484973654817
0.04784952188
0.048526626895
0.0483908185443
0.0493237927936
0.0485021842528
0.0482803644223
0.046640734718
0.0471741520186
0.0467490313006
0.0480373002914
0.0473649065549
0.0476242160573
0.0462333047241
0.0466392182756
0.0458972872595
0.0471520681585
0.0466877661783
0.0474806209692
0.0470470319542
0.0480840880258
0.0485658117722
0.0495501416261
0.049238082388
0.0489449837514
0.0486756579002
0.0486478661191
0.0493766368395
0.0504800361108
0.0519182361858
0.0524260335972
0.0521996835833
0.0520872351137
0.0527573368568
0.0528316234993
0.0545299199406
0.0548757594982
0.0558937283913
0.055016337412
0.0557643259605
0.0573221632251
0.0602269257982
0.0621252577594
0.0628867111499
0.063205894027
0.0638592028586
0.0660455214683
0.0684408856705
0.0707214354552
0.0719633309495
0.0716947927903
0.0718963794923
0.0722908975326
0.0736709829017
0.0750558374247
0.0765448148352
0.0771635151602
0.0761633548925
0.0742892000258
0.0731699975622
0.0741909736
0.0752566443397
0.0759056871302
0.0743079950761
0.0723904959176
0.0704797911547
0.0692397861649
0.0699280045276
0.0694437304531
0.0699830226208
0.06754410403
0.0660608793355
0.0634642421109
0.0623354976397
0.062667267691
0.0627997812312
0.063629810508
0.0625879617623
0.0618681150508
0.0597388524759
0.058633285644
0.0579545671248
0.0584773500413
0.0592756221573
0.0587075783258
0.0573947348998
0.054364868298
0.053020131556
0.0519367124249
0.0526697199153
0.0536600354961
0.0542834716049
0.0538483298952
0.0516490477432
0.0508213081172
0.050272967722
0.0507753610224
0.0516554792431
0.0524143787677
0.0537422298835
0.0531425142879
0.0530611588058
0.0525334705216
0.0526450771015
0.0535971001669
0.054996433711
0.0564782261099
0.0567580923817
0.0564152422311
0.0555222678565
0.0543211475006
0.0537120851675
0.0540205866218
0.0559119471233
0.0564940040966
0.0572921135192
0.0563964325547
0.0557491096788
0.0542814010615
0.0539309910364
0.0542533813219
0.0554250228026
0.0557398051665
0.0561899587425
0.055618835864
0.0546428457015
0.0534144832408
0.053024854017
0.0531614319419
0.0536129042385
0.053978223964
0.0555511931946
0.055732869029
0.055546109333
0.0541214046722
0.0534661457541
0.052879683037
0.0533135250066
0.0545694850532
0.0561488457633
0.0565198762949
0.0560521052379
0.0550429863758
0.0546801653242
0.0544470391608
0.0549490366121
0.0562013651836
0.0580627202517
0.0595668988762
0.0594281996642
0.059028335719
0.0574611324302
0.0568728014462
0.0561247519338
0.0568840169922
0.0579187600175
0.0592899278631
0.0598929734183
0.0602242683655
0.0598119025439
0.0590100924169
0.0577205817755
0.0573245485963
0.0570533670648
0.0575865672242
0.0579738433159
0.0592785761299
0.0597290176997
0.0594723521739
0.0588932726578
0.0582835560394
0.058266243346
0.058094464945
0.0582739106956
0.0594871112877
0.0607586262779
0.0616306274414
0.0617677977205
0.0619334862825
0.0620358057911
0.0613005473157
0.0611810574603
0.0609834108536
0.0621468117237
0.0628073370266
0.0645860097261
0.0658798419461
0.0658242314818
0.0656077547411
0.0644010614948
0.0647243168502
0.06477977728
0.0653998747834
0.0658253165374
0.0665484132902
0.06680875828
0.067992646976
0.0681142616772
0.0686999652983
0.0674031054679
0.066547780518
0.0649451853236
0.0644870307263
0.0639694754981
0.0644509458571
0.0650295244274
0.0657258943298
0.0664231414059
0.0662969861284
0.0667415917933
0.0667982944407
0.0666357718848
0.0668475118036
0.0673263892821
0.0689883862535
0.07060261279
0.0720180265456
0.0735383771174
0.0745878469142
0.0759287024557
0.0764020144009
0.076008108924
0.0756570603587
0.0752363291881
0.0753135227485
0.0743609326791
0.0741053498747
0.0747757684307
0.0761405119659
0.0771997493105
0.076747630773
0.0757913669738
0.074858184967
0.0735649945666
0.0724586391954
0.071497717273
0.0713033342872
0.0713593600848
0.0715250546765
0.0727660374796
0.0742121065663
0.07548596941
0.0760775702354
0.0759198807988
0.0749823895393
0.0744180134848
0.0740783116628
0.0741866479636
0.074322823283
0.0753422818961
0.0765836682415
0.0766505078146
0.077674530438
0.0781933194538
0.0786310611021
0.0783499814489
0.0777715087484
0.0779873163507
0.0777964972612
0.078882323638
0.0796382625647
0.0803332091371
0.0815567852541
0.0827576208118
0.0846035973016
0.0849408837883
0.0855007068984
0.0841370895833
0.0843020706251
0.0829648805219
0.0826273772076
0.0812049189727
0.0813797057567
0.0809202559951
0.0811158124834
0.0819609305372
0.0824450984861
0.0825621732568
0.0813911371718
0.0804836800869
0.0790881481524
0.0785584434863
0.0780395155897
0.0781617655331
0.0775566793147
0.0777388526516
0.0775784274832
0.0780350002282
0.0781774981597
0.0780079056209
0.0778812346507
0.0774854736796
0.0775135147792
0.0766143454741
0.0766340722323
0.0763177089577
0.0765617199683
0.0768675777758
0.0760339829965
0.0759733535025
0.0754295264991
0.0757622336213
0.0750443936774
0.0744023775027
0.0740047387268
0.0738003044237
0.0739121830447
0.0732213570621
0.0724782010977
0.071699201031
0.0706176953832
0.0696604778168
0.0675676324859
0.0667572261243
0.0649523790116
0.0635325754866
0.0610827324217
0.0602017341098
0.0591663507116
0.058356220347
0.0564419416344
0.0548111809928
0.053627126259
0.0530152751279
0.0527476419583
0.0514542208528
0.0511041234547
0.0499696681998
0.050483206399
0.0493643232125
0.048243870704
END
