380.3
381.1
381.9
382.7
383.5
384.4
385.2
386.0
386.8
387.6
388.4
389.2
390.1
390.9
391.7
392.5
393.3
394.1
394.9
395.8
396.6
397.4
398.2
399.0
399.8
400.6
401.5
402.3
403.1
403.9
404.7
405.5
406.3
407.2
408.0
408.8
409.6
410.4
411.2
412.0
412.8
413.7
414.5
415.3
416.1
416.9
417.7
418.5
419.4
420.2
421.0
421.8
422.6
423.4
424.2
425.1
425.9
426.7
427.5
428.3
429.1
429.9
430.8
431.6
432.4
433.2
434.0
434.8
435.6
436.4
437.3
438.1
438.9
439.7
440.5
441.3
442.1
443.0
443.8
444.6
445.4
446.2
447.0
447.8
448.7
449.5
450.3
451.1
451.9
452.7
453.5
454.4
455.2
456.0
456.8
457.6
458.4
459.2
460.0
460.9
461.7
462.5
463.3
464.1
464.9
465.7
466.6
467.4
468.2
469.0
469.8
470.6
471.4
472.3
473.1
473.9
474.7
475.5
476.3
477.1
478.0
478.8
479.6
480.4
481.2
482.0
482.8
483.6
484.5
485.3
486.1
486.9
487.7
488.5
489.3
490.2
491.0
491.8
492.6
493.4
494.2
495.0
495.9
496.7
497.5
498.3
499.1
499.9
500.7
501.6
502.4
503.2
504.0
504.8
505.6
506.4
507.2
508.1
508.9
509.7
510.5
511.3
512.1
512.9
513.7
514.5
515.3
516.1
516.8
517.6
518.4
519.2
520.0
520.8
521.5
522.3
523.1
523.9
524.7
525.5
526.2
527.0
527.8
528.6
529.4
530.2
530.9
531.7
532.5
533.3
534.1
534.9
535.6
536.4
537.2
538.0
538.8
539.6
540.3
541.1
541.9
542.7
543.5
544.3
545.0
545.8
546.6
547.4
548.2
549.0
549.7
550.5
551.3
552.1
552.9
553.7
554.4
555.2
556.0
556.8
557.6
558.4
559.1
559.9
560.7
561.5
562.3
563.1
563.8
564.6
565.4
566.2
567.0
567.8
568.5
569.3
570.1
570.9
571.7
572.5
573.2
574.0
574.8
575.6
576.4
577.2
577.9
578.7
579.5
580.3
581.1
581.9
582.6
583.4
584.2
585.0
585.8
586.6
587.3
588.1
588.9
589.6
590.3
591.1
591.8
592.6
593.3
594.0
594.8
595.5
596.3
597.0
597.7
598.5
599.2
600.0
600.7
601.5
602.2
602.9
603.7
604.4
605.2
605.9
606.6
607.4
608.1
608.9
609.6
610.3
611.1
611.8
612.6
613.3
614.0
614.8
615.5
616.3
617.0
617.7
618.5
619.2
620.0
620.7
621.4
622.2
622.9
623.7
624.4
625.2
625.9
626.6
627.4
628.1
628.9
629.6
630.3
631.1
631.8
632.6
633.3
634.0
634.8
635.5
636.3
637.0
637.7
638.5
639.2
640.0
640.7
641.4
642.2
642.9
643.7
644.4
645.1
645.9
646.6
647.4
648.1
648.8
649.6
650.3
651.1
651.8
652.6
653.3
654.0
654.8
655.5
656.3
657.0
657.7
658.5
659.2
660.0
660.7
661.4
662.2
662.9
663.7
664.4
665.1
665.9
666.6
667.4
668.1
668.9
669.6
670.4
671.2
671.9
672.7
673.4
674.2
674.9
675.7
676.5
677.2
678.0
678.7
679.5
680.2
681.0
681.8
682.5
683.3
684.0
684.8
685.5
686.3
687.1
687.8
688.6
689.3
690.1
690.8
691.6
692.4
693.1
693.9
694.6
695.4
696.1
696.9
697.7
698.4
699.2
699.9
700.7
701.4
702.2
703.0
703.7
704.5
705.2
706.0
706.8
707.6
708.4
709.2
710.0
710.8
711.6
712.4
713.2
714.0
714.8
715.6
716.4
717.2
718.0
718.8
719.6
720.4
721.2
722.0
722.8
723.6
724.4
725.2
726.0
726.8
727.6
728.4
729.2
730.0
730.8
731.6
732.4
733.2
734.0
734.8
735.6
736.4
737.2
738.0
738.8
739.6
740.4
741.2
742.0
742.8
743.6
744.4
745.2
746.0
746.8
747.6
748.4
749.2
750.0
750.8
751.6
752.4
753.2
754.0
754.8
755.6
756.4
757.2
758.0
758.8
759.6
760.4
761.2
762.0
762.8
763.6
764.4
765.2
766.0
766.8
767.6
768.4
769.2
770.0
770.8
771.6
772.4
773.2
774.1
774.9
775.7
776.5
777.3
778.1
778.9
779.7
780.5
781.3
782.1
782.9
783.7
784.5
785.3
786.1
786.9
787.7
788.5
789.3
790.1
790.9
791.7
792.5
793.3
794.1
794.9
795.7
796.5
797.3
798.1
798.9
799.7
800.5
801.3
802.1
802.9
803.7
804.5
805.3
806.1
806.9
807.7
808.5
809.3
810.1
810.9
811.7
812.5
813.3
814.1
814.9
815.7
816.5
817.3
818.1
818.9
819.7
820.5
821.3
822.1
822.9
823.7
824.5
825.3
826.1
826.9
827.7
828.5
829.3
830.1
830.9
831.7
832.6
833.4
834.3
835.1
835.9
836.8
837.6
838.5
839.3
840.2
841.0
841.9
842.7
843.5
844.4
845.2
846.1
846.9
847.8
848.6
849.4
850.3
851.1
852.0
852.8
853.7
854.5
855.3
856.2
857.0
857.9
858.7
859.6
860.4
861.3
862.1
862.9
863.8
864.6
865.5
866.3
867.2
868.0
868.8
869.7
870.5
871.4
872.2
873.1
873.9
874.8
875.6
876.4
877.3
878.1
879.0
879.8
880.7
881.5
882.3
883.2
884.0
884.9
885.7
886.6
887.4
888.2
889.1
889.9
890.8
891.6
892.5
893.3
894.2
895.0
895.8
896.7
897.5
898.4
899.2
NEXT_SERIES
0.0894602008878
0.0883156166031
0.0855419681099
0.0852396086091
0.0861080120852
0.0881828628268
0.0934760853803
0.101642609788
0.113963770732
0.127307317023
0.142180552824
0.154698508684
0.169040879095
0.182837825404
0.199309393846
0.214452459332
0.228358084095
0.239567560356
0.248773905328
0.255435910788
0.259916866949
0.260402562134
0.258808915009
0.254855976438
0.250241751724
0.243738447945
0.23739156954
0.230820855783
0.224790869501
0.218992201208
0.214720113182
0.21195793216
0.210606343839
0.209756099739
0.20915676791
0.209067489692
0.209202873958
0.210741488092
0.212065632603
0.214560100481
0.216555797291
0.219422203809
0.222481233015
0.22621040889
0.230219933896
0.233095792041
0.236450655718
0.239033241988
0.242667099496
0.245093067066
0.247490080602
0.249569580955
0.251910833888
0.253522155466
0.255364481477
0.25554280218
0.256042645675
0.257126888655
0.258892058587
0.259598441148
0.259702659663
0.259674730425
0.259697727943
0.258680097818
0.257393129567
0.257151876005
0.255355919516
0.253991266019
0.251741229325
0.251011514194
0.250025197535
0.248223130259
0.246173414231
0.242381291199
0.239036929196
0.235091184311
0.232917989256
0.231037931805
0.229269210282
0.226504651699
0.223467789681
0.220608398022
0.21827593038
0.216093462263
0.213738108167
0.211449295337
0.209341873119
0.206149185389
0.204335179295
0.201661954186
0.200343065633
0.197383640021
0.195743917493
0.193567376093
0.191338535358
0.188160372796
0.184917807603
0.181697737579
0.179408340771
0.176801372554
0.174359723681
0.172033760996
0.170150598503
0.169776563301
0.167870019432
0.166515382442
0.164147774021
0.163124284388
0.16061774524
0.159658112606
0.157998938242
0.157966141828
0.156694096854
0.156331973595
0.155563687989
0.154843832638
0.154484319412
0.153304676092
0.152502123848
0.150992368618
0.149267602045
0.148388432813
0.147672649794
0.148070639723
0.146898857915
0.146414228624
0.146334816572
0.146106219521
0.146072444755
0.145841061862
0.146146456025
0.14503112282
0.143604522458
0.142271157386
0.141331725256
0.141087829745
0.140544826815
0.141245921391
0.141101896521
0.14162604485
0.141637368257
0.141671118194
0.141684704967
0.140565794591
0.140146586294
0.139920528232
0.140162092839
0.140693377383
0.140535947807
0.140857750733
0.140315335648
0.139530118327
0.138373773328
0.135821465458
0.134097179837
0.132478731187
0.131852296546
0.129769998174
0.127212950447
0.126032589418
0.125066368694
0.124533183927
0.122722276649
0.121556633915
0.119200899044
0.117326451169
0.11552970098
0.114282474859
0.111886035441
0.109909786597
0.107836266998
0.106360209773
0.104093304037
0.1030218903
0.10183415245
0.100878628179
0.098748538899
0.0976447194977
0.0971415515822
0.0969684368099
0.0963392337452
0.0955056406181
0.0945316324966
0.093117369936
0.0910925558231
0.0892340782443
0.087298889453
0.0861444872358
0.0844790422134
0.0840953767612
0.0831542917033
0.0825452104565
0.0820887027106
0.0811166554278
0.081057096573
0.0797050747645
0.0802533618371
0.0801615314931
0.0801138711243
0.0792088768725
0.0784682873792
0.078430421504
0.0775755702592
0.07654333323
0.0754301653097
0.0743828711453
0.0730758882938
0.0716056316404
0.0701900337096
0.0699124712634
0.0698507464748
0.0698165552947
0.0684930970667
0.0676538874118
0.067337914687
0.0683685349778
0.0681657860976
0.0679274682537
0.0674143052122
0.0676598716656
0.0670378752879
0.0663699033655
0.0654892774369
0.0651352913682
0.0639901568643
0.0631725244376
0.0622980665471
0.0622408210792
0.0624720034716
0.0622886158941
0.0615571515941
0.0608123757719
0.0614572886118
0.0613817601265
0.0613267257934
0.0601893501171
0.0609988335788
0.060864347516
0.0612862348821
0.0611524017411
0.0613352017804
0.0610474376965
0.0607780432673
0.0599267087862
0.0599014390436
0.0585800100761
0.0583591137333
0.0576238697371
0.057933748139
0.0574561525163
0.0568948267207
0.0565001914319
0.0565266594281
0.0566157775368
0.057307520853
0.0577643075157
0.0580883957051
0.0569165691613
0.0566360118256
0.0561341819556
0.0563949572117
0.0557368321631
0.0552502542739
0.05504154023
0.0544928700573
0.054043850327
0.0528304829439
0.0523845505325
0.0512991129023
0.0507807348463
0.0503696078202
0.0507411314462
0.0509446328298
0.0516263295429
0.0524210459177
0.0534181870266
0.0533542117922
0.0530263719827
0.0528953053854
0.0537500851759
0.0544893705935
0.0542717474275
0.0538764799702
0.053179510397
0.0535934558233
0.0536089551981
0.0528846254745
0.051771704554
0.0508913370034
0.0516194895965
0.0516253582301
0.0510190170341
0.0495344005193
0.0500156494383
0.0503189037554
0.0515523958331
0.0514466071896
0.0517988452106
0.0519362556181
0.0527428529782
0.0532826903531
0.054048715151
0.0537214154595
0.0543545537029
0.0545269353466
0.0557789654861
0.0555817894073
0.0550588918979
0.0539916313653
0.0535042172702
0.0539296630908
0.0539678318948
0.0534422570135
0.0522033353222
0.0504910065076
0.0499874361077
0.0502494803767
0.0506052753027
0.0503204554643
0.0494965939256
0.0493269606669
0.0495098945946
0.0501789349198
0.0500067158144
0.0499978757743
0.0493735746121
0.0499036232202
0.0495735303896
0.0501632106251
0.0493454181524
0.049790352144
0.048354242621
0.0488514353188
0.0485220665065
0.0496866885881
0.0486350646658
0.0486687595138
0.0473051940671
0.047940866409
0.0471314366661
0.0485300005305
0.0483866557953
0.0497191637445
0.0492455161868
0.0501203363422
0.0496936065516
0.050577395285
0.0512388053407
0.0513183374339
0.0512407165038
0.0504435416891
0.051515832882
0.0527188893746
0.0547488687414
0.0553247679743
0.0559215548193
0.0556221313223
0.0565695988424
0.0569236186117
0.0590789593286
0.0602271833432
0.0615627731791
0.061630907553
0.062648929637
0.0642780322595
0.0671933473033
0.0696285040889
0.0711716291329
0.0718780829503
0.0732989893498
0.0754311701272
0.0779605720542
0.080498917193
0.0821952576065
0.0833640908104
0.083881882329
0.0846684509453
0.0855788168072
0.0868417639185
0.089168567347
0.0897459874709
0.0894948784782
0.0879464854902
0.0882114411616
0.0888118501951
0.0894933094718
0.0897110615131
0.0886309290802
0.0866137037643
0.0844260718837
0.0829367905078
0.082857303991
0.0817364839129
0.0807524953719
0.0781165359785
0.0758726551045
0.0734202755526
0.0718116175215
0.0715428752711
0.0707469978114
0.0703188144708
0.0684425083983
0.0672730837234
0.0646169338057
0.0634922342462
0.06269096724
0.0632080275289
0.0638320179238
0.0629638845477
0.0615550585358
0.058364002899
0.0569438050582
0.0559888095974
0.0570566442019
0.0580959016334
0.0586121034233
0.0580048378746
0.056033132914
0.0552053713341
0.0539782181509
0.0544687174271
0.0557152887727
0.0567748662922
0.057605354943
0.0565953117995
0.0563935813146
0.0560975981408
0.0566224962671
0.0574223501312
0.0587622087029
0.0598839879778
0.0600482916144
0.0595865782334
0.058634946181
0.0582188740256
0.0579148225866
0.0584720911916
0.0601078067844
0.0612138273588
0.0616132191901
0.0605350277282
0.0595388458579
0.0588256099662
0.0588666754021
0.0591030280122
0.0598879037014
0.060141152095
0.0602635871982
0.0594256528004
0.0586266950455
0.0583731725448
0.0579960982554
0.0577816771243
0.0576195818902
0.0585060108577
0.0599457495454
0.060321181552
0.0601195616131
0.0594054526814
0.0592453383139
0.0591483336161
0.0594285914828
0.0605017559702
0.0618476335201
0.0622694938523
0.0617014638968
0.0615364182587
0.0617424168232
0.0623457056241
0.0625029422083
0.0634313590773
0.0646485003506
0.0659583964106
0.066393892872
0.0668028714463
0.0658571471372
0.0654647493016
0.0643942914738
0.0652766383449
0.0659750492548
0.0679457142977
0.0687731437731
0.0692892946664
0.068637942492
0.067761971421
0.066793294846
0.0662251646915
0.0665528288856
0.0675115783629
0.0687460342198
0.0697197338415
0.0706704723609
0.0704624192904
0.070198081292
0.0696026306525
0.0694775118807
0.0699704286753
0.070702492759
0.0723020771931
0.0734806797449
0.074678061968
0.0751506045532
0.0755684656307
0.0757722509249
0.0754253452491
0.0756842157437
0.0756349830057
0.0772939420256
0.0782547066008
0.0796554424885
0.0808548240244
0.0813806623936
0.082129339542
0.0813260349746
0.0821300057287
0.0823075088721
0.0829999462866
0.0831394634442
0.0842678136594
0.085628052702
0.0870134192478
0.0874195809743
0.0875459878951
0.0863121912866
0.0856686380604
0.0847930001566
0.0854932003563
0.0853235424052
0.0858977704572
0.0860317458096
0.0869364373461
0.0882882330082
0.088437264493
0.0891041018643
0.0891878115456
0.0894857112178
0.0897546657004
0.0900414743093
0.0920911332532
0.0940557574214
0.0957371351088
0.0976052892606
0.0996664809761
0.102122359878
0.102733757128
0.102322850011
0.102143624221
0.101919185729
0.102607860773
0.102022282252
0.102992839705
0.103707680435
0.105383681838
0.106197751725
0.106633054435
0.106074040307
0.106437861977
0.10488965158
0.104048578233
0.101741923121
0.101584411749
0.101451325928
0.10240675021
0.10418073727
0.106015625568
0.107915360604
0.108616168065
0.10842753989
0.107535607313
0.10687652777
0.106813667436
0.10733438132
0.107243835444
0.108240138932
0.108520820586
0.109434090881
0.11070220963
0.112069997533
0.113385155175
0.113541327819
0.113380853791
0.113251604232
0.11249376196
0.113319388727
0.113737062496
0.115790553982
0.117636369391
0.120675384631
0.122682183921
0.123678293625
0.123488668194
0.12271772614
0.122867819987
0.121763372557
0.121568206282
0.121093718171
0.121732103995
0.122201603026
0.121543488793
0.121729457855
0.121788582902
0.122768427199
0.122822807167
0.12271896158
0.120916256174
0.119694456964
0.118362224358
0.118738467358
0.119297192682
0.119451022984
0.119234889691
0.118658698245
0.119498196368
0.120209034883
0.121112699953
0.121269065723
0.121302269153
0.120213656819
0.119745205936
0.118932991099
0.119290034181
0.118347565726
0.117734622867
0.11722107262
0.117014183734
0.116742322944
0.116293342777
0.116468537525
0.117019063034
0.117621866851
0.118097021113
0.117157779649
0.115930172083
0.114266552828
0.113953889598
0.112822637263
0.111371803869
0.110181279207
0.108615036636
0.107050405342
0.104479253462
0.102857654353
0.101128296269
0.0990003726631
0.0977121021161
0.0956893153251
0.0941098247386
0.0914996403181
0.0902191889394
0.0884876311625
0.0879957983897
0.086105709885
0.0855461200317
0.083471646581
0.0819312569153
END
