380.3
381.1
381.9
382.7
383.5
384.4
385.2
386.0
386.8
387.6
388.4
389.2
390.1
390.9
391.7
392.5
393.3
394.1
394.9
395.8
396.6
397.4
398.2
399.0
399.8
400.6
401.5
402.3
403.1
403.9
404.7
405.5
406.3
407.2
408.0
408.8
409.6
410.4
411.2
412.0
412.8
413.7
414.5
415.3
416.1
416.9
417.7
418.5
419.4
420.2
421.0
421.8
422.6
423.4
424.2
425.1
425.9
426.7
427.5
428.3
429.1
429.9
430.8
431.6
432.4
433.2
434.0
434.8
435.6
436.4
437.3
438.1
438.9
439.7
440.5
441.3
442.1
443.0
443.8
444.6
445.4
446.2
447.0
447.8
448.7
449.5
450.3
451.1
451.9
452.7
453.5
454.4
455.2
456.0
456.8
457.6
458.4
459.2
460.0
460.9
461.7
462.5
463.3
464.1
464.9
465.7
466.6
467.4
468.2
469.0
469.8
470.6
471.4
472.3
473.1
473.9
474.7
475.5
476.3
477.1
478.0
478.8
479.6
480.4
481.2
482.0
482.8
483.6
484.5
485.3
486.1
486.9
487.7
488.5
489.3
490.2
491.0
491.8
492.6
493.4
494.2
495.0
495.9
496.7
497.5
498.3
499.1
499.9
500.7
501.6
502.4
503.2
504.0
504.8
505.6
506.4
507.2
508.1
508.9
509.7
510.5
511.3
512.1
512.9
513.7
514.5
515.3
516.1
516.8
517.6
518.4
519.2
520.0
520.8
521.5
522.3
523.1
523.9
524.7
525.5
526.2
527.0
527.8
528.6
529.4
530.2
530.9
531.7
532.5
533.3
534.1
534.9
535.6
536.4
537.2
538.0
538.8
539.6
540.3
541.1
541.9
542.7
543.5
544.3
545.0
545.8
546.6
547.4
548.2
549.0
549.7
550.5
551.3
552.1
552.9
553.7
554.4
555.2
556.0
556.8
557.6
558.4
559.1
559.9
560.7
561.5
562.3
563.1
563.8
564.6
565.4
566.2
567.0
567.8
568.5
569.3
570.1
570.9
571.7
572.5
573.2
574.0
574.8
575.6
576.4
577.2
577.9
578.7
579.5
580.3
581.1
581.9
582.6
583.4
584.2
585.0
585.8
586.6
587.3
588.1
588.9
589.6
590.3
591.1
591.8
592.6
593.3
594.0
594.8
595.5
596.3
597.0
597.7
598.5
599.2
600.0
600.7
601.5
602.2
602.9
603.7
604.4
605.2
605.9
606.6
607.4
608.1
608.9
609.6
610.3
611.1
611.8
612.6
613.3
614.0
614.8
615.5
616.3
617.0
617.7
618.5
619.2
620.0
620.7
621.4
622.2
622.9
623.7
624.4
625.2
625.9
626.6
627.4
628.1
628.9
629.6
630.3
631.1
631.8
632.6
633.3
634.0
634.8
635.5
636.3
637.0
637.7
638.5
639.2
640.0
640.7
641.4
642.2
642.9
643.7
644.4
645.1
645.9
646.6
647.4
648.1
648.8
649.6
650.3
651.1
651.8
652.6
653.3
654.0
654.8
655.5
656.3
657.0
657.7
658.5
659.2
660.0
660.7
661.4
662.2
662.9
663.7
664.4
665.1
665.9
666.6
667.4
668.1
668.9
669.6
670.4
671.2
671.9
672.7
673.4
674.2
674.9
675.7
676.5
677.2
678.0
678.7
679.5
680.2
681.0
681.8
682.5
683.3
684.0
684.8
685.5
686.3
687.1
687.8
688.6
689.3
690.1
690.8
691.6
692.4
693.1
693.9
694.6
695.4
696.1
696.9
697.7
698.4
699.2
699.9
700.7
701.4
702.2
703.0
703.7
704.5
705.2
706.0
706.8
707.6
708.4
709.2
710.0
710.8
711.6
712.4
713.2
714.0
714.8
715.6
716.4
717.2
718.0
718.8
719.6
720.4
721.2
722.0
722.8
723.6
724.4
725.2
726.0
726.8
727.6
728.4
729.2
730.0
730.8
731.6
732.4
733.2
734.0
734.8
735.6
736.4
737.2
738.0
738.8
739.6
740.4
741.2
742.0
742.8
743.6
744.4
745.2
746.0
746.8
747.6
748.4
749.2
750.0
750.8
751.6
752.4
753.2
754.0
754.8
755.6
756.4
757.2
758.0
758.8
759.6
760.4
761.2
762.0
762.8
763.6
764.4
765.2
766.0
766.8
767.6
768.4
769.2
770.0
770.8
771.6
772.4
773.2
774.1
774.9
775.7
776.5
777.3
778.1
778.9
779.7
780.5
781.3
782.1
782.9
783.7
784.5
785.3
786.1
786.9
787.7
788.5
789.3
790.1
790.9
791.7
792.5
793.3
794.1
794.9
795.7
796.5
797.3
798.1
798.9
799.7
800.5
801.3
802.1
802.9
803.7
804.5
805.3
806.1
806.9
807.7
808.5
809.3
810.1
810.9
811.7
812.5
813.3
814.1
814.9
815.7
816.5
817.3
818.1
818.9
819.7
820.5
821.3
822.1
822.9
823.7
824.5
825.3
826.1
826.9
827.7
828.5
829.3
830.1
830.9
831.7
832.6
833.4
834.3
835.1
835.9
836.8
837.6
838.5
839.3
840.2
841.0
841.9
842.7
843.5
844.4
845.2
846.1
846.9
847.8
848.6
849.4
850.3
851.1
852.0
852.8
853.7
854.5
855.3
856.2
857.0
857.9
858.7
859.6
860.4
861.3
862.1
862.9
863.8
864.6
865.5
866.3
867.2
868.0
868.8
869.7
870.5
871.4
872.2
873.1
873.9
874.8
875.6
876.4
877.3
878.1
879.0
879.8
880.7
881.5
882.3
883.2
884.0
884.9
885.7
886.6
887.4
888.2
889.1
889.9
890.8
891.6
892.5
893.3
894.2
895.0
895.8
896.7
897.5
898.4
899.2
NEXT_SERIES
0.326500598614
0.331294629797
0.336537328417
0.34324212247
0.345384271893
0.34967857626
0.357994550395
0.372491500997
0.390213640948
0.409257192253
0.427117428302
0.444674751163
0.464351749494
0.485218458919
0.506923182251
0.52651162556
0.545615608113
0.56204835292
0.575333233671
0.585312375906
0.591854206441
0.593089650115
0.590468433715
0.585892048359
0.57935147933
0.570208248889
0.561093639768
0.551314330274
0.542587998053
0.532394633083
0.524314939107
0.518616973653
0.515309451633
0.512241020251
0.510310953817
0.507517142882
0.507444482425
0.507276866028
0.508652361424
0.509394000071
0.511581515239
0.515175425925
0.518718037854
0.522840086449
0.527592125197
0.532310317921
0.535733536067
0.538454395665
0.541704565062
0.545173153123
0.547099370094
0.549416960796
0.550179078263
0.552164247511
0.554019766553
0.555473709979
0.556512801502
0.557157643021
0.558464857482
0.559079702029
0.558828973714
0.559155095817
0.558559446103
0.557612955205
0.555630263054
0.553786226551
0.552091170026
0.550954009015
0.549180988739
0.547148484714
0.544010595122
0.541321764564
0.538027896601
0.533893955373
0.528545500584
0.523881426012
0.519242732894
0.516437508931
0.512873934954
0.509944074552
0.505163241459
0.501347104748
0.495952530071
0.491974110963
0.487146449741
0.484200207155
0.480499602428
0.475446459408
0.470180131097
0.466119104892
0.46314340796
0.460210572071
0.455888039479
0.450250219079
0.445119957281
0.440172643707
0.436852738088
0.433218923108
0.430653569502
0.42699974975
0.421850654821
0.417338474194
0.414390309986
0.413167929557
0.411231962071
0.409218810541
0.405965580379
0.40394666758
0.40056203395
0.398736449662
0.396390861692
0.394912342607
0.393303569056
0.392425648227
0.391309142035
0.390308639933
0.387939550678
0.38576797709
0.384259301721
0.382105188155
0.380971434691
0.379361043995
0.37920964903
0.378914387253
0.377815275295
0.376829493184
0.375813717358
0.376465597056
0.376680742074
0.37688749443
0.375579057538
0.37384404817
0.371915277737
0.371209879985
0.370896366906
0.371653928081
0.370692235798
0.370429509755
0.368795201664
0.369653385581
0.369514985046
0.369615087002
0.369459648423
0.368897100895
0.368378723143
0.366767813147
0.365408714052
0.365621573053
0.364883822707
0.365576308817
0.363408642699
0.361655865572
0.358276880332
0.355267598876
0.351293601539
0.348364466577
0.34471316767
0.341345051424
0.3374370136
0.334504810921
0.332129119157
0.328639172927
0.325980363025
0.323670552675
0.320237579699
0.316443901675
0.312342415511
0.308785888163
0.304093326765
0.299279263267
0.295869353002
0.292920028178
0.289751402507
0.286934663134
0.284103315533
0.281658165554
0.27907009149
0.277406984322
0.275786261547
0.274732663731
0.272502532739
0.27104421783
0.268419910969
0.266934630454
0.264789566037
0.2628781925
0.260218476762
0.257620261474
0.254483713393
0.25207205083
0.250017398481
0.248139438044
0.247470837091
0.246207747873
0.246046798037
0.244303126967
0.244138945043
0.243354240703
0.242556211214
0.241022754033
0.240054932278
0.239320596969
0.2386922995
0.236672343075
0.235682684395
0.233613908206
0.231841885605
0.228923968556
0.226390929779
0.2255604944
0.224230444097
0.222835842305
0.22084605708
0.220567372055
0.220340827012
0.220330880091
0.21941245202
0.219922706586
0.219578272106
0.219301780291
0.217718885165
0.216913746525
0.216454981846
0.215139407988
0.212736137822
0.21104058989
0.210036670683
0.209846496523
0.208800177699
0.208377503315
0.208121178307
0.208147173143
0.208000874068
0.207870556446
0.207548779301
0.206862367596
0.206491085551
0.205882131034
0.206232505695
0.206247411193
0.206098605296
0.204928274723
0.203982788787
0.203215415472
0.203521536627
0.202610323756
0.201804335403
0.200205832796
0.199397013355
0.198464569953
0.198749477067
0.198585398458
0.198180209578
0.197746939296
0.198751204046
0.199501121397
0.199828089764
0.19838231779
0.198246825225
0.197273340573
0.196953437899
0.196278708793
0.195415542114
0.194494456918
0.192886117201
0.191934693295
0.19078176874
0.190170752177
0.189112674163
0.18877603438
0.188181656794
0.187433257808
0.186595261892
0.186937798794
0.18758903246
0.18894660944
0.188915708425
0.189252341045
0.189555018194
0.190628430373
0.191936532309
0.192187391238
0.191692739176
0.190466828364
0.190200147865
0.189925416634
0.189102564836
0.187712213086
0.186489924372
0.186823220038
0.186556075829
0.185878415769
0.183871464125
0.183808531914
0.183739066892
0.185440867691
0.185627799932
0.187083448246
0.18708379384
0.18888687825
0.189878472084
0.191510965855
0.191915264421
0.192198329837
0.192868224292
0.194215549146
0.194637847961
0.193753238011
0.191502945228
0.190681348857
0.190392792392
0.190184938719
0.18921789511
0.187553997437
0.185567030117
0.184259156067
0.184136098613
0.184756652606
0.184539111168
0.183734914681
0.183016549361
0.182710453571
0.183372152453
0.18303384824
0.182858636443
0.181282153717
0.181368565749
0.181011148905
0.182187404945
0.180846430333
0.180992680733
0.17914545482
0.179426815363
0.178024382825
0.178689384351
0.177145557184
0.178058570772
0.175890600011
0.176321110161
0.174358454129
0.176098117175
0.175951385699
0.178176954984
0.177361176407
0.178789664718
0.178275120454
0.18016559428
0.180649711811
0.181186759923
0.181528262946
0.181321881777
0.182687358646
0.184008148027
0.187228659149
0.189130229603
0.190906933504
0.191074844588
0.192617085985
0.194290922968
0.198506950192
0.201018215601
0.203697817443
0.204434945127
0.207356455022
0.21117688329
0.216590015799
0.221618407735
0.22451709651
0.227229172286
0.229992342239
0.234426693718
0.239329020442
0.243859675237
0.248076952493
0.250661677254
0.252048862291
0.253422041625
0.255304553386
0.25830771365
0.262042847631
0.263916260454
0.263778808189
0.260734489782
0.258763368029
0.259137416121
0.260148350726
0.260549526073
0.258011444727
0.253625589382
0.248906902694
0.244641695262
0.243216728584
0.24067363926
0.238649986754
0.232719263921
0.227401698715
0.220158392708
0.216102077506
0.213820431506
0.211991645783
0.209840364564
0.205704056644
0.20242812094
0.196982545569
0.192691871208
0.189733981304
0.189732058938
0.190695238197
0.188675275506
0.18527436112
0.179631755196
0.17613398526
0.173615772164
0.173083288351
0.174544615057
0.174495433055
0.173817405575
0.169447591689
0.167991401927
0.166126690593
0.166666884125
0.167749859067
0.168918794722
0.170282578561
0.16854883459
0.167525787827
0.165768582212
0.165693576937
0.166685609624
0.169141964018
0.171031842537
0.171173527845
0.169802153594
0.168111155133
0.166658459352
0.166350379192
0.166176319446
0.168496922523
0.169924435497
0.170800411525
0.169382730439
0.16721485087
0.166019823873
0.164917431294
0.165627109698
0.167306097882
0.168407294181
0.168632976401
0.166435352997
0.164073103915
0.161907614101
0.161267552984
0.161815614149
0.162659149276
0.163495084031
0.164441903737
0.164465747237
0.163767287992
0.16233312962
0.161000784807
0.160660202975
0.16133498281
0.163430576492
0.164986922183
0.165425424836
0.163970475388
0.162796386952
0.162159864734
0.162580148018
0.16335742582
0.165300387443
0.167372913546
0.169474755439
0.169253747566
0.168169666222
0.165910374704
0.164580153428
0.163723100218
0.164724709622
0.165971791308
0.167674799633
0.167962587639
0.168748879846
0.168477432291
0.167014702683
0.164122795633
0.162982614186
0.162739130102
0.164473745378
0.164994402884
0.166484931764
0.167368507129
0.167536294174
0.167565589308
0.16673860921
0.166162823057
0.166078954163
0.166096409625
0.167539139165
0.168706622672
0.170069161066
0.17060112085
0.170612316167
0.170817435621
0.169982987732
0.169898366939
0.169359715385
0.170710450392
0.171734672398
0.17349323537
0.175396132261
0.176677975887
0.177590767379
0.176992446135
0.176597895835
0.176261940212
0.176461284664
0.177439277549
0.178613674933
0.179514137362
0.180965456691
0.181400282915
0.182924756706
0.180875178471
0.179360662871
0.17679214352
0.176417633632
0.175872610645
0.17563022158
0.176255094552
0.177609210241
0.179670807771
0.179411990628
0.180115912343
0.179616221241
0.180100354062
0.179883381186
0.180631523167
0.183059047071
0.185922883736
0.188419269398
0.191441848502
0.193336586225
0.195204060142
0.195349528846
0.194390769076
0.194122533327
0.193696953431
0.194735890921
0.194029339693
0.194334009504
0.194957595385
0.196711115554
0.197864004232
0.197945574266
0.196808944421
0.194887103116
0.191560776003
0.189056630329
0.186725314477
0.186911140654
0.187319949373
0.18876377499
0.190339917325
0.192439375842
0.194429429335
0.195669361384
0.195183792313
0.193065956773
0.19195309213
0.190923948708
0.19126567691
0.190826983508
0.191704856371
0.193146582702
0.194011815597
0.195405064905
0.196492212389
0.197982801589
0.198774875832
0.198255210938
0.19690957436
0.197153521884
0.198375250147
0.200705225176
0.202523964961
0.204723104413
0.207019643811
0.209219968531
0.210094377839
0.209922114498
0.208180734802
0.207385657791
0.205850848121
0.205360097948
0.204807697342
0.205635425957
0.205435424709
0.205663256076
0.205965196013
0.207053717691
0.207798141191
0.206785034028
0.205499182254
0.202591646303
0.2017948802
0.200335366556
0.200695872118
0.200024737481
0.200116432793
0.200270251722
0.200362466966
0.201226570242
0.201302945708
0.202360899858
0.201738078385
0.201867796689
0.200652597556
0.199444844151
0.197830603832
0.197419348674
0.19735205973
0.196172656469
0.195794981121
0.195554001519
0.195849468107
0.195633133404
0.195606123192
0.195341332452
0.194799489313
0.194046660229
0.194179074166
0.192359535804
0.191825373423
0.189972610029
0.189801120679
0.186739458644
0.184444697774
0.180534459569
0.178159955165
0.175511767729
0.173561064503
0.170796193505
0.16835849703
0.166208221405
0.163853411592
0.162197519641
0.159887198994
0.15966026611
0.156453446145
0.154437315557
0.151454766291
0.150726983158
0.149783102917
0.146949743129
END
