380.3
381.1
381.9
382.7
383.5
384.4
385.2
386.0
386.8
387.6
388.4
389.2
390.1
390.9
391.7
392.5
393.3
394.1
394.9
395.8
396.6
397.4
398.2
399.0
399.8
400.6
401.5
402.3
403.1
403.9
404.7
405.5
406.3
407.2
408.0
408.8
409.6
410.4
411.2
412.0
412.8
413.7
414.5
415.3
416.1
416.9
417.7
418.5
419.4
420.2
421.0
421.8
422.6
423.4
424.2
425.1
425.9
426.7
427.5
428.3
429.1
429.9
430.8
431.6
432.4
433.2
434.0
434.8
435.6
436.4
437.3
438.1
438.9
439.7
440.5
441.3
442.1
443.0
443.8
444.6
445.4
446.2
447.0
447.8
448.7
449.5
450.3
451.1
451.9
452.7
453.5
454.4
455.2
456.0
456.8
457.6
458.4
459.2
460.0
460.9
461.7
462.5
463.3
464.1
464.9
465.7
466.6
467.4
468.2
469.0
469.8
470.6
471.4
472.3
473.1
473.9
474.7
475.5
476.3
477.1
478.0
478.8
479.6
480.4
481.2
482.0
482.8
483.6
484.5
485.3
486.1
486.9
487.7
488.5
489.3
490.2
491.0
491.8
492.6
493.4
494.2
495.0
495.9
496.7
497.5
498.3
499.1
499.9
500.7
501.6
502.4
503.2
504.0
504.8
505.6
506.4
507.2
508.1
508.9
509.7
510.5
511.3
512.1
512.9
513.7
514.5
515.3
516.1
516.8
517.6
518.4
519.2
520.0
520.8
521.5
522.3
523.1
523.9
524.7
525.5
526.2
527.0
527.8
528.6
529.4
530.2
530.9
531.7
532.5
533.3
534.1
534.9
535.6
536.4
537.2
538.0
538.8
539.6
540.3
541.1
541.9
542.7
543.5
544.3
545.0
545.8
546.6
547.4
548.2
549.0
549.7
550.5
551.3
552.1
552.9
553.7
554.4
555.2
556.0
556.8
557.6
558.4
559.1
559.9
560.7
561.5
562.3
563.1
563.8
564.6
565.4
566.2
567.0
567.8
568.5
569.3
570.1
570.9
571.7
572.5
573.2
574.0
574.8
575.6
576.4
577.2
577.9
578.7
579.5
580.3
581.1
581.9
582.6
583.4
584.2
585.0
585.8
586.6
587.3
588.1
588.9
589.6
590.3
591.1
591.8
592.6
593.3
594.0
594.8
595.5
596.3
597.0
597.7
598.5
599.2
600.0
600.7
601.5
602.2
602.9
603.7
604.4
605.2
605.9
606.6
607.4
608.1
608.9
609.6
610.3
611.1
611.8
612.6
613.3
614.0
614.8
615.5
616.3
617.0
617.7
618.5
619.2
620.0
620.7
621.4
622.2
622.9
623.7
624.4
625.2
625.9
626.6
627.4
628.1
628.9
629.6
630.3
631.1
631.8
632.6
633.3
634.0
634.8
635.5
636.3
637.0
637.7
638.5
639.2
640.0
640.7
641.4
642.2
642.9
643.7
644.4
645.1
645.9
646.6
647.4
648.1
648.8
649.6
650.3
651.1
651.8
652.6
653.3
654.0
654.8
655.5
656.3
657.0
657.7
658.5
659.2
660.0
660.7
661.4
662.2
662.9
663.7
664.4
665.1
665.9
666.6
667.4
668.1
668.9
669.6
670.4
671.2
671.9
672.7
673.4
674.2
674.9
675.7
676.5
677.2
678.0
678.7
679.5
680.2
681.0
681.8
682.5
683.3
684.0
684.8
685.5
686.3
687.1
687.8
688.6
689.3
690.1
690.8
691.6
692.4
693.1
693.9
694.6
695.4
696.1
696.9
697.7
698.4
699.2
699.9
700.7
701.4
702.2
703.0
703.7
704.5
705.2
706.0
706.8
707.6
708.4
709.2
710.0
710.8
711.6
712.4
713.2
714.0
714.8
715.6
716.4
717.2
718.0
718.8
719.6
720.4
721.2
722.0
722.8
723.6
724.4
725.2
726.0
726.8
727.6
728.4
729.2
730.0
730.8
731.6
732.4
733.2
734.0
734.8
735.6
736.4
737.2
738.0
738.8
739.6
740.4
741.2
742.0
742.8
743.6
744.4
745.2
746.0
746.8
747.6
748.4
749.2
750.0
750.8
751.6
752.4
753.2
754.0
754.8
755.6
756.4
757.2
758.0
758.8
759.6
760.4
761.2
762.0
762.8
763.6
764.4
765.2
766.0
766.8
767.6
768.4
769.2
770.0
770.8
771.6
772.4
773.2
774.1
774.9
775.7
776.5
777.3
778.1
778.9
779.7
780.5
781.3
782.1
782.9
783.7
784.5
785.3
786.1
786.9
787.7
788.5
789.3
790.1
790.9
791.7
792.5
793.3
794.1
794.9
795.7
796.5
797.3
798.1
798.9
799.7
800.5
801.3
802.1
802.9
803.7
804.5
805.3
806.1
806.9
807.7
808.5
809.3
810.1
810.9
811.7
812.5
813.3
814.1
814.9
815.7
816.5
817.3
818.1
818.9
819.7
820.5
821.3
822.1
822.9
823.7
824.5
825.3
826.1
826.9
827.7
828.5
829.3
830.1
830.9
831.7
832.6
833.4
834.3
835.1
835.9
836.8
837.6
838.5
839.3
840.2
841.0
841.9
842.7
843.5
844.4
845.2
846.1
846.9
847.8
848.6
849.4
850.3
851.1
852.0
852.8
853.7
854.5
855.3
856.2
857.0
857.9
858.7
859.6
860.4
861.3
862.1
862.9
863.8
864.6
865.5
866.3
867.2
868.0
868.8
869.7
870.5
871.4
872.2
873.1
873.9
874.8
875.6
876.4
877.3
878.1
879.0
879.8
880.7
881.5
882.3
883.2
884.0
884.9
885.7
886.6
887.4
888.2
889.1
889.9
890.8
891.6
892.5
893.3
894.2
895.0
895.8
896.7
897.5
898.4
899.2
NEXT_SERIES
0.382018712596
0.384585768913
0.388029143085
0.3906044892
0.397892904959
0.408468140404
0.424169906722
0.438524921919
0.453702371801
0.470766181324
0.487448834011
0.505185823838
0.525394010388
0.547369331136
0.569299788937
0.588824832621
0.607896270073
0.625053367242
0.639983149914
0.65088426537
0.657700355099
0.660140286271
0.658963692687
0.654908935044
0.649105428233
0.641993880353
0.634970610978
0.626244493971
0.618022385339
0.609748486232
0.602308355731
0.596074855895
0.591344650279
0.588232680358
0.585159088204
0.583426383481
0.583290744542
0.583318147583
0.584352525418
0.585209947103
0.587958383299
0.589890927814
0.593936011332
0.597460320408
0.602685595099
0.606255375765
0.610794721983
0.61511730666
0.618864638648
0.62192266072
0.623672593284
0.625624327261
0.626180477422
0.62806602095
0.629513944158
0.632135311802
0.632885349325
0.633633368801
0.634946177017
0.635262826187
0.635549661208
0.633909969479
0.633091123262
0.632092105084
0.630400634066
0.629865403805
0.627261999187
0.625208729684
0.621149644829
0.618428287074
0.615774075785
0.612722277987
0.609546191837
0.605465886257
0.600292520303
0.594973923239
0.590582700109
0.586907272631
0.583149465138
0.578224586306
0.57332087497
0.568580308413
0.564254236072
0.560776022836
0.556841169579
0.552814094725
0.547386909332
0.542043902589
0.537308617131
0.533798148251
0.530610198824
0.527698113424
0.523466302646
0.518869735565
0.513790870294
0.509544403471
0.505470253628
0.500708508098
0.496638748122
0.493166472171
0.490618521569
0.487097243078
0.482810441109
0.47868801282
0.475333654939
0.473121158442
0.469896573856
0.468994368052
0.466573166775
0.466226811809
0.462526558902
0.460987978643
0.458373977852
0.458357841918
0.457274925951
0.456890191593
0.454640929804
0.452666959569
0.4510880023
0.44935359109
0.448388049835
0.446532429822
0.447926188612
0.447040306638
0.447258092019
0.446733181479
0.447068718084
0.446828923759
0.445407679794
0.445425826385
0.444874726502
0.444535671623
0.442970884526
0.441579014668
0.440275989607
0.43983149835
0.440113308031
0.441428455058
0.44183248812
0.442083312997
0.441036486421
0.440718398832
0.44055089252
0.439668246009
0.439149143718
0.438869054985
0.438849606033
0.438352877167
0.43731906741
0.437923554644
0.437153792753
0.436236165471
0.433308054014
0.430299340566
0.426198503428
0.422774679588
0.419922900562
0.416898307806
0.414061066531
0.411292177084
0.40908182351
0.405704765651
0.403019320646
0.400461660942
0.397256624709
0.39302600905
0.389467804897
0.385432794747
0.381490525673
0.37728510238
0.374067228904
0.370827933626
0.366610566927
0.364808696538
0.362098671816
0.360296996747
0.355971433146
0.354599278754
0.352669186096
0.351986717853
0.349944747516
0.348630888594
0.346637785508
0.343868976065
0.341264105943
0.338757074798
0.336175804591
0.332893940927
0.329844796669
0.327431122044
0.326126572209
0.324293086931
0.323496890135
0.321729557096
0.321591012178
0.319927183921
0.31994758023
0.319201460625
0.319030893926
0.31828600131
0.316448992599
0.315676332314
0.313443117043
0.311811320732
0.309084596832
0.306968965112
0.305104680044
0.302446760684
0.300417909555
0.298547464363
0.29747876226
0.295508147562
0.293921745012
0.292750183295
0.292610161081
0.291488220578
0.290219709309
0.289157278044
0.288948702349
0.288655833677
0.28741525792
0.286237309978
0.284751638516
0.282574214414
0.279736246467
0.277655052747
0.275828408493
0.274821462201
0.272395619787
0.271204215211
0.269171636506
0.269356047192
0.269583751362
0.269729737711
0.26874645183
0.267145022469
0.266748103272
0.265247177338
0.26404999396
0.263014005119
0.262570243941
0.261521186567
0.260494323305
0.258994777165
0.258279021871
0.256083474407
0.255230496918
0.254290771516
0.253640682229
0.251765102517
0.250496884117
0.249539986444
0.249424361697
0.248619996905
0.248676565389
0.248537492418
0.248889003215
0.247599833967
0.24645471033
0.244715066804
0.243916688403
0.243428165249
0.241552362822
0.240688549926
0.23847254306
0.237825437805
0.236146294606
0.233970676607
0.232163257711
0.230316877261
0.230295950075
0.229325902475
0.228624036278
0.228667345343
0.229503840614
0.230239720485
0.23031023214
0.230447376559
0.230649452605
0.231455053443
0.232380241356
0.232835933736
0.232251135775
0.23024756781
0.228926692192
0.227440841502
0.226576462869
0.225129765498
0.22329003709
0.223499106394
0.222423797706
0.222356725152
0.22010307722
0.220148261773
0.219707235841
0.220567088115
0.220633576483
0.221897802989
0.221505839882
0.222962181576
0.223782676175
0.225927096629
0.225762526614
0.226071853103
0.225651841791
0.227003882925
0.226532358268
0.226017805891
0.224428903177
0.223254742099
0.222473694531
0.221646947509
0.220500638269
0.218961793897
0.216447325514
0.21547194838
0.215079335897
0.215684912288
0.214442037124
0.213312497764
0.212105149012
0.212499380578
0.21287065505
0.212711379908
0.212484603834
0.210938530044
0.210864183138
0.210182897952
0.211108986576
0.209371184694
0.209135703987
0.206902854475
0.207384318916
0.206047529498
0.206702091488
0.205396381786
0.205709542904
0.203355478005
0.203310743891
0.201541456622
0.203469792316
0.203304400702
0.205573290862
0.204738937634
0.205520979095
0.204449884259
0.205694991552
0.206702355678
0.20742566661
0.207880263242
0.207638957781
0.209130671551
0.210778198614
0.213431203208
0.215054487333
0.216106247744
0.216158703334
0.218034165192
0.219057967259
0.222998645082
0.224850391621
0.227703906689
0.2283185344
0.230773649505
0.234806302243
0.240198111261
0.244687798325
0.24759638776
0.250382438116
0.253828482964
0.258608543653
0.263355458692
0.267977609193
0.271807423421
0.273915570229
0.274889694486
0.276387606226
0.278904901831
0.282160767375
0.285583335749
0.287052101218
0.286441609214
0.283301809425
0.281467751052
0.281563933879
0.28213483544
0.282261010865
0.279554879593
0.275649532007
0.271243639455
0.26713658836
0.265260929539
0.261293448918
0.258425492161
0.252755667704
0.247989090948
0.241918528574
0.237282979559
0.235393318738
0.233468151651
0.2326348915
0.228195215633
0.224636454096
0.218429906123
0.214497162044
0.211838987907
0.211557520861
0.211833267204
0.209759141075
0.206737945674
0.200969334956
0.197114978852
0.194522969758
0.195226633159
0.196262999982
0.195968847539
0.193987007095
0.190086777046
0.187308844419
0.185710345066
0.185787156144
0.188065216263
0.188956997139
0.190624703527
0.188836815605
0.188240176367
0.186487764092
0.185874269508
0.186631535564
0.188671821099
0.190442258098
0.190810809599
0.189966738309
0.188183341321
0.186413117095
0.185814904611
0.186210417912
0.187456927378
0.188143052686
0.189694198388
0.189108809513
0.187678348506
0.185479820299
0.184154836213
0.184246949936
0.185801943174
0.187343772496
0.188071758068
0.186342629995
0.184268146641
0.182504317356
0.181664384428
0.181270474173
0.181819346396
0.182612873014
0.183892528273
0.18352949604
0.182351728189
0.181284666114
0.18018886116
0.180162940564
0.179902527993
0.181391580776
0.182753591857
0.183452721403
0.182243888756
0.181301497415
0.180325407502
0.180679855109
0.181457551755
0.183478067574
0.185602612244
0.187189148157
0.187194830226
0.186196600944
0.183553734314
0.181806743835
0.180688969458
0.181530856214
0.183160426324
0.185218159201
0.186424150752
0.186577907857
0.185205975761
0.183364172848
0.180424910396
0.179389731003
0.179251824499
0.1811002793
0.182269039919
0.183598559068
0.185236106185
0.184685915299
0.183784324361
0.182014919395
0.18220290371
0.181719760565
0.181586424287
0.182532814664
0.184460403012
0.18626974618
0.186764386048
0.187203800057
0.187293896909
0.186115485494
0.18611875242
0.185273282578
0.187144885569
0.187805199441
0.190422875392
0.192190242681
0.193270635791
0.193332921713
0.192133551675
0.191480776628
0.191046385095
0.191346427387
0.19263424396
0.19368976671
0.194573200966
0.196297704515
0.197010905506
0.197644840464
0.194728371116
0.193447747331
0.191022388698
0.190715803511
0.189206222825
0.189649572825
0.190240743751
0.191972657473
0.194186592623
0.194031545975
0.194761116794
0.193622891508
0.193410937386
0.192860498891
0.193274385864
0.196266183004
0.199769906954
0.203081997729
0.206296808287
0.208018166497
0.209717026465
0.209953402562
0.209457957449
0.208746471829
0.207369978857
0.207336861964
0.206617013887
0.207862040839
0.20887076616
0.210550661093
0.21102631491
0.211102100567
0.209702786479
0.207925926451
0.204757402653
0.20273387432
0.200609129966
0.200269644418
0.200517765605
0.201738711261
0.203156723644
0.205158811393
0.206587215399
0.207157137022
0.20648513224
0.204508712781
0.20335102679
0.201823212525
0.201885664137
0.201926623914
0.20322828202
0.205076300737
0.205680286052
0.207359503362
0.208734112492
0.210200471036
0.210310696451
0.209106034057
0.208475179966
0.20856211001
0.209727209728
0.211122540685
0.213516515598
0.215945029117
0.218124800213
0.219575772433
0.220306942036
0.220957836936
0.219227099247
0.2184441812
0.216189573251
0.215194641838
0.214225374123
0.214196491086
0.214461157134
0.21364975819
0.214895534261
0.214749274696
0.215496717623
0.214091422057
0.21288099462
0.211066401894
0.209233203689
0.208428719213
0.207935519405
0.207361772275
0.20755495919
0.2080649243
0.209025287516
0.20969812476
0.209223324387
0.209987539654
0.209618754462
0.210022556904
0.208374366317
0.207116201119
0.205739861155
0.205170316549
0.205565500022
0.20416231144
0.203510120773
0.202733222703
0.202507636056
0.203385449357
0.203985625727
0.203819540032
0.203375165759
0.202149724362
0.202104313961
0.200681083699
0.199461562293
0.197437959415
0.19480507455
0.191859136382
0.190379915857
0.187495441533
0.184298950787
0.180720891397
0.17915318003
0.17767573035
0.174947041133
0.172294927479
0.169795378382
0.168451598262
0.166356644992
0.164698107062
0.162550658931
0.161470279375
0.15899632939
0.157962116683
0.15497336471
0.153321695649
END
