380.3
381.1
381.9
382.7
383.5
384.4
385.2
386.0
386.8
387.6
388.4
389.2
390.1
390.9
391.7
392.5
393.3
394.1
394.9
395.8
396.6
397.4
398.2
399.0
399.8
400.6
401.5
402.3
403.1
403.9
404.7
405.5
406.3
407.2
408.0
408.8
409.6
410.4
411.2
412.0
412.8
413.7
414.5
415.3
416.1
416.9
417.7
418.5
419.4
420.2
421.0
421.8
422.6
423.4
424.2
425.1
425.9
426.7
427.5
428.3
429.1
429.9
430.8
431.6
432.4
433.2
434.0
434.8
435.6
436.4
437.3
438.1
438.9
439.7
440.5
441.3
442.1
443.0
443.8
444.6
445.4
446.2
447.0
447.8
448.7
449.5
450.3
451.1
451.9
452.7
453.5
454.4
455.2
456.0
456.8
457.6
458.4
459.2
460.0
460.9
461.7
462.5
463.3
464.1
464.9
465.7
466.6
467.4
468.2
469.0
469.8
470.6
471.4
472.3
473.1
473.9
474.7
475.5
476.3
477.1
478.0
478.8
479.6
480.4
481.2
482.0
482.8
483.6
484.5
485.3
486.1
486.9
487.7
488.5
489.3
490.2
491.0
491.8
492.6
493.4
494.2
495.0
495.9
496.7
497.5
498.3
499.1
499.9
500.7
501.6
502.4
503.2
504.0
504.8
505.6
506.4
507.2
508.1
508.9
509.7
510.5
511.3
512.1
512.9
513.7
514.5
515.3
516.1
516.8
517.6
518.4
519.2
520.0
520.8
521.5
522.3
523.1
523.9
524.7
525.5
526.2
527.0
527.8
528.6
529.4
530.2
530.9
531.7
532.5
533.3
534.1
534.9
535.6
536.4
537.2
538.0
538.8
539.6
540.3
541.1
541.9
542.7
543.5
544.3
545.0
545.8
546.6
547.4
548.2
549.0
549.7
550.5
551.3
552.1
552.9
553.7
554.4
555.2
556.0
556.8
557.6
558.4
559.1
559.9
560.7
561.5
562.3
563.1
563.8
564.6
565.4
566.2
567.0
567.8
568.5
569.3
570.1
570.9
571.7
572.5
573.2
574.0
574.8
575.6
576.4
577.2
577.9
578.7
579.5
580.3
581.1
581.9
582.6
583.4
584.2
585.0
585.8
586.6
587.3
588.1
588.9
589.6
590.3
591.1
591.8
592.6
593.3
594.0
594.8
595.5
596.3
597.0
597.7
598.5
599.2
600.0
600.7
601.5
602.2
602.9
603.7
604.4
605.2
605.9
606.6
607.4
608.1
608.9
609.6
610.3
611.1
611.8
612.6
613.3
614.0
614.8
615.5
616.3
617.0
617.7
618.5
619.2
620.0
620.7
621.4
622.2
622.9
623.7
624.4
625.2
625.9
626.6
627.4
628.1
628.9
629.6
630.3
631.1
631.8
632.6
633.3
634.0
634.8
635.5
636.3
637.0
637.7
638.5
639.2
640.0
640.7
641.4
642.2
642.9
643.7
644.4
645.1
645.9
646.6
647.4
648.1
648.8
649.6
650.3
651.1
651.8
652.6
653.3
654.0
654.8
655.5
656.3
657.0
657.7
658.5
659.2
660.0
660.7
661.4
662.2
662.9
663.7
664.4
665.1
665.9
666.6
667.4
668.1
668.9
669.6
670.4
671.2
671.9
672.7
673.4
674.2
674.9
675.7
676.5
677.2
678.0
678.7
679.5
680.2
681.0
681.8
682.5
683.3
684.0
684.8
685.5
686.3
687.1
687.8
688.6
689.3
690.1
690.8
691.6
692.4
693.1
693.9
694.6
695.4
696.1
696.9
697.7
698.4
699.2
699.9
700.7
701.4
702.2
703.0
703.7
704.5
705.2
706.0
706.8
707.6
708.4
709.2
710.0
710.8
711.6
712.4
713.2
714.0
714.8
715.6
716.4
717.2
718.0
718.8
719.6
720.4
721.2
722.0
722.8
723.6
724.4
725.2
726.0
726.8
727.6
728.4
729.2
730.0
730.8
731.6
732.4
733.2
734.0
734.8
735.6
736.4
737.2
738.0
738.8
739.6
740.4
741.2
742.0
742.8
743.6
744.4
745.2
746.0
746.8
747.6
748.4
749.2
750.0
750.8
751.6
752.4
753.2
754.0
754.8
755.6
756.4
757.2
758.0
758.8
759.6
760.4
761.2
762.0
762.8
763.6
764.4
765.2
766.0
766.8
767.6
768.4
769.2
770.0
770.8
771.6
772.4
773.2
774.1
774.9
775.7
776.5
777.3
778.1
778.9
779.7
780.5
781.3
782.1
782.9
783.7
784.5
785.3
786.1
786.9
787.7
788.5
789.3
790.1
790.9
791.7
792.5
793.3
794.1
794.9
795.7
796.5
797.3
798.1
798.9
799.7
800.5
801.3
802.1
802.9
803.7
804.5
805.3
806.1
806.9
807.7
808.5
809.3
810.1
810.9
811.7
812.5
813.3
814.1
814.9
815.7
816.5
817.3
818.1
818.9
819.7
820.5
821.3
822.1
822.9
823.7
824.5
825.3
826.1
826.9
827.7
828.5
829.3
830.1
830.9
831.7
832.6
833.4
834.3
835.1
835.9
836.8
837.6
838.5
839.3
840.2
841.0
841.9
842.7
843.5
844.4
845.2
846.1
846.9
847.8
848.6
849.4
850.3
851.1
852.0
852.8
853.7
854.5
855.3
856.2
857.0
857.9
858.7
859.6
860.4
861.3
862.1
862.9
863.8
864.6
865.5
866.3
867.2
868.0
868.8
869.7
870.5
871.4
872.2
873.1
873.9
874.8
875.6
876.4
877.3
878.1
879.0
879.8
880.7
881.5
882.3
883.2
884.0
884.9
885.7
886.6
887.4
888.2
889.1
889.9
890.8
891.6
892.5
893.3
894.2
895.0
895.8
896.7
897.5
898.4
899.2
NEXT_SERIES
-0.0185314186696
-0.020777495747
-0.0227818090452
-0.0245300276983
-0.0232979334286
-0.024369067869
-0.0212072589142
-0.0161607662948
-0.00756959422323
0.00196678520393
0.0126603647568
0.023706631092
0.0362831693498
0.0488772571858
0.0628190279476
0.0755558304932
0.0883952019016
0.0978740586275
0.106335341751
0.110146240201
0.113679584494
0.11248153264
0.111156055687
0.106748412913
0.102108505914
0.0964487308461
0.0915055567625
0.0868992539533
0.0821646636923
0.0779796402001
0.0740896998772
0.0720318597312
0.0708719926196
0.0713099650704
0.0716801089308
0.072701997341
0.073997501184
0.0756492236189
0.0775023092836
0.0798855447415
0.0833512428915
0.0872085710932
0.0901443789769
0.092853699828
0.0963394519582
0.100792847022
0.104781044915
0.10729189262
0.109956801411
0.112664814903
0.115991099109
0.11841351219
0.119829501978
0.120973081329
0.122797378474
0.12484612037
0.126261321806
0.127415109983
0.128593051652
0.129258278344
0.129746637074
0.129378614027
0.128880953638
0.127169928487
0.126448117893
0.126089303576
0.12564882974
0.12378878553
0.12179323993
0.12001764993
0.119070213573
0.116707930437
0.114484682361
0.111762945033
0.10883734728
0.105632274873
0.102717901752
0.101501021868
0.100596406839
0.0994199008792
0.0967596661551
0.093970847841
0.091619255957
0.0904631865758
0.0890558726725
0.0866135029852
0.0841484017286
0.0819089701708
0.0802439401256
0.0786286918612
0.0770416664487
0.0754912044274
0.0742807189389
0.072119214076
0.07049935544
0.0671037466486
0.0655157363329
0.0620037976941
0.0610974369936
0.058343371267
0.0579506990103
0.0558664446941
0.0549663600985
0.0537023636941
0.052192337166
0.0507691783718
0.0490291951409
0.0481580598398
0.0466555942124
0.0456734070922
0.0445838174572
0.0440311093279
0.0429960120688
0.0428423388253
0.0419906088699
0.0418258640387
0.0412523157731
0.0410214413733
0.0400387718225
0.0386250196518
0.037184967852
0.0370689078919
0.0378189132577
0.0379686400096
0.037923693628
0.0366434550131
0.0369138724509
0.0363186251173
0.0362487189979
0.0356632073802
0.0355828687086
0.0345411752526
0.0336016632316
0.0325607404705
0.0327982541188
0.03255430607
0.0328824002488
0.0330670349132
0.0342416730908
0.0350843779084
0.0355304942448
0.0356557576787
0.0351693948575
0.0353203578344
0.035427107634
0.0356470062917
0.035890213496
0.0369447305253
0.0373759218538
0.0381132884501
0.0383013403546
0.0383712789534
0.0379277223231
0.0361579722812
0.0353599699035
0.0347724432603
0.0349252636728
0.0345124009341
0.0336743462172
0.0336609405015
0.033774673656
0.0338086405327
0.0335667631148
0.033415778944
0.0327647125891
0.0313028432988
0.0306628675091
0.0299102041713
0.0288915652654
0.0277778033147
0.0269746076158
0.0262562768274
0.0254367032204
0.025061152612
0.0252449889614
0.0250481473095
0.0244944944357
0.024641628896
0.0244122657603
0.0243786966788
0.0242563474311
0.0244480903303
0.0244397310481
0.0238190319456
0.0235859549778
0.0232200260545
0.0222102324796
0.0209072631178
0.0199006253323
0.0197305164565
0.0197877953806
0.0190167710411
0.0188463972126
0.0181884715254
0.0190748718084
0.0189747286313
0.0197534276489
0.0196292693368
0.0194024428251
0.0194337587432
0.0194830829994
0.0199906108169
0.0192617781785
0.0190006215599
0.0185701528369
0.0181148537208
0.0170537505137
0.0159644446847
0.0156134717839
0.0156522334555
0.0152020964289
0.0140322986232
0.0132008676095
0.0135435052528
0.0144683741922
0.0144612385854
0.0141650123791
0.0138315989173
0.0142134979357
0.014205877583
0.0134332512801
0.0132243264627
0.0132943754021
0.0133032912135
0.0118937334182
0.0109245334384
0.0106818671557
0.0112894164442
0.0110390579763
0.0109785295755
0.0102643940848
0.0104031480801
0.0102098594271
0.0107110436175
0.01038853448
0.0101336902509
0.0103961785642
0.010801144903
0.0108618542067
0.0102868458638
0.0101351594591
0.00992080967399
0.0101269389932
0.00952743742791
0.00933904923453
0.00851810920757
0.00832835343838
0.00769185816136
0.0076481978595
0.00734614893579
0.00759773291044
0.00702500779562
0.00708742582654
0.00641235261965
0.00692987481774
0.00657931594533
0.00743910064704
0.00672487037056
0.00686465992635
0.00640636070065
0.00614507281594
0.00591070315537
0.00480254749611
0.00519588558084
0.0042891649786
0.0039513382669
0.00282631982169
0.00232149662083
0.00183630337936
0.00185977529651
0.00164188184958
0.00137645265304
0.000831272685864
0.00150395730838
0.00275510587208
0.00372131535734
0.00371303639417
0.00298274169573
0.00300249454632
0.00370145783421
0.00489911073473
0.0049208251491
0.0044621963156
0.00404654837227
0.00458213550495
0.00484896937607
0.00402423933112
0.00246232924777
0.00148127808768
0.00205997158251
0.00223650909526
0.00174597685039
-0.000222885052898
-0.000439920908177
-0.000536113168071
0.000517037756941
7.92017136295e-05
0.000224918652767
-5.51602899357e-06
0.00112042645198
0.00174217830655
0.00228708486877
0.00209431153963
0.00214385111121
0.00278740579901
0.00389771931467
0.00392876635964
0.00331838992016
0.00191341271778
0.00165949424284
0.00154281277413
0.00154067211322
0.00079736167652
-0.000358138753914
-0.00151012431501
-0.00185021977226
-0.00132158014191
-0.000745326683581
-0.00140055826322
-0.00226956311284
-0.00264104398958
-0.00153426233215
-0.000232071090937
4.95292005918e-05
-0.000231756506866
-0.00172164869494
-0.00179030189098
-0.00186951751098
-0.000441593402673
-0.00127662429814
-0.00140151010726
-0.00260363770399
-0.00187745433084
-0.00152254942541
-0.00053254053757
-0.00108301530205
-0.0013757674223
-0.00257606217906
-0.00207941188071
-0.00218915737593
-0.00132397108318
-0.00142709933726
-0.0014625728411
-0.00218242466499
-0.00211731571223
-0.00217893053308
-0.00143229445642
-0.00126128128801
-0.00139117167101
-0.0018717603364
-0.00231997178388
-0.00132876980935
-0.000116639267696
0.000832170512645
0.000333458817684
-0.000407931844105
-0.00135187723349
-0.00119487113075
-0.00117708650568
-0.000104003877299
-0.000810840891047
-0.000869726342851
-0.00203996576311
-0.0010612979375
-0.000216339853693
0.00127946889788
0.00232825275553
0.00213255842084
0.00209056097396
0.00230884170469
0.00329947592242
0.00477126119868
0.00582515939659
0.00651218264023
0.00625774328162
0.00552776889029
0.00549600386831
0.0061965066324
0.00685952192036
0.00731535862595
0.00698377933631
0.00618968051509
0.00507697430627
0.00501238022246
0.0062584672939
0.00700511825098
0.00743453424741
0.00619875423614
0.00538467422652
0.00433633274056
0.00426649737642
0.0055396005574
0.00607040033593
0.00698735152152
0.0063365381998
0.00581964132249
0.00485560739678
0.0050097970039
0.00616050878729
0.00710575171521
0.00743229677
0.00774711076549
0.00735133790522
0.00681842685546
0.00626283507822
0.00689763817728
0.00781753288568
0.00881746311742
0.00849753091254
0.00817441765001
0.00610463173437
0.00550558701179
0.00486400687003
0.00626371507581
0.00746290033037
0.00805148586174
0.00729324418646
0.00575892355601
0.00537622978031
0.00510489385827
0.00577898197272
0.00711603947222
0.00838341063104
0.00971345808103
0.00911324183522
0.00872954493917
0.00814295207188
0.00811544719024
0.00884238364065
0.0106116336848
0.0116783083479
0.012531918334
0.0119355320608
0.0120267029588
0.011372712097
0.0112084199401
0.0111984838915
0.0122588110969
0.0126572193492
0.0134017546367
0.0127534784268
0.0126394984809
0.0118647964132
0.0119267810141
0.0119417298168
0.012586058898
0.012907469063
0.0136690237551
0.0136125249612
0.0132498891696
0.0124251878664
0.011953687084
0.0116456826761
0.0113090066415
0.012026145229
0.0136657155799
0.0147499201446
0.0145318184355
0.0131865148656
0.0124694227775
0.0118172166107
0.0123075920325
0.0135838184017
0.0151807307303
0.0161414297421
0.0161084512375
0.0158227936448
0.0147463925052
0.0140376459943
0.0139401725712
0.0154758799792
0.0170645272804
0.0188546576272
0.0194315767851
0.0197160358558
0.0185103292179
0.0173895149822
0.0165312934199
0.016641153171
0.017758052089
0.0193234578405
0.0206095413869
0.0209189682465
0.02023421703
0.0190366811301
0.0181300964191
0.0180057317211
0.0188537501149
0.0200316137225
0.0209467677351
0.021647415028
0.0222956889123
0.0214969086594
0.0209812701166
0.0198341732812
0.0203382311153
0.0202257066715
0.0206815276215
0.0215022651786
0.022726197865
0.0238184939124
0.023669393079
0.0234140658337
0.0233262752741
0.0231093850078
0.023245115051
0.0229054280417
0.0241835777858
0.0251289975617
0.0261101552026
0.0269446943051
0.0269146245897
0.0273186097126
0.0259606901474
0.026458653421
0.0262644705572
0.0270354317382
0.0272017835308
0.0280730150233
0.0284005007885
0.0288821944578
0.0284789209264
0.0288069553238
0.0277245667027
0.0275412115625
0.0263167644536
0.0263973201676
0.0260810037376
0.0266827675085
0.0270837469529
0.0275361154512
0.0285385227099
0.0285820063275
0.0290936507346
0.0285653360994
0.0284920066666
0.0292719623084
0.0299850693537
0.0315027417243
0.0325305864629
0.0336118079726
0.0348730662382
0.0354562443981
0.0368844847177
0.0370851345009
0.0370341615532
0.0362049383167
0.0359201080583
0.0359755697005
0.0352642245601
0.0353097641099
0.0354021773208
0.0364681249579
0.0366794939515
0.0363632919995
0.0358121344301
0.0351957084296
0.0336517407985
0.0324818189585
0.0313406906337
0.0320100333462
0.0324053260105
0.0335770976671
0.0343078553715
0.0355083972999
0.0361528012358
0.0373464454693
0.0369506596481
0.0361714594131
0.0350050867289
0.0343470845147
0.0344859035888
0.0347285749315
0.0359252426339
0.0366181310422
0.0365484875345
0.0368553153421
0.0382820128261
0.0386497716585
0.039701380465
0.0385628205539
0.0390067041124
0.037822760629
0.0386085576498
0.0388694623432
0.04004615362
0.0406599682438
0.0421215543697
0.0432903875006
0.0434187466545
0.0438319848434
0.0427799290702
0.0424943503101
0.04057954202
0.0406286234913
0.0404987164302
0.0405964727918
0.0394237947253
0.0389279125165
0.0389868469208
0.0393245129563
0.0392973507587
0.0387848751625
0.0383477570301
0.0363152626268
0.0354547531353
0.033861589112
0.0344087244188
0.034582543765
0.0355071205303
0.035511670494
0.0347927568752
0.0347762634541
0.0343832243327
0.0349015821073
0.0339148777386
0.0340664397716
0.0332511194197
0.033557590481
0.0325022501003
0.0311750958078
0.0311440206094
0.0305575693403
0.0310416702106
0.029518495257
0.0297143753826
0.0293140426999
0.0295446329065
0.0285843997303
0.0284511453722
0.0277158945406
0.0271094441221
0.0257815873903
0.0245823755651
0.0234261792624
0.0220896767259
0.0206723863373
0.0202044733219
0.0190521263295
0.0181330563274
0.0162537607389
0.015475697499
0.0143995226364
0.013651466275
0.0119469869167
0.0104623376344
0.0096245723421
0.00911792668782
0.00906307080307
0.00798404212408
0.00839877078846
0.00793173338119
0.00852651317204
0.00775551084032
0.00682505932388
END
