380.3
381.1
381.9
382.7
383.5
384.4
385.2
386.0
386.8
387.6
388.4
389.2
390.1
390.9
391.7
392.5
393.3
394.1
394.9
395.8
396.6
397.4
398.2
399.0
399.8
400.6
401.5
402.3
403.1
403.9
404.7
405.5
406.3
407.2
408.0
408.8
409.6
410.4
411.2
412.0
412.8
413.7
414.5
415.3
416.1
416.9
417.7
418.5
419.4
420.2
421.0
421.8
422.6
423.4
424.2
425.1
425.9
426.7
427.5
428.3
429.1
429.9
430.8
431.6
432.4
433.2
434.0
434.8
435.6
436.4
437.3
438.1
438.9
439.7
440.5
441.3
442.1
443.0
443.8
444.6
445.4
446.2
447.0
447.8
448.7
449.5
450.3
451.1
451.9
452.7
453.5
454.4
455.2
456.0
456.8
457.6
458.4
459.2
460.0
460.9
461.7
462.5
463.3
464.1
464.9
465.7
466.6
467.4
468.2
469.0
469.8
470.6
471.4
472.3
473.1
473.9
474.7
475.5
476.3
477.1
478.0
478.8
479.6
480.4
481.2
482.0
482.8
483.6
484.5
485.3
486.1
486.9
487.7
488.5
489.3
490.2
491.0
491.8
492.6
493.4
494.2
495.0
495.9
496.7
497.5
498.3
499.1
499.9
500.7
501.6
502.4
503.2
504.0
504.8
505.6
506.4
507.2
508.1
508.9
509.7
510.5
511.3
512.1
512.9
513.7
514.5
515.3
516.1
516.8
517.6
518.4
519.2
520.0
520.8
521.5
522.3
523.1
523.9
524.7
525.5
526.2
527.0
527.8
528.6
529.4
530.2
530.9
531.7
532.5
533.3
534.1
534.9
535.6
536.4
537.2
538.0
538.8
539.6
540.3
541.1
541.9
542.7
543.5
544.3
545.0
545.8
546.6
547.4
548.2
549.0
549.7
550.5
551.3
552.1
552.9
553.7
554.4
555.2
556.0
556.8
557.6
558.4
559.1
559.9
560.7
561.5
562.3
563.1
563.8
564.6
565.4
566.2
567.0
567.8
568.5
569.3
570.1
570.9
571.7
572.5
573.2
574.0
574.8
575.6
576.4
577.2
577.9
578.7
579.5
580.3
581.1
581.9
582.6
583.4
584.2
585.0
585.8
586.6
587.3
588.1
588.9
589.6
590.3
591.1
591.8
592.6
593.3
594.0
594.8
595.5
596.3
597.0
597.7
598.5
599.2
600.0
600.7
601.5
602.2
602.9
603.7
604.4
605.2
605.9
606.6
607.4
608.1
608.9
609.6
610.3
611.1
611.8
612.6
613.3
614.0
614.8
615.5
616.3
617.0
617.7
618.5
619.2
620.0
620.7
621.4
622.2
622.9
623.7
624.4
625.2
625.9
626.6
627.4
628.1
628.9
629.6
630.3
631.1
631.8
632.6
633.3
634.0
634.8
635.5
636.3
637.0
637.7
638.5
639.2
640.0
640.7
641.4
642.2
642.9
643.7
644.4
645.1
645.9
646.6
647.4
648.1
648.8
649.6
650.3
651.1
651.8
652.6
653.3
654.0
654.8
655.5
656.3
657.0
657.7
658.5
659.2
660.0
660.7
661.4
662.2
662.9
663.7
664.4
665.1
665.9
666.6
667.4
668.1
668.9
669.6
670.4
671.2
671.9
672.7
673.4
674.2
674.9
675.7
676.5
677.2
678.0
678.7
679.5
680.2
681.0
681.8
682.5
683.3
684.0
684.8
685.5
686.3
687.1
687.8
688.6
689.3
690.1
690.8
691.6
692.4
693.1
693.9
694.6
695.4
696.1
696.9
697.7
698.4
699.2
699.9
700.7
701.4
702.2
703.0
703.7
704.5
705.2
706.0
706.8
707.6
708.4
709.2
710.0
710.8
711.6
712.4
713.2
714.0
714.8
715.6
716.4
717.2
718.0
718.8
719.6
720.4
721.2
722.0
722.8
723.6
724.4
725.2
726.0
726.8
727.6
728.4
729.2
730.0
730.8
731.6
732.4
733.2
734.0
734.8
735.6
736.4
737.2
738.0
738.8
739.6
740.4
741.2
742.0
742.8
743.6
744.4
745.2
746.0
746.8
747.6
748.4
749.2
750.0
750.8
751.6
752.4
753.2
754.0
754.8
755.6
756.4
757.2
758.0
758.8
759.6
760.4
761.2
762.0
762.8
763.6
764.4
765.2
766.0
766.8
767.6
768.4
769.2
770.0
770.8
771.6
772.4
773.2
774.1
774.9
775.7
776.5
777.3
778.1
778.9
779.7
780.5
781.3
782.1
782.9
783.7
784.5
785.3
786.1
786.9
787.7
788.5
789.3
790.1
790.9
791.7
792.5
793.3
794.1
794.9
795.7
796.5
797.3
798.1
798.9
799.7
800.5
801.3
802.1
802.9
803.7
804.5
805.3
806.1
806.9
807.7
808.5
809.3
810.1
810.9
811.7
812.5
813.3
814.1
814.9
815.7
816.5
817.3
818.1
818.9
819.7
820.5
821.3
822.1
822.9
823.7
824.5
825.3
826.1
826.9
827.7
828.5
829.3
830.1
830.9
831.7
832.6
833.4
834.3
835.1
835.9
836.8
837.6
838.5
839.3
840.2
841.0
841.9
842.7
843.5
844.4
845.2
846.1
846.9
847.8
848.6
849.4
850.3
851.1
852.0
852.8
853.7
854.5
855.3
856.2
857.0
857.9
858.7
859.6
860.4
861.3
862.1
862.9
863.8
864.6
865.5
866.3
867.2
868.0
868.8
869.7
870.5
871.4
872.2
873.1
873.9
874.8
875.6
876.4
877.3
878.1
879.0
879.8
880.7
881.5
882.3
883.2
884.0
884.9
885.7
886.6
887.4
888.2
889.1
889.9
890.8
891.6
892.5
893.3
894.2
895.0
895.8
896.7
897.5
898.4
899.2
NEXT_SERIES
0.247000462145
0.245914284903
0.245726737707
0.248256624146
0.252719786002
0.258400093513
0.266676509446
0.277499963064
0.291093662432
0.308133966096
0.326733966438
0.345990600338
0.365368432182
0.386673888693
0.408141970106
0.428865258822
0.445895269447
0.461886800478
0.473440490311
0.481896289472
0.487006957089
0.487659515814
0.485083293527
0.477890344651
0.471928768877
0.463686579756
0.456530769542
0.446973262446
0.438754448509
0.4301018629
0.423365212765
0.418567708572
0.414066148327
0.411989177042
0.409944164879
0.410177767808
0.408735849264
0.410122305139
0.411585599773
0.414705433331
0.416598602632
0.420196599844
0.424063574814
0.428401527924
0.432450787365
0.436947705981
0.441552850054
0.445454268627
0.449213333859
0.451980072325
0.454156546417
0.457264931177
0.459653230186
0.461082896663
0.462222058178
0.463623453588
0.465312364362
0.466862633607
0.468095878172
0.46843958288
0.468068969056
0.468297015615
0.468615540772
0.467179546408
0.4663550765
0.465631409557
0.464462852518
0.461141274382
0.458728957097
0.456239354467
0.454538998311
0.451909547084
0.450031236629
0.446353342535
0.442692589653
0.438720427385
0.43495805402
0.430639692804
0.426853485783
0.42310129213
0.420547420097
0.417418894614
0.413352073986
0.409776590539
0.404731394168
0.401680479749
0.397857862451
0.395021234614
0.391905620139
0.388860996734
0.385103890345
0.382020102052
0.37821388552
0.375673796402
0.371687470917
0.368539006632
0.364232339575
0.360424217833
0.356242695373
0.351813022647
0.349268810631
0.345636032834
0.343630761829
0.341184363522
0.339235218531
0.337439870487
0.335526700177
0.334373744306
0.332496085403
0.330481229971
0.328983291199
0.327705727378
0.326476308192
0.324531932532
0.322867532761
0.321909565528
0.321054528383
0.319870047007
0.318804447066
0.317510923607
0.315995162288
0.31454059793
0.314273987735
0.314041774934
0.313053375625
0.312545079719
0.31222227938
0.312223792302
0.311894830796
0.311035228912
0.310343171834
0.308248353654
0.307945002021
0.307032961287
0.307019084015
0.306430822474
0.306144030084
0.306583232815
0.306414160459
0.307433137542
0.306175277068
0.306651945882
0.30529930122
0.305595635958
0.304837626609
0.30472312693
0.303750550878
0.304422906382
0.303994099848
0.30497058109
0.303410308517
0.302444790498
0.299479609595
0.295709141181
0.291618144365
0.288623307915
0.286486078263
0.284008039514
0.281232439337
0.279644876563
0.277970126497
0.27594882217
0.272137784018
0.269385243733
0.266113139365
0.263374432906
0.259764731391
0.255706054821
0.251985295506
0.248929283857
0.246732831967
0.243802531252
0.240105638795
0.237927194691
0.235063291118
0.234553800549
0.231762818015
0.231812878707
0.230382271153
0.229611185565
0.228292235929
0.226724649314
0.224949341344
0.222910841495
0.220593371966
0.218823827139
0.215791454069
0.213761369172
0.210869148885
0.209373971905
0.207808028898
0.206616841955
0.205796830705
0.204704740431
0.204787408245
0.204118504263
0.204313415995
0.204388453792
0.203588556931
0.202440307267
0.201563138696
0.201502183461
0.200974106621
0.198978261242
0.197753189098
0.195133753567
0.194517129178
0.192213332734
0.191258425947
0.18980386396
0.188952982547
0.187768451448
0.186688927368
0.18573480111
0.186206603179
0.186225258886
0.186543903638
0.185797743808
0.185578353744
0.185258034489
0.184634287826
0.183936822007
0.1829190173
0.182035785486
0.180247434478
0.179586188859
0.178895921132
0.178236306445
0.177560632532
0.17716969167
0.176606949877
0.176406132984
0.176227873197
0.17644601232
0.176522669855
0.176582905563
0.176708657326
0.176480898157
0.175968355319
0.176485047931
0.176395228097
0.17614104349
0.175695695064
0.175400079377
0.175399708337
0.174282809179
0.173054083177
0.17183815388
0.17118851896
0.170329057428
0.170050298468
0.169687403408
0.170505589403
0.170715981154
0.171351072168
0.1712320978
0.171578107162
0.172016767792
0.171534736801
0.171172789462
0.169559241063
0.168931807248
0.167671221959
0.167699231644
0.167262514185
0.167086956844
0.165444931314
0.163995106568
0.162818903003
0.162740256504
0.162748344263
0.16221790602
0.161881594096
0.162550926851
0.163665104793
0.165217197412
0.165585164915
0.16589800976
0.166017233328
0.167048477284
0.169033353778
0.169661127779
0.169488929072
0.167774511378
0.167255962615
0.166664808887
0.166164008258
0.165018312366
0.163596229573
0.164267206642
0.16384986202
0.163644555448
0.161646380326
0.161378125432
0.161176340781
0.16231560869
0.162749679763
0.164352637115
0.164586090417
0.166092559699
0.167326117259
0.1690097289
0.169968451803
0.17028496551
0.17028077879
0.171657206055
0.171368279616
0.170786601388
0.168727474603
0.168281654134
0.168205891386
0.168164855443
0.167370880039
0.165911232819
0.163981449899
0.162721856543
0.162762180924
0.162949827766
0.16243715086
0.161704922003
0.161253295709
0.161312421972
0.162076229224
0.161908136089
0.162311891713
0.16090405916
0.160969117117
0.160455055588
0.161478668359
0.160497886774
0.161016963826
0.159315585203
0.159829710359
0.15861078945
0.15922566528
0.157844795793
0.158085283406
0.156637930003
0.15721857484
0.155596012086
0.156793963969
0.156527319992
0.159047574624
0.158179740161
0.159563760698
0.15817930591
0.160316459636
0.160865960309
0.161789203017
0.161606572709
0.161514501894
0.163160829996
0.164710662555
0.167246182944
0.168543579924
0.169448365382
0.169169371678
0.170889583497
0.171985772702
0.174778766522
0.175966149773
0.177955434651
0.178636938093
0.180939873908
0.18504656491
0.189798455492
0.193773922152
0.195934283306
0.198046636422
0.200636716897
0.204377112731
0.208461399385
0.212445970557
0.215959437184
0.218222837883
0.218808039853
0.219456437634
0.220903180752
0.223450645097
0.226170144964
0.227365831259
0.227546920682
0.224967317358
0.223288117326
0.223228045969
0.223516294098
0.224063805677
0.221354040179
0.218867086004
0.215605873922
0.212170048744
0.211075022372
0.208298752722
0.206821132938
0.202341570071
0.198591855643
0.194000211141
0.190288297263
0.188611620351
0.186868887159
0.186010704323
0.182740707504
0.179783793543
0.174842482148
0.171667158396
0.170058832245
0.170540336982
0.171015793576
0.169137303181
0.166352400827
0.161834327215
0.159233652262
0.156987587471
0.157312173509
0.158049653101
0.15820063109
0.156873455226
0.153899783368
0.152715626874
0.151609867441
0.152261080883
0.153347827018
0.154336989478
0.155611252601
0.154201366775
0.153234853674
0.151317096694
0.15135957141
0.152796750583
0.154977192998
0.156576243037
0.15724350452
0.156946573698
0.155773075338
0.154171976219
0.153376536955
0.153453291
0.155338963232
0.156129383676
0.157239638041
0.155669583131
0.154429054016
0.152821117943
0.152189541601
0.152511839886
0.15365838483
0.154584660113
0.155242058901
0.153947022614
0.152108160951
0.149688629539
0.149184796264
0.149073375639
0.149897040695
0.150765761448
0.152399698496
0.152669836554
0.151761464383
0.15078369592
0.149697701639
0.148898221452
0.14846600055
0.150635477035
0.152846049888
0.154066344953
0.152736237394
0.151664357501
0.15039954993
0.150872793478
0.151702762821
0.153603324633
0.155561324236
0.157160567341
0.157162814859
0.157043082082
0.154957710822
0.154012792221
0.15263790517
0.15322905308
0.154418489304
0.155811941129
0.157163608173
0.157448627049
0.156986917949
0.155428893287
0.153360479689
0.152031584204
0.151443279165
0.152488566529
0.154111325619
0.156065288056
0.157766996832
0.15709960573
0.156824368021
0.155181164909
0.154737942348
0.154432484924
0.154808752386
0.156601124515
0.158125459743
0.159662535505
0.160041910817
0.159765016966
0.15957739275
0.15872177333
0.159082845756
0.158700563074
0.160067503991
0.160949945937
0.163259702285
0.164912772419
0.165639081104
0.165909344354
0.164995580212
0.164745759354
0.164672683489
0.165418089057
0.166465138691
0.16759170094
0.168707257188
0.170039078506
0.170693870956
0.170861111068
0.168989124446
0.167589653694
0.165424807679
0.16522756426
0.164337881845
0.1649646149
0.165671964268
0.16677841943
0.168516980192
0.168424711301
0.169342483057
0.168455425506
0.168226428662
0.168177261772
0.168830193462
0.171632491995
0.174246029966
0.176844898925
0.179639646938
0.181719386297
0.18411717002
0.184248966637
0.183286337979
0.182021604331
0.181221404523
0.181994766799
0.182068317866
0.182713794716
0.183760107097
0.185078575048
0.185906530334
0.185693242551
0.184860733244
0.184019792622
0.181310277841
0.179248380255
0.177398328761
0.177174081956
0.177510074902
0.17777366469
0.179868157355
0.182539936162
0.184514813504
0.184702013705
0.183519350503
0.182003123517
0.181577498224
0.180517265116
0.180374791196
0.17975200952
0.18161148351
0.182796504133
0.183685440193
0.184727706413
0.187289981061
0.188799863878
0.189084988938
0.187498465611
0.1871849969
0.186572708144
0.187696662797
0.189193307779
0.191577640038
0.194043531192
0.195850754326
0.197915775141
0.198580253273
0.19892777154
0.197837054802
0.197147498821
0.19572492426
0.195379276442
0.194456299792
0.194766366545
0.193807754704
0.193595475675
0.194648242838
0.195651988716
0.196889471669
0.195734371584
0.194909725569
0.192607502271
0.191677492659
0.190610778778
0.190789347454
0.19013754138
0.189877764974
0.189978503815
0.190368756929
0.190883106989
0.190859339197
0.19090570816
0.190873013249
0.191303166979
0.190434615384
0.189727926717
0.188627360011
0.188354282249
0.188643457043
0.187513337414
0.187182778296
0.186692257297
0.186087909028
0.185804990581
0.185506071167
0.185993697645
0.185556138237
0.185344646391
0.1854315947
0.184304993752
0.18311025021
0.181383597009
0.179625738166
0.17803076177
0.177575384661
0.175621163383
0.171552139292
0.167557001998
0.166060409509
0.165212949745
0.163047584078
0.160821367029
0.157832886389
0.156138632748
0.153567254085
0.152851300794
0.149894614863
0.149411108179
0.14748646759
0.146965872286
0.144280164797
0.142033735253
END
