380.3
381.1
381.9
382.7
383.5
384.4
385.2
386.0
386.8
387.6
388.4
389.2
390.1
390.9
391.7
392.5
393.3
394.1
394.9
395.8
396.6
397.4
398.2
399.0
399.8
400.6
401.5
402.3
403.1
403.9
404.7
405.5
406.3
407.2
408.0
408.8
409.6
410.4
411.2
412.0
412.8
413.7
414.5
415.3
416.1
416.9
417.7
418.5
419.4
420.2
421.0
421.8
422.6
423.4
424.2
425.1
425.9
426.7
427.5
428.3
429.1
429.9
430.8
431.6
432.4
433.2
434.0
434.8
435.6
436.4
437.3
438.1
438.9
439.7
440.5
441.3
442.1
443.0
443.8
444.6
445.4
446.2
447.0
447.8
448.7
449.5
450.3
451.1
451.9
452.7
453.5
454.4
455.2
456.0
456.8
457.6
458.4
459.2
460.0
460.9
461.7
462.5
463.3
464.1
464.9
465.7
466.6
467.4
468.2
469.0
469.8
470.6
471.4
472.3
473.1
473.9
474.7
475.5
476.3
477.1
478.0
478.8
479.6
480.4
481.2
482.0
482.8
483.6
484.5
485.3
486.1
486.9
487.7
488.5
489.3
490.2
491.0
491.8
492.6
493.4
494.2
495.0
495.9
496.7
497.5
498.3
499.1
499.9
500.7
501.6
502.4
503.2
504.0
504.8
505.6
506.4
507.2
508.1
508.9
509.7
510.5
511.3
512.1
512.9
513.7
514.5
515.3
516.1
516.8
517.6
518.4
519.2
520.0
520.8
521.5
522.3
523.1
523.9
524.7
525.5
526.2
527.0
527.8
528.6
529.4
530.2
530.9
531.7
532.5
533.3
534.1
534.9
535.6
536.4
537.2
538.0
538.8
539.6
540.3
541.1
541.9
542.7
543.5
544.3
545.0
545.8
546.6
547.4
548.2
549.0
549.7
550.5
551.3
552.1
552.9
553.7
554.4
555.2
556.0
556.8
557.6
558.4
559.1
559.9
560.7
561.5
562.3
563.1
563.8
564.6
565.4
566.2
567.0
567.8
568.5
569.3
570.1
570.9
571.7
572.5
573.2
574.0
574.8
575.6
576.4
577.2
577.9
578.7
579.5
580.3
581.1
581.9
582.6
583.4
584.2
585.0
585.8
586.6
587.3
588.1
588.9
589.6
590.3
591.1
591.8
592.6
593.3
594.0
594.8
595.5
596.3
597.0
597.7
598.5
599.2
600.0
600.7
601.5
602.2
602.9
603.7
604.4
605.2
605.9
606.6
607.4
608.1
608.9
609.6
610.3
611.1
611.8
612.6
613.3
614.0
614.8
615.5
616.3
617.0
617.7
618.5
619.2
620.0
620.7
621.4
622.2
622.9
623.7
624.4
625.2
625.9
626.6
627.4
628.1
628.9
629.6
630.3
631.1
631.8
632.6
633.3
634.0
634.8
635.5
636.3
637.0
637.7
638.5
639.2
640.0
640.7
641.4
642.2
642.9
643.7
644.4
645.1
645.9
646.6
647.4
648.1
648.8
649.6
650.3
651.1
651.8
652.6
653.3
654.0
654.8
655.5
656.3
657.0
657.7
658.5
659.2
660.0
660.7
661.4
662.2
662.9
663.7
664.4
665.1
665.9
666.6
667.4
668.1
668.9
669.6
670.4
671.2
671.9
672.7
673.4
674.2
674.9
675.7
676.5
677.2
678.0
678.7
679.5
680.2
681.0
681.8
682.5
683.3
684.0
684.8
685.5
686.3
687.1
687.8
688.6
689.3
690.1
690.8
691.6
692.4
693.1
693.9
694.6
695.4
696.1
696.9
697.7
698.4
699.2
699.9
700.7
701.4
702.2
703.0
703.7
704.5
705.2
706.0
706.8
707.6
708.4
709.2
710.0
710.8
711.6
712.4
713.2
714.0
714.8
715.6
716.4
717.2
718.0
718.8
719.6
720.4
721.2
722.0
722.8
723.6
724.4
725.2
726.0
726.8
727.6
728.4
729.2
730.0
730.8
731.6
732.4
733.2
734.0
734.8
735.6
736.4
737.2
738.0
738.8
739.6
740.4
741.2
742.0
742.8
743.6
744.4
745.2
746.0
746.8
747.6
748.4
749.2
750.0
750.8
751.6
752.4
753.2
754.0
754.8
755.6
756.4
757.2
758.0
758.8
759.6
760.4
761.2
762.0
762.8
763.6
764.4
765.2
766.0
766.8
767.6
768.4
769.2
770.0
770.8
771.6
772.4
773.2
774.1
774.9
775.7
776.5
777.3
778.1
778.9
779.7
780.5
781.3
782.1
782.9
783.7
784.5
785.3
786.1
786.9
787.7
788.5
789.3
790.1
790.9
791.7
792.5
793.3
794.1
794.9
795.7
796.5
797.3
798.1
798.9
799.7
800.5
801.3
802.1
802.9
803.7
804.5
805.3
806.1
806.9
807.7
808.5
809.3
810.1
810.9
811.7
812.5
813.3
814.1
814.9
815.7
816.5
817.3
818.1
818.9
819.7
820.5
821.3
822.1
822.9
823.7
824.5
825.3
826.1
826.9
827.7
828.5
829.3
830.1
830.9
831.7
832.6
833.4
834.3
835.1
835.9
836.8
837.6
838.5
839.3
840.2
841.0
841.9
842.7
843.5
844.4
845.2
846.1
846.9
847.8
848.6
849.4
850.3
851.1
852.0
852.8
853.7
854.5
855.3
856.2
857.0
857.9
858.7
859.6
860.4
861.3
862.1
862.9
863.8
864.6
865.5
866.3
867.2
868.0
868.8
869.7
870.5
871.4
872.2
873.1
873.9
874.8
875.6
876.4
877.3
878.1
879.0
879.8
880.7
881.5
882.3
883.2
884.0
884.9
885.7
886.6
887.4
888.2
889.1
889.9
890.8
891.6
892.5
893.3
894.2
895.0
895.8
896.7
897.5
898.4
899.2
NEXT_SERIES
0.308890503991
0.309236044708
0.309514208825
0.310711317424
0.313020781365
0.316067294994
0.32436836617
0.333390262169
0.346927732237
0.36075964536
0.377375390426
0.394089169407
0.409997676013
0.427135897317
0.44482615672
0.463951412118
0.480968403074
0.495031136177
0.506843099964
0.514209478733
0.517942068535
0.516513372984
0.512831608908
0.507503593879
0.500571357328
0.491527831179
0.483365388168
0.474601353316
0.46739548404
0.458968588273
0.450450310029
0.444141759314
0.439449804772
0.437598858134
0.435517893291
0.433960735456
0.433012716115
0.434092927386
0.43395754323
0.434615182389
0.434176480291
0.43670396235
0.439330048798
0.442859668763
0.446676140963
0.44933079261
0.451962302091
0.453537088365
0.457145049048
0.459084544485
0.459639124994
0.459743290181
0.460144179686
0.461260771025
0.46194554431
0.462373963167
0.463196034929
0.463750181085
0.464478729378
0.464134988771
0.464055674592
0.463365120841
0.462150860898
0.460043476563
0.45957238806
0.45964174496
0.458247302143
0.455573270094
0.451519887747
0.448920980251
0.446510520336
0.444263660112
0.442408941654
0.438529161308
0.43497464974
0.430733565477
0.428305023346
0.427253170806
0.425761183385
0.423271459792
0.420933083146
0.417626743513
0.414398668683
0.411300983602
0.409180926793
0.407878528254
0.406838782851
0.404777769496
0.402834492166
0.401062403475
0.399261550934
0.398112184112
0.395472858352
0.393622126963
0.391643715134
0.389602787814
0.387702996536
0.385109593942
0.383726116996
0.382874279823
0.382834170778
0.38200061299
0.381703800146
0.381962179135
0.381670366784
0.381044086938
0.379947694001
0.379449453005
0.378990293777
0.378612312444
0.379203257544
0.380205451054
0.381187581399
0.382436848789
0.383432405877
0.385140727873
0.38542341117
0.386063005472
0.386722435356
0.387637225667
0.388012267191
0.388558120064
0.391151555217
0.392794642354
0.394291597831
0.39502197893
0.397421491364
0.399404068204
0.401508348345
0.403275988408
0.40441772588
0.405430461638
0.406991824035
0.408592544987
0.409374750431
0.41078688618
0.412237129791
0.414798701843
0.417018302516
0.4197177617
0.421198846027
0.423256353132
0.424173958261
0.425508599664
0.425918728824
0.427797583954
0.430068949875
0.433526967796
0.435104874786
0.437020420417
0.437194328268
0.438696030293
0.439570180304
0.439248414326
0.438559538276
0.438608462275
0.438691514787
0.437576147441
0.436639558325
0.437208620641
0.438493495675
0.438189447403
0.438141374936
0.438074873174
0.437139625739
0.435819789268
0.43504072431
0.434789636749
0.433726345003
0.432756541342
0.431500464767
0.430587796112
0.429078725923
0.429121279544
0.428115130491
0.426984001367
0.425200182365
0.425179660658
0.426160024743
0.427025194558
0.426511789373
0.424784259491
0.423059712217
0.422092667514
0.421716243277
0.420778612236
0.417840859217
0.415737274315
0.412932407445
0.411825916272
0.410417789834
0.409925026478
0.408904941042
0.406557939542
0.405186856335
0.403868695039
0.402641150788
0.402004828974
0.400025443904
0.39895085783
0.3957047889
0.394197042756
0.391286989867
0.388892491159
0.386695000011
0.384151707383
0.381583051033
0.377979473884
0.374413503131
0.371168522869
0.367740891473
0.365435491437
0.362930011106
0.36061477065
0.3582907627
0.355847706982
0.353614603678
0.350930848464
0.348107498459
0.345310586347
0.342055576855
0.338992214456
0.335474488838
0.331765131816
0.32804670508
0.324323011083
0.320795982589
0.317165666116
0.313880180049
0.31052564302
0.306796895053
0.304576580422
0.302551438288
0.29974186405
0.295372448477
0.291623611723
0.288844994954
0.285879329732
0.282369813634
0.279143931697
0.275704960229
0.272090081055
0.268817941277
0.26509832523
0.261803456678
0.257790675518
0.254397054574
0.251012455081
0.247811157029
0.244324565002
0.241138895039
0.237646272692
0.235068013776
0.23232066227
0.230758748679
0.228267746183
0.226505206877
0.22280608955
0.219810232327
0.216628463391
0.213813643461
0.211312062637
0.207825517995
0.205316184197
0.201663142177
0.198922715483
0.195882151836
0.193680750168
0.190992208022
0.188633922187
0.186065055255
0.183439344887
0.180558693087
0.179514256808
0.179012436172
0.179140920038
0.177657685289
0.1762872395
0.174499455213
0.174372816349
0.173808311971
0.172888203758
0.17035150448
0.167660588781
0.166848617269
0.1655121249
0.163841479548
0.160952512911
0.158955820817
0.158387884132
0.15658761104
0.155207168362
0.152222259783
0.151457089541
0.150287641864
0.151082879987
0.150334864884
0.149788800596
0.14862547948
0.149016563619
0.149377145252
0.149683236921
0.148947241383
0.148721990144
0.148612329836
0.149613929301
0.149020310394
0.147273634304
0.144642608439
0.143359360128
0.143139852323
0.142716106569
0.141183255973
0.139434485107
0.137096581114
0.135978359697
0.135135725864
0.135027994901
0.134353986841
0.133580298058
0.132856941365
0.132168793019
0.132392126473
0.131686710818
0.131794356703
0.130172959075
0.130320984726
0.129745070619
0.130456337302
0.129302558416
0.128767526493
0.126984955804
0.126960773933
0.125931931127
0.126162907479
0.125055121504
0.125479088616
0.123672785137
0.123242004855
0.121548409457
0.122582057234
0.121827929084
0.122546370138
0.121795609239
0.122679400951
0.122444027828
0.122465184179
0.122873883349
0.122520190009
0.123303486537
0.122175863245
0.123226558044
0.123796836615
0.125730524129
0.126202787224
0.126518675677
0.126270975729
0.12677467438
0.126805073127
0.128236631602
0.128335805341
0.128692695626
0.128520582507
0.129770609214
0.132191225379
0.135162748253
0.137590906211
0.138221101946
0.138866302097
0.140222846747
0.143098564463
0.145852106839
0.148101675322
0.149860412463
0.150061453704
0.150046257765
0.150789717668
0.151819242021
0.153607259447
0.154796097696
0.15556510547
0.154948156239
0.152683236555
0.151612406515
0.151938239012
0.153135241756
0.153401739491
0.151366469491
0.148793887021
0.146467297044
0.14454563575
0.144945804793
0.143374493253
0.143091096806
0.139719838766
0.137548683784
0.134460106505
0.132280312002
0.132604899157
0.131926382198
0.132338203971
0.13016491216
0.128707074282
0.125121945588
0.122600909431
0.121446305065
0.122317147512
0.123794424081
0.122519248294
0.12076564711
0.117020304789
0.115165917986
0.113627878986
0.11355206823
0.114745786616
0.114881349277
0.114491615813
0.112046644678
0.111127195353
0.110449988049
0.110779483118
0.112263997242
0.112692448924
0.113856254027
0.112519441991
0.112474058363
0.11171245106
0.111838180702
0.113039840817
0.114827936958
0.116127822414
0.115956018578
0.115251056128
0.114342999331
0.113522897917
0.112950149431
0.113504223674
0.114957831651
0.11609597476
0.116619759399
0.115979593968
0.114575364171
0.113559274684
0.112704964629
0.113333397368
0.114019956484
0.114894836828
0.115502068769
0.114383616325
0.113018508045
0.11143167301
0.111526859855
0.111869735054
0.112396378816
0.11292292904
0.113665638453
0.113267949074
0.112156421722
0.111152551334
0.110893869181
0.110746168701
0.110499594268
0.111583608172
0.11309290749
0.113724791934
0.113140405484
0.112132744933
0.11191635551
0.11187981751
0.112306451089
0.113458375281
0.115144710759
0.116384752626
0.116853865321
0.116141626394
0.114467798672
0.113320222748
0.112486547149
0.113404776238
0.114550436595
0.116386066731
0.11741104881
0.117224606564
0.116197543728
0.114796043877
0.113603881119
0.113213341045
0.113093250811
0.11347391076
0.114069232616
0.115637650555
0.116846928386
0.116686401584
0.115834570542
0.114739771529
0.114578553625
0.114699679155
0.115111196141
0.116209761699
0.117032246435
0.117898846142
0.118370306592
0.118294280521
0.119294584929
0.118406174328
0.118586442736
0.117574830802
0.119041799095
0.119929615005
0.12108952895
0.122171751021
0.12314514067
0.123961657322
0.122840348888
0.122539283884
0.121731684212
0.122363194225
0.122508507268
0.123986296493
0.124527488747
0.126475942759
0.126716303492
0.12677215013
0.124434774021
0.123576421688
0.122143426218
0.122332309738
0.12078349351
0.12134324886
0.121849785074
0.123183832093
0.124164536734
0.123861380466
0.124406707072
0.124456500569
0.124211067287
0.1245297481
0.12487605384
0.126741548736
0.128680567245
0.130748053072
0.132867905146
0.134395119902
0.136019420757
0.136187832782
0.135582910385
0.135217057608
0.134442618919
0.135097082129
0.133889769771
0.134521092919
0.134666263359
0.136244534582
0.137147157228
0.137449449052
0.136614965757
0.135684435793
0.133648685882
0.132174551079
0.130727157291
0.13002556136
0.130512137797
0.130890016429
0.132306716805
0.133791807485
0.135339606686
0.136295426095
0.135607337989
0.134489975565
0.134019836219
0.133230426701
0.133328277978
0.132713056548
0.134067084111
0.134871202308
0.135589239297
0.136706158611
0.138103873378
0.139078139954
0.139192241023
0.13866384519
0.138658021476
0.138023014799
0.138451469906
0.138867360798
0.140488531602
0.141660076741
0.144101173651
0.145560897629
0.146716701178
0.146543826642
0.145790984506
0.144938766045
0.143337425624
0.143051535026
0.142503368933
0.142619858476
0.141542019968
0.141250930775
0.142306259584
0.143434753325
0.144266974352
0.142593866964
0.141421629738
0.139246647199
0.138561584598
0.137006108529
0.136757777395
0.136156491099
0.136213094488
0.136775229951
0.13769647534
0.139056663292
0.138874851314
0.138432247782
0.137488731192
0.137153729043
0.136245986911
0.135666958607
0.134743077658
0.134723350883
0.134004393768
0.133132690809
0.132232019459
0.131998806079
0.131996975858
0.131646222164
0.131687165714
0.131848297333
0.131822601116
0.131227184808
0.131079191508
0.12971497863
0.129144576517
0.127611246167
0.126416445471
0.123805153137
0.121875939389
0.119652324353
0.11863667424
0.116614643808
0.115228210448
0.113240850427
0.110601305062
0.10913952269
0.107706600581
0.106692269097
0.105776524525
0.104492036211
0.103695970837
0.102366465271
0.100126935972
0.0998961321169
0.0987053763192
0.0976923145527
END
