380.3
381.1
381.9
382.7
383.5
384.4
385.2
386.0
386.8
387.6
388.4
389.2
390.1
390.9
391.7
392.5
393.3
394.1
394.9
395.8
396.6
397.4
398.2
399.0
399.8
400.6
401.5
402.3
403.1
403.9
404.7
405.5
406.3
407.2
408.0
408.8
409.6
410.4
411.2
412.0
412.8
413.7
414.5
415.3
416.1
416.9
417.7
418.5
419.4
420.2
421.0
421.8
422.6
423.4
424.2
425.1
425.9
426.7
427.5
428.3
429.1
429.9
430.8
431.6
432.4
433.2
434.0
434.8
435.6
436.4
437.3
438.1
438.9
439.7
440.5
441.3
442.1
443.0
443.8
444.6
445.4
446.2
447.0
447.8
448.7
449.5
450.3
451.1
451.9
452.7
453.5
454.4
455.2
456.0
456.8
457.6
458.4
459.2
460.0
460.9
461.7
462.5
463.3
464.1
464.9
465.7
466.6
467.4
468.2
469.0
469.8
470.6
471.4
472.3
473.1
473.9
474.7
475.5
476.3
477.1
478.0
478.8
479.6
480.4
481.2
482.0
482.8
483.6
484.5
485.3
486.1
486.9
487.7
488.5
489.3
490.2
491.0
491.8
492.6
493.4
494.2
495.0
495.9
496.7
497.5
498.3
499.1
499.9
500.7
501.6
502.4
503.2
504.0
504.8
505.6
506.4
507.2
508.1
508.9
509.7
510.5
511.3
512.1
512.9
513.7
514.5
515.3
516.1
516.8
517.6
518.4
519.2
520.0
520.8
521.5
522.3
523.1
523.9
524.7
525.5
526.2
527.0
527.8
528.6
529.4
530.2
530.9
531.7
532.5
533.3
534.1
534.9
535.6
536.4
537.2
538.0
538.8
539.6
540.3
541.1
541.9
542.7
543.5
544.3
545.0
545.8
546.6
547.4
548.2
549.0
549.7
550.5
551.3
552.1
552.9
553.7
554.4
555.2
556.0
556.8
557.6
558.4
559.1
559.9
560.7
561.5
562.3
563.1
563.8
564.6
565.4
566.2
567.0
567.8
568.5
569.3
570.1
570.9
571.7
572.5
573.2
574.0
574.8
575.6
576.4
577.2
577.9
578.7
579.5
580.3
581.1
581.9
582.6
583.4
584.2
585.0
585.8
586.6
587.3
588.1
588.9
589.6
590.3
591.1
591.8
592.6
593.3
594.0
594.8
595.5
596.3
597.0
597.7
598.5
599.2
600.0
600.7
601.5
602.2
602.9
603.7
604.4
605.2
605.9
606.6
607.4
608.1
608.9
609.6
610.3
611.1
611.8
612.6
613.3
614.0
614.8
615.5
616.3
617.0
617.7
618.5
619.2
620.0
620.7
621.4
622.2
622.9
623.7
624.4
625.2
625.9
626.6
627.4
628.1
628.9
629.6
630.3
631.1
631.8
632.6
633.3
634.0
634.8
635.5
636.3
637.0
637.7
638.5
639.2
640.0
640.7
641.4
642.2
642.9
643.7
644.4
645.1
645.9
646.6
647.4
648.1
648.8
649.6
650.3
651.1
651.8
652.6
653.3
654.0
654.8
655.5
656.3
657.0
657.7
658.5
659.2
660.0
660.7
661.4
662.2
662.9
663.7
664.4
665.1
665.9
666.6
667.4
668.1
668.9
669.6
670.4
671.2
671.9
672.7
673.4
674.2
674.9
675.7
676.5
677.2
678.0
678.7
679.5
680.2
681.0
681.8
682.5
683.3
684.0
684.8
685.5
686.3
687.1
687.8
688.6
689.3
690.1
690.8
691.6
692.4
693.1
693.9
694.6
695.4
696.1
696.9
697.7
698.4
699.2
699.9
700.7
701.4
702.2
703.0
703.7
704.5
705.2
706.0
706.8
707.6
708.4
709.2
710.0
710.8
711.6
712.4
713.2
714.0
714.8
715.6
716.4
717.2
718.0
718.8
719.6
720.4
721.2
722.0
722.8
723.6
724.4
725.2
726.0
726.8
727.6
728.4
729.2
730.0
730.8
731.6
732.4
733.2
734.0
734.8
735.6
736.4
737.2
738.0
738.8
739.6
740.4
741.2
742.0
742.8
743.6
744.4
745.2
746.0
746.8
747.6
748.4
749.2
750.0
750.8
751.6
752.4
753.2
754.0
754.8
755.6
756.4
757.2
758.0
758.8
759.6
760.4
761.2
762.0
762.8
763.6
764.4
765.2
766.0
766.8
767.6
768.4
769.2
770.0
770.8
771.6
772.4
773.2
774.1
774.9
775.7
776.5
777.3
778.1
778.9
779.7
780.5
781.3
782.1
782.9
783.7
784.5
785.3
786.1
786.9
787.7
788.5
789.3
790.1
790.9
791.7
792.5
793.3
794.1
794.9
795.7
796.5
797.3
798.1
798.9
799.7
800.5
801.3
802.1
802.9
803.7
804.5
805.3
806.1
806.9
807.7
808.5
809.3
810.1
810.9
811.7
812.5
813.3
814.1
814.9
815.7
816.5
817.3
818.1
818.9
819.7
820.5
821.3
822.1
822.9
823.7
824.5
825.3
826.1
826.9
827.7
828.5
829.3
830.1
830.9
831.7
832.6
833.4
834.3
835.1
835.9
836.8
837.6
838.5
839.3
840.2
841.0
841.9
842.7
843.5
844.4
845.2
846.1
846.9
847.8
848.6
849.4
850.3
851.1
852.0
852.8
853.7
854.5
855.3
856.2
857.0
857.9
858.7
859.6
860.4
861.3
862.1
862.9
863.8
864.6
865.5
866.3
867.2
868.0
868.8
869.7
870.5
871.4
872.2
873.1
873.9
874.8
875.6
876.4
877.3
878.1
879.0
879.8
880.7
881.5
882.3
883.2
884.0
884.9
885.7
886.6
887.4
888.2
889.1
889.9
890.8
891.6
892.5
893.3
894.2
895.0
895.8
896.7
897.5
898.4
899.2
NEXT_SERIES
0.342380886976
0.345766837218
0.350983065904
0.35639532237
0.360724612474
0.367183306749
0.377458973318
0.389627621555
0.40252592734
0.418302859083
0.434569412675
0.455047003892
0.474318722543
0.496781886666
0.516070194681
0.536845425064
0.556344432826
0.575195756603
0.590005555961
0.598928436222
0.604981930234
0.605680246185
0.606020434283
0.601463119032
0.596051798485
0.586644572261
0.577081766889
0.567113267897
0.557070175645
0.547773070881
0.540938633395
0.53532679229
0.531365331894
0.527293430437
0.52571056661
0.525323596755
0.524338869623
0.524795591833
0.524494930191
0.526520314815
0.527939750904
0.531077864419
0.533938736737
0.537169889886
0.540409625079
0.544177390806
0.547707009005
0.551513770509
0.555555945038
0.558776442265
0.561618990671
0.562942516695
0.563751800164
0.56423535777
0.565653645368
0.567202625382
0.568175703798
0.568648280677
0.569542866692
0.569052625098
0.568982069717
0.567998584361
0.567622515369
0.565404878219
0.563759016377
0.563937179182
0.563880377762
0.562884907009
0.557823443953
0.554220176944
0.550393541483
0.548610922386
0.544991072629
0.541439991474
0.536435576727
0.531866922061
0.527888558092
0.524526563701
0.521796947787
0.518555800458
0.51513091556
0.510756446655
0.507123984047
0.504402726123
0.500448472014
0.495832227403
0.491032676472
0.486606295828
0.482508247534
0.477612499612
0.474883560469
0.472641602431
0.470337250015
0.465037331907
0.460798181426
0.457145280051
0.45336062104
0.447556029309
0.443268230413
0.440309892111
0.438250666084
0.434687429358
0.431803968386
0.429398839044
0.428250439303
0.426960004692
0.42456026616
0.422453928654
0.419690535293
0.418612989752
0.416509990854
0.416003461881
0.414265635088
0.412936521886
0.411138416912
0.410842926062
0.409894582044
0.408112614255
0.406805818183
0.405365693392
0.404809120326
0.403347023914
0.40282040435
0.4035763172
0.403201482527
0.403930881683
0.403495837655
0.405322503487
0.405170331002
0.405511276183
0.403712480959
0.40329012572
0.402524866136
0.402005914407
0.401169406952
0.401236407394
0.401083211597
0.401094440216
0.400942870127
0.401325487656
0.40077558408
0.40111640063
0.401595162203
0.400743324052
0.400192897742
0.398309558684
0.399650620275
0.39949806684
0.40036365578
0.400422155503
0.399250934658
0.397805868553
0.394924294981
0.392189645815
0.389379825943
0.386318175092
0.384748109181
0.381560662159
0.37989887264
0.377473714337
0.375891823809
0.373045382278
0.370737018578
0.369235151452
0.36746040863
0.363977109642
0.360115585704
0.355287954263
0.351188934446
0.347299442197
0.345540194743
0.344215797809
0.341757926722
0.339456035132
0.335904908026
0.3340372379
0.331530608086
0.331097782935
0.330330633071
0.328749071709
0.327046047277
0.325264972007
0.32446519576
0.32244778411
0.320348662467
0.317756142375
0.314994115713
0.312179944894
0.309915302366
0.307927812851
0.306700723213
0.304485697116
0.304302107767
0.30205507334
0.301772263756
0.29994384849
0.300388786121
0.300016296269
0.299123617965
0.29744086624
0.296099981588
0.295631575961
0.294633705702
0.292709192979
0.290631555788
0.287713360036
0.285507546741
0.282594375506
0.281052040201
0.280171799839
0.278919380359
0.277958894762
0.27553840894
0.274211479064
0.273237892312
0.272731228184
0.271990065338
0.270488607451
0.269770110204
0.26973203406
0.268849470345
0.267439940107
0.265726126673
0.264401710366
0.2616718394
0.259336309632
0.25685809013
0.255973139386
0.254432886819
0.25445336931
0.253297730229
0.252993157236
0.251859708207
0.251454807621
0.250232579565
0.249287447784
0.248476069703
0.24764473974
0.246848964434
0.246042292424
0.24518822793
0.243223148216
0.242441804303
0.241023827793
0.24123663421
0.239241207968
0.238122225201
0.23513379521
0.233522283326
0.232019678567
0.231975050561
0.231334145144
0.230460325935
0.229751355123
0.229396173201
0.229023551762
0.22906756507
0.228452750211
0.227975112304
0.226447012852
0.224949837104
0.223993880008
0.222206832786
0.221666218859
0.219281165622
0.218111831345
0.216147332914
0.21470973264
0.213159324599
0.211354845145
0.210609018218
0.20957697593
0.209221301837
0.2094614582
0.210223733107
0.211554495204
0.211079262409
0.211134763702
0.210732018217
0.211861902236
0.212124705319
0.212316384668
0.211159815406
0.210032508714
0.2095303738
0.208912615203
0.207821317983
0.205821846034
0.204014448497
0.204047294945
0.20319762583
0.202940864625
0.2005416446
0.200465372819
0.200168938309
0.20183499674
0.20161701328
0.201676025468
0.201358167297
0.20235089223
0.204132697716
0.20523857732
0.205899682719
0.206179635071
0.206498518692
0.207410398705
0.206741666054
0.205625329651
0.203744928453
0.20295799214
0.202587575179
0.202491339362
0.20206640187
0.200727630477
0.198385391735
0.196294021826
0.19571889835
0.195052398431
0.19464391985
0.193429625316
0.193830866506
0.193513998248
0.194670207694
0.193942155113
0.194186298473
0.192636810808
0.192506678136
0.191848545451
0.192298238009
0.19130659226
0.191422700617
0.189477056704
0.189800229074
0.188334771416
0.189228289832
0.187580060795
0.187983431455
0.18608783415
0.186170558047
0.184360401971
0.185528098552
0.185503399193
0.187415739792
0.186646996833
0.18757831668
0.186868444543
0.188663297781
0.189220380843
0.189973273191
0.189892682052
0.189475711923
0.190991594476
0.192457406244
0.19539612048
0.196561106028
0.197567354073
0.197311717247
0.198196550436
0.199274085834
0.202796577914
0.204789389717
0.206940588073
0.207303171132
0.209542394403
0.212737203282
0.216733900921
0.220521954727
0.223133025434
0.225548677872
0.228354993118
0.232307588327
0.236309492081
0.240192753062
0.243308660264
0.245581240266
0.246644032271
0.247777662711
0.249579209635
0.251930452984
0.255033146612
0.25663284777
0.256128558721
0.253151365941
0.250867822408
0.250788994822
0.251513790301
0.25240456653
0.250352559887
0.246782339033
0.242066513911
0.238479716013
0.237388317865
0.234740757146
0.233401801951
0.228519730268
0.224936715417
0.21918610085
0.215265417034
0.213335334356
0.211505995934
0.210736059671
0.20757217913
0.20452286363
0.199438139621
0.195391913306
0.193549330529
0.193530128808
0.194103899815
0.192118570187
0.189695657024
0.184950581733
0.182083700952
0.179152491094
0.179428175234
0.179845608481
0.180139344224
0.1793072252
0.176478820659
0.174727813339
0.172664855847
0.172528164103
0.174554002956
0.175273769232
0.177251491885
0.175335625541
0.174914734943
0.173312017813
0.172427457152
0.173746301067
0.175706700174
0.178485827839
0.178841835181
0.177879857015
0.176008957916
0.174020734346
0.17362879822
0.173835848459
0.176246168013
0.177369461697
0.178383878802
0.177110242767
0.175423438224
0.173862547566
0.172674143468
0.173106187426
0.173812843287
0.175200359254
0.175770940036
0.174792945679
0.172799084596
0.171222005681
0.170385574897
0.170154460878
0.170223186651
0.171140985325
0.172703777135
0.172607447581
0.171784264449
0.170118940994
0.169025504395
0.168146974099
0.168415842757
0.170228998647
0.172186898543
0.173045050347
0.171935758664
0.170735365092
0.169902544468
0.170433382867
0.171810740957
0.173657613214
0.175613021188
0.177013446721
0.177085020031
0.176692423378
0.174184951884
0.172725258391
0.171066637327
0.171831374566
0.17295223464
0.17474534592
0.176411270175
0.176886089071
0.176080109786
0.173766283349
0.171343811361
0.169867917906
0.169165744167
0.17034927289
0.171156952653
0.173225384784
0.174065941742
0.174392600882
0.173807193691
0.172132451884
0.171552685013
0.171498835312
0.17211705665
0.173282915736
0.174667143693
0.17625877636
0.177109610659
0.17690117268
0.1770192396
0.175300116951
0.174701752152
0.173457245123
0.175538291221
0.176722974206
0.178920803685
0.180633750378
0.181551633472
0.182190207888
0.181060134127
0.180675455081
0.179741614631
0.180176322919
0.18103457939
0.182831988435
0.183216979555
0.184240250497
0.184270571609
0.184641607933
0.183271239555
0.182292699691
0.180093362337
0.179260508586
0.177839331191
0.178271864583
0.179123187764
0.180382925734
0.181682993968
0.181193232629
0.181568253567
0.181005285947
0.181199024595
0.181063816743
0.182193814296
0.184338513899
0.187103326153
0.189113858508
0.192013503866
0.193879048616
0.195853275031
0.195473800223
0.194404964505
0.193219245847
0.192669437506
0.193129493506
0.192700737639
0.193383512412
0.193881841627
0.195339433646
0.19543664362
0.195177047291
0.193926843735
0.192804518526
0.189945554272
0.187441277642
0.184833569822
0.184863306175
0.185002199542
0.18607952253
0.18757713605
0.189275703157
0.190719280161
0.191024337509
0.191637987815
0.190056836505
0.189028618408
0.18695861622
0.186857552838
0.186528164189
0.187639706274
0.189068476994
0.189255222683
0.190392031694
0.191382583878
0.193153453002
0.193719068339
0.192777589257
0.192107709765
0.19107905462
0.192579780474
0.194029811589
0.196666519694
0.197829453178
0.199608175842
0.200652050456
0.201823119587
0.201483413565
0.200510380038
0.199895373585
0.198504624221
0.197572854774
0.195720877625
0.196081884314
0.195392226326
0.195832366373
0.196079849087
0.197137761164
0.197699719531
0.196444641287
0.195342477008
0.192878252076
0.192494956751
0.190594542897
0.190465273154
0.19008597912
0.190269152394
0.190087492875
0.189719934994
0.190291465128
0.190523761091
0.190537827415
0.189916162777
0.189362670909
0.188029490092
0.187500352023
0.18705001192
0.186749420937
0.186143138844
0.184285427683
0.18419501153
0.183508408665
0.184052258239
0.183443460252
0.183867379979
0.18300608151
0.18274358966
0.18212936683
0.182338835088
0.18080585381
0.179524672341
0.176819845738
0.175850729825
0.172941513231
0.17202443991
0.168189182952
0.166423879293
0.163647967822
0.162193966956
0.159367471489
0.15642198196
0.154337282656
0.153474423206
0.152273845755
0.151033394148
0.148580231013
0.14580484955
0.144335035506
0.142074517834
0.141854074609
0.139275500641
0.137448167336
END
