380.3
381.1
381.9
382.7
383.5
384.4
385.2
386.0
386.8
387.6
388.4
389.2
390.1
390.9
391.7
392.5
393.3
394.1
394.9
395.8
396.6
397.4
398.2
399.0
399.8
400.6
401.5
402.3
403.1
403.9
404.7
405.5
406.3
407.2
408.0
408.8
409.6
410.4
411.2
412.0
412.8
413.7
414.5
415.3
416.1
416.9
417.7
418.5
419.4
420.2
421.0
421.8
422.6
423.4
424.2
425.1
425.9
426.7
427.5
428.3
429.1
429.9
430.8
431.6
432.4
433.2
434.0
434.8
435.6
436.4
437.3
438.1
438.9
439.7
440.5
441.3
442.1
443.0
443.8
444.6
445.4
446.2
447.0
447.8
448.7
449.5
450.3
451.1
451.9
452.7
453.5
454.4
455.2
456.0
456.8
457.6
458.4
459.2
460.0
460.9
461.7
462.5
463.3
464.1
464.9
465.7
466.6
467.4
468.2
469.0
469.8
470.6
471.4
472.3
473.1
473.9
474.7
475.5
476.3
477.1
478.0
478.8
479.6
480.4
481.2
482.0
482.8
483.6
484.5
485.3
486.1
486.9
487.7
488.5
489.3
490.2
491.0
491.8
492.6
493.4
494.2
495.0
495.9
496.7
497.5
498.3
499.1
499.9
500.7
501.6
502.4
503.2
504.0
504.8
505.6
506.4
507.2
508.1
508.9
509.7
510.5
511.3
512.1
512.9
513.7
514.5
515.3
516.1
516.8
517.6
518.4
519.2
520.0
520.8
521.5
522.3
523.1
523.9
524.7
525.5
526.2
527.0
527.8
528.6
529.4
530.2
530.9
531.7
532.5
533.3
534.1
534.9
535.6
536.4
537.2
538.0
538.8
539.6
540.3
541.1
541.9
542.7
543.5
544.3
545.0
545.8
546.6
547.4
548.2
549.0
549.7
550.5
551.3
552.1
552.9
553.7
554.4
555.2
556.0
556.8
557.6
558.4
559.1
559.9
560.7
561.5
562.3
563.1
563.8
564.6
565.4
566.2
567.0
567.8
568.5
569.3
570.1
570.9
571.7
572.5
573.2
574.0
574.8
575.6
576.4
577.2
577.9
578.7
579.5
580.3
581.1
581.9
582.6
583.4
584.2
585.0
585.8
586.6
587.3
588.1
588.9
589.6
590.3
591.1
591.8
592.6
593.3
594.0
594.8
595.5
596.3
597.0
597.7
598.5
599.2
600.0
600.7
601.5
602.2
602.9
603.7
604.4
605.2
605.9
606.6
607.4
608.1
608.9
609.6
610.3
611.1
611.8
612.6
613.3
614.0
614.8
615.5
616.3
617.0
617.7
618.5
619.2
620.0
620.7
621.4
622.2
622.9
623.7
624.4
625.2
625.9
626.6
627.4
628.1
628.9
629.6
630.3
631.1
631.8
632.6
633.3
634.0
634.8
635.5
636.3
637.0
637.7
638.5
639.2
640.0
640.7
641.4
642.2
642.9
643.7
644.4
645.1
645.9
646.6
647.4
648.1
648.8
649.6
650.3
651.1
651.8
652.6
653.3
654.0
654.8
655.5
656.3
657.0
657.7
658.5
659.2
660.0
660.7
661.4
662.2
662.9
663.7
664.4
665.1
665.9
666.6
667.4
668.1
668.9
669.6
670.4
671.2
671.9
672.7
673.4
674.2
674.9
675.7
676.5
677.2
678.0
678.7
679.5
680.2
681.0
681.8
682.5
683.3
684.0
684.8
685.5
686.3
687.1
687.8
688.6
689.3
690.1
690.8
691.6
692.4
693.1
693.9
694.6
695.4
696.1
696.9
697.7
698.4
699.2
699.9
700.7
701.4
702.2
703.0
703.7
704.5
705.2
706.0
706.8
707.6
708.4
709.2
710.0
710.8
711.6
712.4
713.2
714.0
714.8
715.6
716.4
717.2
718.0
718.8
719.6
720.4
721.2
722.0
722.8
723.6
724.4
725.2
726.0
726.8
727.6
728.4
729.2
730.0
730.8
731.6
732.4
733.2
734.0
734.8
735.6
736.4
737.2
738.0
738.8
739.6
740.4
741.2
742.0
742.8
743.6
744.4
745.2
746.0
746.8
747.6
748.4
749.2
750.0
750.8
751.6
752.4
753.2
754.0
754.8
755.6
756.4
757.2
758.0
758.8
759.6
760.4
761.2
762.0
762.8
763.6
764.4
765.2
766.0
766.8
767.6
768.4
769.2
770.0
770.8
771.6
772.4
773.2
774.1
774.9
775.7
776.5
777.3
778.1
778.9
779.7
780.5
781.3
782.1
782.9
783.7
784.5
785.3
786.1
786.9
787.7
788.5
789.3
790.1
790.9
791.7
792.5
793.3
794.1
794.9
795.7
796.5
797.3
798.1
798.9
799.7
800.5
801.3
802.1
802.9
803.7
804.5
805.3
806.1
806.9
807.7
808.5
809.3
810.1
810.9
811.7
812.5
813.3
814.1
814.9
815.7
816.5
817.3
818.1
818.9
819.7
820.5
821.3
822.1
822.9
823.7
824.5
825.3
826.1
826.9
827.7
828.5
829.3
830.1
830.9
831.7
832.6
833.4
834.3
835.1
835.9
836.8
837.6
838.5
839.3
840.2
841.0
841.9
842.7
843.5
844.4
845.2
846.1
846.9
847.8
848.6
849.4
850.3
851.1
852.0
852.8
853.7
854.5
855.3
856.2
857.0
857.9
858.7
859.6
860.4
861.3
862.1
862.9
863.8
864.6
865.5
866.3
867.2
868.0
868.8
869.7
870.5
871.4
872.2
873.1
873.9
874.8
875.6
876.4
877.3
878.1
879.0
879.8
880.7
881.5
882.3
883.2
884.0
884.9
885.7
886.6
887.4
888.2
889.1
889.9
890.8
891.6
892.5
893.3
894.2
895.0
895.8
896.7
897.5
898.4
899.2
NEXT_SERIES
0.0349931675927
0.0340996847038
0.0328694602428
0.0312024311086
0.0300333115419
0.0299754400013
0.0342641002525
0.0388710582288
0.0466621300805
0.0544701846146
0.0656774879417
0.0751238604849
0.0848108473176
0.0957384794285
0.107895274752
0.120035530897
0.131306834062
0.140182851038
0.148030424276
0.15275242244
0.155200181457
0.154568804311
0.153631323581
0.15075055657
0.14690894202
0.140160134409
0.134560279817
0.128987123925
0.124986306978
0.121656650035
0.119276960465
0.117651373979
0.116371394867
0.116342913636
0.116890410223
0.118598002788
0.120141414128
0.121921006526
0.123418904429
0.125663683472
0.128309464296
0.131027112804
0.133993038408
0.137421678455
0.14147900422
0.144917271179
0.147762474197
0.150859721979
0.15439405448
0.157430465907
0.159798215812
0.161721554163
0.163661054459
0.164654362337
0.166007079206
0.16676111489
0.168420719546
0.168993924478
0.170455832067
0.170413582167
0.170772322907
0.170574055926
0.170584509894
0.169814225591
0.167891948974
0.167309656524
0.165958996022
0.164653911463
0.162220779943
0.16047216786
0.159249119997
0.157180238345
0.154598587018
0.151781783596
0.14858249815
0.145832340347
0.143051969384
0.141456513246
0.139843940945
0.137982844871
0.135249084292
0.132588639605
0.129910072889
0.128702085581
0.126648716414
0.124742218324
0.122515739438
0.12106669143
0.119715463336
0.11798538069
0.115274760213
0.113032096545
0.110805478005
0.109645576542
0.108118831624
0.105581304924
0.103670248228
0.100779566779
0.0996310817023
0.0966569095694
0.0955433103007
0.0926588162429
0.0911244528339
0.0897525336226
0.0888932426367
0.0884088689364
0.0866008153175
0.0856875460209
0.0839451052386
0.083666049525
0.0822951037957
0.0813017657273
0.0792821963942
0.07870966488
0.0784623709742
0.0788929654556
0.0781241829698
0.0773913172442
0.0767138818529
0.0760323440732
0.0755915764037
0.0749895420199
0.0751487417194
0.0751138684076
0.0748703477722
0.0753257515769
0.0760629605428
0.0763001690339
0.0761487790517
0.0756167149544
0.0758320193785
0.075614644629
0.0752069807056
0.0749350945168
0.0747592408305
0.0748805994486
0.075128339217
0.076978391644
0.0778286694382
0.0790452982106
0.0790629961483
0.0806028111746
0.0810366017572
0.0815319650188
0.0813627292469
0.0821643963299
0.0832694008168
0.0855156298079
0.0858843356763
0.087245572546
0.0871878047795
0.0877623267482
0.087613258953
0.0864478816703
0.0862708918673
0.0858916527383
0.0864983105658
0.0856884660908
0.0848135668047
0.0845685659766
0.0847846200765
0.0844337055642
0.0837452756434
0.0838765117537
0.0835763803014
0.0828544580855
0.0816847313544
0.0814759435752
0.0805093744445
0.0801690609695
0.0788077991133
0.0778306268604
0.0769008752935
0.0768163435133
0.0769308343375
0.0760780408758
0.0748870340094
0.0748428744327
0.074952707182
0.0754183640126
0.0752362575708
0.0751907847302
0.0743334290967
0.0736503284814
0.0730457181999
0.072548612572
0.0715436155574
0.0710695995183
0.0704917187754
0.0703797434188
0.0698223519616
0.0695486839025
0.0697278239595
0.0689760678274
0.068834548959
0.0675782171529
0.0675450435546
0.0673139296553
0.0670973911455
0.0667969852345
0.0665290806924
0.0665012599361
0.06681834066
0.0661430091991
0.0660906904379
0.0644420901536
0.0632466849892
0.0617465588679
0.0608998317829
0.0609100766059
0.0601380794182
0.0592891325877
0.058545915837
0.0584548473581
0.0586866175138
0.057428147508
0.0562303553314
0.0555378814811
0.0557738254207
0.0562469988486
0.0555375486082
0.0545688393745
0.054005273262
0.0536190503259
0.0524711384315
0.0513132683053
0.0503128156773
0.04969122654
0.0485857648521
0.0479297024513
0.0474696246504
0.0473290059187
0.0473324095379
0.0470242446766
0.0458156203136
0.0447379096479
0.0447306341749
0.0447439617957
0.04395862712
0.0423160077724
0.0416924000104
0.0413713069965
0.0409498442715
0.039754226866
0.0388612810726
0.0380335348048
0.0377382663222
0.0369058514422
0.0365295815381
0.0344550782794
0.0336517358041
0.0328960699229
0.0332883887844
0.032616215428
0.0317910272947
0.0310618365694
0.0310774903629
0.0303388420488
0.0301541007542
0.0289812280637
0.0282386740671
0.0272481296474
0.0261313946845
0.0258604303722
0.0250187715884
0.0244101268595
0.0228155015035
0.0218010985949
0.020964503759
0.0208165350818
0.0201579937376
0.0192212462022
0.0183298456957
0.0181163755825
0.0189935735146
0.0189945487401
0.0187466075396
0.0176041570637
0.0177309504233
0.0181833474652
0.0191448625707
0.0187756526058
0.0180216607981
0.017005876336
0.0172166062848
0.0168201680725
0.0157045070646
0.0139862692441
0.0127758776074
0.0136143214955
0.0133421249949
0.0128916572242
0.0105894071294
0.0100965561001
0.00999333472658
0.0109586210651
0.0106352518367
0.010235198568
0.00930640420155
0.0100197022233
0.0105135389094
0.0108883741843
0.0102735138564
0.0101803574728
0.0105070805222
0.0115272958116
0.0108517301674
0.00929620691966
0.00736810545288
0.00713385581643
0.00788512644412
0.00798408530808
0.0074050278309
0.00560818197625
0.0042358527639
0.00335086898803
0.00370604160296
0.00402441923394
0.00373165078711
0.0031578218288
0.00292944844361
0.00328416676993
0.00388899812266
0.00334425955762
0.00276103111841
0.00147616982995
0.00203396864056
0.00256645302686
0.00379301986944
0.00279433423361
0.00247329311386
0.000922403015827
0.00127960926097
0.000993508140775
0.00196139452606
0.00119157972389
0.000889497573418
-0.000275578211388
0.000501641641375
0.00043483825336
0.00110339045737
0.00029867353763
0.000622981992032
0.000104880498905
0.000819853587815
0.00071828104021
0.00135395938255
0.00109772191212
0.000492952570501
-1.27200444533e-06
-0.000704918186529
4.89137798678e-05
0.000611771226672
0.00155877806412
0.000814398300228
0.000336716714329
-0.000255685829451
0.000173670800325
5.88617617889e-05
0.000714525685583
9.35548980436e-05
-0.000233263495399
-0.00099725426344
-0.000670385924159
1.15640066627e-05
0.00120467364136
0.00187127995338
0.00228583244195
0.00180034024416
0.00216758831753
0.00273411507782
0.00393179359351
0.00501471071875
0.00521095436432
0.004703482947
0.00366213607673
0.00370272901262
0.00477091115916
0.00547204194173
0.00611555877304
0.00527466494219
0.00440585832073
0.00321113389492
0.00284592929604
0.00397966194479
0.00461265834234
0.00539314071236
0.00430383259317
0.00318452201318
0.00230518610863
0.00217203441028
0.00353176837062
0.00396261826738
0.00428098760905
0.00365274158273
0.0030319141084
0.00265295100191
0.00226799564528
0.00302882688543
0.00391129911219
0.00469923232944
0.00496306285229
0.00469276143986
0.00371503583541
0.0033159693081
0.00372931073738
0.00470778969874
0.00604960926636
0.0058477535127
0.00530410337809
0.00318678701195
0.00238996537356
0.00190772000798
0.00317021922643
0.00419284127415
0.00496751989299
0.00413670957256
0.00283340208442
0.0023716015988
0.00213775553137
0.002880960415
0.00391188296981
0.00503708493554
0.0057711267913
0.00543630273243
0.00554777144969
0.00518689007819
0.00539696517663
0.00569989823927
0.00709066411383
0.00805402165955
0.0087819599066
0.00862151594293
0.00825343535742
0.0073592585983
0.0073540380813
0.00764051091473
0.00876316082382
0.00884763203901
0.00957665422605
0.00888017570297
0.00875416270679
0.00734200201559
0.00723127880693
0.00695485773268
0.00783566228014
0.00835451362539
0.00912370983315
0.00919047405626
0.00854869911644
0.00782867621261
0.00697605158851
0.00698691488637
0.00723442667658
0.00800271495297
0.00924048613996
0.00918294159318
0.00895082431285
0.00795979722697
0.00770864757481
0.00746435687446
0.00768189274078
0.00880406900402
0.00979324242156
0.0103791248505
0.00995056355465
0.00957183146847
0.00912291385943
0.00883048602955
0.00900601402844
0.0100182694227
0.0111633089136
0.0124808611269
0.0126596259384
0.0129817806401
0.011710985557
0.011009741489
0.0103248336824
0.0110795294534
0.0117698638381
0.0127319176499
0.013305254444
0.0139839082816
0.0137628430703
0.01322229067
0.0119421660166
0.0115102456926
0.011541818744
0.0123100488612
0.0132201382844
0.0145183810855
0.0151027806905
0.0146827674337
0.0138650321981
0.0132173139618
0.0133324205003
0.0139808482544
0.0149100935041
0.0156033728264
0.0154917093771
0.0159389088197
0.0159508281387
0.0161603272383
0.0159155174893
0.0151953366649
0.0153011225572
0.0153173909082
0.0165195383138
0.0167504563673
0.0172393313257
0.0185918822982
0.0189549367788
0.0196203978608
0.0181593250097
0.0179298526959
0.0179008669187
0.0184843444116
0.0192415693596
0.0192920234212
0.0198207333071
0.0204455063322
0.0203690303158
0.0202919349352
0.0195711594015
0.0191918002368
0.0184960006764
0.0181636739533
0.0182560649839
0.018227884958
0.0185421522917
0.0186753422504
0.0196322706304
0.019508095538
0.0201321431878
0.0201767701868
0.0201216021723
0.0205781914615
0.0208897571987
0.0225396397812
0.023607499931
0.0245323194709
0.0257148805887
0.0262319920053
0.0271049457693
0.0276660177334
0.0276070656896
0.0277540195443
0.0269221515047
0.0271595649111
0.0263933734629
0.0261700947157
0.0261175503201
0.0270358358623
0.0275480274253
0.0275199748325
0.0270489743258
0.0266834343587
0.0262125970386
0.0248824003361
0.0241681859334
0.023578847782
0.0242373323241
0.024196145847
0.0248978456763
0.0260648583654
0.0277171046375
0.0285578940968
0.02840526421
0.0270927293429
0.0265820064943
0.0262144953613
0.0268198821256
0.0268289338176
0.0272761788428
0.0282212091632
0.0282211145673
0.0285558190251
0.0288351844062
0.0298065037229
0.0307647532106
0.0303466011907
0.0298340888961
0.029139918174
0.0302010201334
0.0310223791723
0.0317704715225
0.031962735021
0.0329181795064
0.0334324807972
0.0337290435546
0.0337107498994
0.0336825439789
0.0335304479242
0.0327004556042
0.0320687450823
0.0313929821984
0.0314703204594
0.0313467119733
0.0308623412303
0.0307483354502
0.0304250752822
0.0311073429492
0.0308702049958
0.0309072308526
0.0290356579544
0.0288406852101
0.0279510322633
0.0288011672493
0.028207846341
0.0281598417727
0.0279905667025
0.0281081329565
0.0283549910503
0.0277151317318
0.0280670923598
0.0280063940191
0.0284399468035
0.0282258767957
0.0279089178258
0.0276574563418
0.0271216226367
0.0270844995268
0.0263817888848
0.0254193268028
0.0251563210262
0.0255107177486
0.0256742278008
0.0248638087535
0.0241627048825
0.0239915385835
0.0243816085857
0.0242273993293
0.0239866734291
0.0236469532963
0.0231467099436
0.0219643396701
0.0207596278076
0.0208018745206
0.0193958205781
0.0184713078842
0.0164880036517
0.0166144300652
0.015660905245
0.0148597295663
0.0139739094349
0.012491331957
0.0114402911765
0.0105017661181
0.0109212555062
0.010939370395
0.0105938455984
0.00923602362087
0.00909938498552
0.00847439636984
0.00825209684151
END
