380.3
381.1
381.9
382.7
383.5
384.4
385.2
386.0
386.8
387.6
388.4
389.2
390.1
390.9
391.7
392.5
393.3
394.1
394.9
395.8
396.6
397.4
398.2
399.0
399.8
400.6
401.5
402.3
403.1
403.9
404.7
405.5
406.3
407.2
408.0
408.8
409.6
410.4
411.2
412.0
412.8
413.7
414.5
415.3
416.1
416.9
417.7
418.5
419.4
420.2
421.0
421.8
422.6
423.4
424.2
425.1
425.9
426.7
427.5
428.3
429.1
429.9
430.8
431.6
432.4
433.2
434.0
434.8
435.6
436.4
437.3
438.1
438.9
439.7
440.5
441.3
442.1
443.0
443.8
444.6
445.4
446.2
447.0
447.8
448.7
449.5
450.3
451.1
451.9
452.7
453.5
454.4
455.2
456.0
456.8
457.6
458.4
459.2
460.0
460.9
461.7
462.5
463.3
464.1
464.9
465.7
466.6
467.4
468.2
469.0
469.8
470.6
471.4
472.3
473.1
473.9
474.7
475.5
476.3
477.1
478.0
478.8
479.6
480.4
481.2
482.0
482.8
483.6
484.5
485.3
486.1
486.9
487.7
488.5
489.3
490.2
491.0
491.8
492.6
493.4
494.2
495.0
495.9
496.7
497.5
498.3
499.1
499.9
500.7
501.6
502.4
503.2
504.0
504.8
505.6
506.4
507.2
508.1
508.9
509.7
510.5
511.3
512.1
512.9
513.7
514.5
515.3
516.1
516.8
517.6
518.4
519.2
520.0
520.8
521.5
522.3
523.1
523.9
524.7
525.5
526.2
527.0
527.8
528.6
529.4
530.2
530.9
531.7
532.5
533.3
534.1
534.9
535.6
536.4
537.2
538.0
538.8
539.6
540.3
541.1
541.9
542.7
543.5
544.3
545.0
545.8
546.6
547.4
548.2
549.0
549.7
550.5
551.3
552.1
552.9
553.7
554.4
555.2
556.0
556.8
557.6
558.4
559.1
559.9
560.7
561.5
562.3
563.1
563.8
564.6
565.4
566.2
567.0
567.8
568.5
569.3
570.1
570.9
571.7
572.5
573.2
574.0
574.8
575.6
576.4
577.2
577.9
578.7
579.5
580.3
581.1
581.9
582.6
583.4
584.2
585.0
585.8
586.6
587.3
588.1
588.9
589.6
590.3
591.1
591.8
592.6
593.3
594.0
594.8
595.5
596.3
597.0
597.7
598.5
599.2
600.0
600.7
601.5
602.2
602.9
603.7
604.4
605.2
605.9
606.6
607.4
608.1
608.9
609.6
610.3
611.1
611.8
612.6
613.3
614.0
614.8
615.5
616.3
617.0
617.7
618.5
619.2
620.0
620.7
621.4
622.2
622.9
623.7
624.4
625.2
625.9
626.6
627.4
628.1
628.9
629.6
630.3
631.1
631.8
632.6
633.3
634.0
634.8
635.5
636.3
637.0
637.7
638.5
639.2
640.0
640.7
641.4
642.2
642.9
643.7
644.4
645.1
645.9
646.6
647.4
648.1
648.8
649.6
650.3
651.1
651.8
652.6
653.3
654.0
654.8
655.5
656.3
657.0
657.7
658.5
659.2
660.0
660.7
661.4
662.2
662.9
663.7
664.4
665.1
665.9
666.6
667.4
668.1
668.9
669.6
670.4
671.2
671.9
672.7
673.4
674.2
674.9
675.7
676.5
677.2
678.0
678.7
679.5
680.2
681.0
681.8
682.5
683.3
684.0
684.8
685.5
686.3
687.1
687.8
688.6
689.3
690.1
690.8
691.6
692.4
693.1
693.9
694.6
695.4
696.1
696.9
697.7
698.4
699.2
699.9
700.7
701.4
702.2
703.0
703.7
704.5
705.2
706.0
706.8
707.6
708.4
709.2
710.0
710.8
711.6
712.4
713.2
714.0
714.8
715.6
716.4
717.2
718.0
718.8
719.6
720.4
721.2
722.0
722.8
723.6
724.4
725.2
726.0
726.8
727.6
728.4
729.2
730.0
730.8
731.6
732.4
733.2
734.0
734.8
735.6
736.4
737.2
738.0
738.8
739.6
740.4
741.2
742.0
742.8
743.6
744.4
745.2
746.0
746.8
747.6
748.4
749.2
750.0
750.8
751.6
752.4
753.2
754.0
754.8
755.6
756.4
757.2
758.0
758.8
759.6
760.4
761.2
762.0
762.8
763.6
764.4
765.2
766.0
766.8
767.6
768.4
769.2
770.0
770.8
771.6
772.4
773.2
774.1
774.9
775.7
776.5
777.3
778.1
778.9
779.7
780.5
781.3
782.1
782.9
783.7
784.5
785.3
786.1
786.9
787.7
788.5
789.3
790.1
790.9
791.7
792.5
793.3
794.1
794.9
795.7
796.5
797.3
798.1
798.9
799.7
800.5
801.3
802.1
802.9
803.7
804.5
805.3
806.1
806.9
807.7
808.5
809.3
810.1
810.9
811.7
812.5
813.3
814.1
814.9
815.7
816.5
817.3
818.1
818.9
819.7
820.5
821.3
822.1
822.9
823.7
824.5
825.3
826.1
826.9
827.7
828.5
829.3
830.1
830.9
831.7
832.6
833.4
834.3
835.1
835.9
836.8
837.6
838.5
839.3
840.2
841.0
841.9
842.7
843.5
844.4
845.2
846.1
846.9
847.8
848.6
849.4
850.3
851.1
852.0
852.8
853.7
854.5
855.3
856.2
857.0
857.9
858.7
859.6
860.4
861.3
862.1
862.9
863.8
864.6
865.5
866.3
867.2
868.0
868.8
869.7
870.5
871.4
872.2
873.1
873.9
874.8
875.6
876.4
877.3
878.1
879.0
879.8
880.7
881.5
882.3
883.2
884.0
884.9
885.7
886.6
887.4
888.2
889.1
889.9
890.8
891.6
892.5
893.3
894.2
895.0
895.8
896.7
897.5
898.4
899.2
NEXT_SERIES
0.174280296444
0.173054290224
0.171936540019
0.171715897077
0.173854640047
0.177397363664
0.185544548165
0.195178957406
0.208653776454
0.223737384307
0.24182012038
0.257402841557
0.276524306885
0.294950306269
0.312837648462
0.327591909406
0.340435423548
0.353969051919
0.364572288395
0.372241456712
0.375653528434
0.375053791258
0.372536267631
0.367347456518
0.360980352873
0.353413021155
0.346852903044
0.339637695736
0.332668041984
0.325119772304
0.319669274059
0.315487371703
0.313161575824
0.312104886344
0.311433004254
0.311139750092
0.311384056054
0.312473759046
0.314526520852
0.316788069876
0.318875354799
0.322343845622
0.325843882937
0.331190905567
0.335007753113
0.339268534197
0.341660804155
0.344438213543
0.347686420107
0.35165222498
0.354863647378
0.356772542688
0.358105016122
0.359509555561
0.360746878023
0.36147111032
0.362636364662
0.363977215279
0.365504476789
0.366099538035
0.366304750196
0.365826916989
0.364671668412
0.362775336653
0.361454298323
0.360696011504
0.359351163484
0.356578024279
0.354077294501
0.35234529003
0.35045506557
0.347677641376
0.344407622152
0.341196296279
0.337118713065
0.334263256452
0.331226022081
0.328582467333
0.325090707822
0.321291084788
0.318201432345
0.314848916075
0.312306392343
0.309428258792
0.306052035908
0.302727401872
0.300097671884
0.297426674174
0.295047296873
0.292418423084
0.289696004296
0.287249978989
0.283820778952
0.281413868613
0.278594755768
0.275474689142
0.271885772973
0.268389677687
0.265409614456
0.262421682883
0.259891344366
0.257278243672
0.254897802144
0.252944101037
0.250987571948
0.249749498151
0.24784831385
0.24691982644
0.245651332539
0.244783369583
0.243752924898
0.242492671723
0.241437399504
0.241058007657
0.240612312714
0.240344268148
0.240159351471
0.239505232464
0.238768421739
0.236994344288
0.235365163301
0.234471134307
0.234300664516
0.234776878957
0.234310273208
0.23441477382
0.233543431584
0.233543686289
0.233926819558
0.234706887783
0.23565152224
0.233805823673
0.232811441657
0.231158690581
0.231165081707
0.231841161309
0.232721099417
0.234515121036
0.235097765796
0.234836695316
0.234470609242
0.235367383193
0.236110176665
0.236670255264
0.2360431018
0.236283142916
0.23595263471
0.23743153454
0.23805030084
0.239977569403
0.239456655031
0.238703494546
0.237234260057
0.235090685168
0.233448540169
0.231185961346
0.23029055683
0.229131133374
0.228514265348
0.227618637421
0.227493256442
0.22571881699
0.224716784772
0.224104569629
0.223583314882
0.221788526392
0.219620297614
0.217141342735
0.214899281642
0.212635892919
0.211575793398
0.210289475822
0.207915979495
0.206863665365
0.205957378649
0.205544587172
0.204064113855
0.203721439404
0.203949755238
0.203962620136
0.203307463113
0.202701825858
0.20167534567
0.200406023694
0.198442215122
0.197144869
0.195927915319
0.194740935459
0.193037330927
0.191374838678
0.190768977095
0.19020882244
0.190613575839
0.190317316452
0.190500178979
0.189627777694
0.188868372075
0.188955430682
0.188925559684
0.188147024183
0.187453066847
0.187132651934
0.186711351245
0.184698259286
0.183743705
0.182630693454
0.181690997619
0.179376813818
0.177585955149
0.176283148119
0.175650773363
0.174912215367
0.173615987944
0.17237812236
0.171903979762
0.172074811541
0.171219205947
0.171009538718
0.170189418777
0.170758321281
0.169483239246
0.169020366951
0.168163252376
0.167295187061
0.165196367672
0.163598814686
0.162136435567
0.161388105299
0.160107002209
0.159201491004
0.157997097396
0.157738714631
0.157390919506
0.157266173477
0.156464529277
0.155692781426
0.155784700935
0.155334607654
0.1548473767
0.153735844099
0.152887972645
0.152451700086
0.152047788983
0.150881157948
0.149724227034
0.148300204304
0.147122167745
0.145871733341
0.144515039706
0.143817877326
0.143387750583
0.143313835316
0.142895013333
0.142446516372
0.142073190024
0.141438890587
0.141436774356
0.140192087953
0.139624435081
0.138183696599
0.137160223406
0.13674567259
0.13543518737
0.135137568038
0.133155462833
0.131946593265
0.130387371948
0.129795108417
0.12891327096
0.127891625261
0.126814218006
0.125643171603
0.124623981612
0.124752002751
0.125553659307
0.126955078138
0.126564995273
0.126245463254
0.125973862542
0.127369772443
0.128014687801
0.127752315098
0.125880026736
0.125020135531
0.125209769636
0.12511881132
0.123688519684
0.12154169126
0.120308885828
0.120874757399
0.120314870747
0.119894526613
0.117369816163
0.116982019246
0.11637796266
0.11751080964
0.117606370791
0.117874936962
0.117644374466
0.118441307889
0.119302891471
0.120734516002
0.120513547069
0.120387601761
0.11995697891
0.121462765129
0.121190199188
0.120308556594
0.118258289138
0.117570717627
0.117429435952
0.116842222491
0.115686607656
0.114110198701
0.112523917858
0.111720072378
0.111592847774
0.111641712961
0.110855555619
0.109956200749
0.109348221336
0.109894480408
0.11077475886
0.110506244277
0.110001180171
0.108665926238
0.10890020818
0.108608061902
0.10957733862
0.108307748311
0.108173790096
0.106645678461
0.10759956396
0.106783452478
0.107110860126
0.105555326084
0.105850183436
0.103799546665
0.104162808662
0.103388012553
0.105174698177
0.10477979983
0.105732842397
0.104539253998
0.105695457517
0.104115819574
0.105170947977
0.105185999913
0.105816585503
0.104845730858
0.103872264576
0.104899894523
0.106507692693
0.10809196517
0.108568189976
0.108426030323
0.107262248657
0.107680455879
0.108132049998
0.110734836451
0.111191337342
0.112073873918
0.11179908226
0.112871627396
0.11487807248
0.117655146813
0.119967277964
0.120834750787
0.121200334448
0.122102907804
0.12424447632
0.126971380934
0.129951932833
0.131630169197
0.132314667396
0.131502220891
0.131905489292
0.132744153791
0.13440259735
0.136317101959
0.136882686332
0.13626005257
0.133920960688
0.132767475597
0.132954131299
0.133348189294
0.133127537032
0.131125573996
0.128693363633
0.126536986939
0.124626369978
0.125097376265
0.123698815781
0.123904634425
0.121125439545
0.119337953047
0.116031086194
0.114299894516
0.114367910464
0.114610099426
0.114758379267
0.112937743842
0.111367994997
0.108053523699
0.106303910548
0.105379844369
0.106214695134
0.107075542499
0.10619632757
0.104747595786
0.100879803048
0.0987685008304
0.0970251747906
0.0980647937972
0.0991640748505
0.0993109819768
0.0981807215349
0.0957889555239
0.0950232737861
0.0939174853575
0.0942609689517
0.0955710163755
0.096568387646
0.0979060374284
0.0964998677656
0.0963631371818
0.0951267379197
0.0951201276513
0.0965591890843
0.0982833558481
0.0998218506006
0.0992901029889
0.0984869113031
0.0974754135853
0.096144062781
0.0955478324534
0.0956326138317
0.0976657945863
0.0986963592075
0.0994841123378
0.098060206019
0.0969957475811
0.0952004883412
0.095161948295
0.0952228840841
0.0962470765179
0.0968342150301
0.0972396346723
0.0965865556414
0.095038086398
0.0935312647675
0.0927466949376
0.0924691179999
0.0929588777746
0.0937437274737
0.0951866878315
0.0950890117641
0.0941039843738
0.0923491242705
0.0911563519714
0.090972279401
0.0911172995275
0.0927744113108
0.0942163222956
0.094645715097
0.093838561246
0.0929071472119
0.0922792607757
0.0921111315704
0.0923587714775
0.0935239149848
0.0952769100223
0.0965674685554
0.097215405912
0.0970168222914
0.0952471329529
0.0936598645654
0.0923345480314
0.0930386983078
0.0941674832577
0.0957416459817
0.0961520032883
0.0963634730629
0.0956623289792
0.0944060841594
0.0924323877584
0.0916268363977
0.0919789940869
0.0930973493689
0.0940572179795
0.095229187286
0.0959699883265
0.0948261185733
0.0934544311322
0.0923424555834
0.0920458783378
0.0922982823903
0.0924223285619
0.0937548457174
0.0949666159902
0.0960814907826
0.0962296574744
0.096154171927
0.0960672407663
0.0950755540268
0.0950534003157
0.0943325793707
0.0961375755722
0.0967937489568
0.0983031132347
0.0994409342325
0.0999996274391
0.100677440383
0.0993754418452
0.0985464260255
0.0977359711395
0.0985852967975
0.0996878126592
0.100985103607
0.101034370296
0.10236799673
0.102576056826
0.103478981568
0.101498709334
0.100899038137
0.098709254214
0.0984496996762
0.0975411601956
0.0978158662496
0.0989570598187
0.0997355867972
0.101277687901
0.100460695891
0.100923291424
0.100193252
0.100277126037
0.100069822098
0.100788281475
0.102962600173
0.104925104789
0.106971874656
0.108833046374
0.110430094102
0.112205678216
0.112238168662
0.111552333326
0.110084418993
0.109241970742
0.109176989116
0.108701452551
0.108790272656
0.109626644387
0.110604112205
0.111389117149
0.111244474895
0.110534804525
0.109422589848
0.107282710042
0.105553844493
0.103995398596
0.103750372891
0.104152497669
0.104824656015
0.105891875782
0.107437021158
0.108627260612
0.108999591827
0.108064629807
0.106688893697
0.105997629678
0.105705574434
0.105448400378
0.105268315944
0.105559985646
0.106362973023
0.106755640193
0.108350100808
0.110311810984
0.111034569681
0.111050773783
0.109808595144
0.109352868038
0.108854237289
0.109633084057
0.110846336774
0.11174960501
0.112900754422
0.11447832056
0.115978043187
0.116763308223
0.116970626216
0.115946039838
0.115949937727
0.114278254278
0.114593678415
0.113529838949
0.113511767924
0.112488495021
0.111568870455
0.112180407772
0.112104479192
0.113026095237
0.112018095911
0.111272386201
0.10887521856
0.107815434356
0.106264745601
0.106387170688
0.106620695425
0.106966639056
0.107304751511
0.107252383936
0.108220792519
0.108454528521
0.108379685852
0.107516360772
0.106936168366
0.106255665984
0.10641499622
0.105440406458
0.105099557042
0.1043798923
0.103712343066
0.103094338646
0.102589400447
0.102370327068
0.101868007462
0.101378595714
0.101717743497
0.101842381765
0.101410985229
0.100104119366
0.0985454022666
0.0969111551975
0.095316168982
0.0932627158821
0.0916489373019
0.0904910111969
0.088524686215
0.0867369181303
0.0844935026071
0.0832229058755
0.0813351625091
0.0788989615223
0.0770402568345
0.0749875519581
0.0746704867078
0.0734381628444
0.07312274473
0.0703291236497
0.0685950450165
0.0669291818462
0.0671041269834
0.0666884366736
0.0644096968463
END
