380.3
381.1
381.9
382.7
383.5
384.4
385.2
386.0
386.8
387.6
388.4
389.2
390.1
390.9
391.7
392.5
393.3
394.1
394.9
395.8
396.6
397.4
398.2
399.0
399.8
400.6
401.5
402.3
403.1
403.9
404.7
405.5
406.3
407.2
408.0
408.8
409.6
410.4
411.2
412.0
412.8
413.7
414.5
415.3
416.1
416.9
417.7
418.5
419.4
420.2
421.0
421.8
422.6
423.4
424.2
425.1
425.9
426.7
427.5
428.3
429.1
429.9
430.8
431.6
432.4
433.2
434.0
434.8
435.6
436.4
437.3
438.1
438.9
439.7
440.5
441.3
442.1
443.0
443.8
444.6
445.4
446.2
447.0
447.8
448.7
449.5
450.3
451.1
451.9
452.7
453.5
454.4
455.2
456.0
456.8
457.6
458.4
459.2
460.0
460.9
461.7
462.5
463.3
464.1
464.9
465.7
466.6
467.4
468.2
469.0
469.8
470.6
471.4
472.3
473.1
473.9
474.7
475.5
476.3
477.1
478.0
478.8
479.6
480.4
481.2
482.0
482.8
483.6
484.5
485.3
486.1
486.9
487.7
488.5
489.3
490.2
491.0
491.8
492.6
493.4
494.2
495.0
495.9
496.7
497.5
498.3
499.1
499.9
500.7
501.6
502.4
503.2
504.0
504.8
505.6
506.4
507.2
508.1
508.9
509.7
510.5
511.3
512.1
512.9
513.7
514.5
515.3
516.1
516.8
517.6
518.4
519.2
520.0
520.8
521.5
522.3
523.1
523.9
524.7
525.5
526.2
527.0
527.8
528.6
529.4
530.2
530.9
531.7
532.5
533.3
534.1
534.9
535.6
536.4
537.2
538.0
538.8
539.6
540.3
541.1
541.9
542.7
543.5
544.3
545.0
545.8
546.6
547.4
548.2
549.0
549.7
550.5
551.3
552.1
552.9
553.7
554.4
555.2
556.0
556.8
557.6
558.4
559.1
559.9
560.7
561.5
562.3
563.1
563.8
564.6
565.4
566.2
567.0
567.8
568.5
569.3
570.1
570.9
571.7
572.5
573.2
574.0
574.8
575.6
576.4
577.2
577.9
578.7
579.5
580.3
581.1
581.9
582.6
583.4
584.2
585.0
585.8
586.6
587.3
588.1
588.9
589.6
590.3
591.1
591.8
592.6
593.3
594.0
594.8
595.5
596.3
597.0
597.7
598.5
599.2
600.0
600.7
601.5
602.2
602.9
603.7
604.4
605.2
605.9
606.6
607.4
608.1
608.9
609.6
610.3
611.1
611.8
612.6
613.3
614.0
614.8
615.5
616.3
617.0
617.7
618.5
619.2
620.0
620.7
621.4
622.2
622.9
623.7
624.4
625.2
625.9
626.6
627.4
628.1
628.9
629.6
630.3
631.1
631.8
632.6
633.3
634.0
634.8
635.5
636.3
637.0
637.7
638.5
639.2
640.0
640.7
641.4
642.2
642.9
643.7
644.4
645.1
645.9
646.6
647.4
648.1
648.8
649.6
650.3
651.1
651.8
652.6
653.3
654.0
654.8
655.5
656.3
657.0
657.7
658.5
659.2
660.0
660.7
661.4
662.2
662.9
663.7
664.4
665.1
665.9
666.6
667.4
668.1
668.9
669.6
670.4
671.2
671.9
672.7
673.4
674.2
674.9
675.7
676.5
677.2
678.0
678.7
679.5
680.2
681.0
681.8
682.5
683.3
684.0
684.8
685.5
686.3
687.1
687.8
688.6
689.3
690.1
690.8
691.6
692.4
693.1
693.9
694.6
695.4
696.1
696.9
697.7
698.4
699.2
699.9
700.7
701.4
702.2
703.0
703.7
704.5
705.2
706.0
706.8
707.6
708.4
709.2
710.0
710.8
711.6
712.4
713.2
714.0
714.8
715.6
716.4
717.2
718.0
718.8
719.6
720.4
721.2
722.0
722.8
723.6
724.4
725.2
726.0
726.8
727.6
728.4
729.2
730.0
730.8
731.6
732.4
733.2
734.0
734.8
735.6
736.4
737.2
738.0
738.8
739.6
740.4
741.2
742.0
742.8
743.6
744.4
745.2
746.0
746.8
747.6
748.4
749.2
750.0
750.8
751.6
752.4
753.2
754.0
754.8
755.6
756.4
757.2
758.0
758.8
759.6
760.4
761.2
762.0
762.8
763.6
764.4
765.2
766.0
766.8
767.6
768.4
769.2
770.0
770.8
771.6
772.4
773.2
774.1
774.9
775.7
776.5
777.3
778.1
778.9
779.7
780.5
781.3
782.1
782.9
783.7
784.5
785.3
786.1
786.9
787.7
788.5
789.3
790.1
790.9
791.7
792.5
793.3
794.1
794.9
795.7
796.5
797.3
798.1
798.9
799.7
800.5
801.3
802.1
802.9
803.7
804.5
805.3
806.1
806.9
807.7
808.5
809.3
810.1
810.9
811.7
812.5
813.3
814.1
814.9
815.7
816.5
817.3
818.1
818.9
819.7
820.5
821.3
822.1
822.9
823.7
824.5
825.3
826.1
826.9
827.7
828.5
829.3
830.1
830.9
831.7
832.6
833.4
834.3
835.1
835.9
836.8
837.6
838.5
839.3
840.2
841.0
841.9
842.7
843.5
844.4
845.2
846.1
846.9
847.8
848.6
849.4
850.3
851.1
852.0
852.8
853.7
854.5
855.3
856.2
857.0
857.9
858.7
859.6
860.4
861.3
862.1
862.9
863.8
864.6
865.5
866.3
867.2
868.0
868.8
869.7
870.5
871.4
872.2
873.1
873.9
874.8
875.6
876.4
877.3
878.1
879.0
879.8
880.7
881.5
882.3
883.2
884.0
884.9
885.7
886.6
887.4
888.2
889.1
889.9
890.8
891.6
892.5
893.3
894.2
895.0
895.8
896.7
897.5
898.4
899.2
NEXT_SERIES
0.0227205878708
0.0226656325362
0.0225886367784
0.022058078266
0.0216845639394
0.0226389490342
0.0256556327118
0.0302176027742
0.0364939779321
0.0450727047173
0.0564036402845
0.0662508345768
0.0772511493965
0.0883945733182
0.101535808975
0.11293769383
0.123018682823
0.131546300829
0.138983971665
0.143542134425
0.14513068472
0.143912627022
0.141548523635
0.137633280819
0.134138916067
0.129276516086
0.124893216275
0.119370556927
0.115498998673
0.111923751492
0.10894444591
0.106688616575
0.106407058717
0.107733009719
0.110227418163
0.11190125933
0.113473366593
0.114984239419
0.116979475664
0.119337224485
0.121940582369
0.125323862553
0.128515399359
0.132681186417
0.136256643245
0.140395341261
0.143262815748
0.145628415006
0.148183616258
0.150715740114
0.153576519038
0.155918278634
0.157120042978
0.158867094814
0.16024568761
0.161785151702
0.162653003966
0.164285997457
0.165559030943
0.1659361738
0.16544881851
0.164496800719
0.163694030327
0.16265484392
0.161509193144
0.160849992527
0.158888683732
0.157207539734
0.15501996983
0.153387353633
0.151956555734
0.150196022357
0.148248258981
0.1449135196
0.141588295816
0.137939984149
0.135671227063
0.133680046986
0.13241274186
0.130374203734
0.128450013872
0.126060449608
0.123657789085
0.121147327349
0.118795114889
0.116962111704
0.115599272433
0.113562015219
0.111661245463
0.109705716128
0.107482479746
0.105585363961
0.103252568825
0.101412409068
0.100167448428
0.0983427580135
0.0966739548913
0.0933699465217
0.0905510047832
0.088610947229
0.0867732464441
0.0854063534633
0.0833457310571
0.0823850418484
0.0800310746037
0.0789554919216
0.0767327266212
0.0763886890871
0.0742681683569
0.0740198128432
0.0727272638598
0.0724187441092
0.0706099692601
0.0703697030128
0.069303652407
0.0693539528222
0.0685641744984
0.0674802482746
0.0670404259363
0.0662846597959
0.0661050006619
0.0654235922708
0.0649536076568
0.0645056832046
0.0642363913468
0.0634740592388
0.0631702980523
0.0627957937369
0.0637095714662
0.0643987429013
0.0647012783203
0.0634486539997
0.0625971604062
0.0618116539022
0.0621027346198
0.0623061663599
0.0627639548284
0.0635063090148
0.063687638932
0.0641158153917
0.0644000075356
0.0654274812712
0.0662568738276
0.0673569096477
0.0678129211736
0.0678872220088
0.0678462659082
0.0691624019488
0.0695452636634
0.0712239847786
0.0716762139808
0.0723544290879
0.0712739465663
0.0697539060698
0.0693341796738
0.0694527367878
0.0698718916233
0.0689457674744
0.0680567756226
0.0680497281439
0.0685187024726
0.0682892068061
0.0679475623223
0.0683276524517
0.0676006363451
0.0668299623408
0.0661995443223
0.0659623689296
0.0653269472843
0.0644283523043
0.064175841702
0.0634969331822
0.0625748343525
0.0621665717283
0.0614712028542
0.0614990038122
0.0607164038068
0.0617642707516
0.0615003656871
0.062105594757
0.0617473168934
0.0616330266497
0.0610153535246
0.0606312634481
0.0601933660174
0.0599244543303
0.0580178637619
0.0575001210943
0.0567931356507
0.0569053267064
0.0564359993925
0.0556135849479
0.0561512040069
0.0559642582898
0.0558043318594
0.0550644676068
0.0550130449425
0.055493689202
0.055085964207
0.0544656196448
0.054258539669
0.0545479350096
0.0540163249264
0.0529962670439
0.0530480669706
0.0522509586998
0.0513515316868
0.0492418650641
0.0486664141708
0.0482190071266
0.0471887185322
0.0459529443126
0.0451615980134
0.0449321390958
0.0448518606989
0.044175374079
0.0434271743089
0.0426331247686
0.0428313395998
0.043021794302
0.0428225871739
0.0416888621759
0.0407592114894
0.040247013725
0.0387465563238
0.037962066466
0.0367819423824
0.0365088100631
0.0357419377708
0.0350863158349
0.0347030966272
0.0343707185661
0.0343816074095
0.033524720079
0.0322712748657
0.0311572975981
0.0312872277207
0.0312281349184
0.0305018610543
0.0292475952841
0.0288045354865
0.0289414273868
0.0287370007432
0.02753799921
0.0261873822587
0.0250643686502
0.0242573105367
0.0236133135909
0.0226636729624
0.0217054544178
0.0209907173959
0.020667065815
0.0202513292557
0.0194984500196
0.0189221441421
0.0176842900226
0.0173276549819
0.0163539281385
0.0162684415353
0.0151930362853
0.0142165870185
0.0137930028069
0.0128328338387
0.0131331665945
0.0117469412675
0.0108222705165
0.00896453480117
0.00839714419781
0.00745868434237
0.00720510584344
0.0066896363482
0.00644735625892
0.00549332390986
0.00572341576511
0.00613173490139
0.00667836638354
0.00592388251675
0.00496907800473
0.00465924136744
0.00519805512919
0.00587529565981
0.00536188803279
0.0038602234165
0.00277214661303
0.00286103394211
0.00305925446993
0.00198545127932
0.000164182195783
-0.00100925133848
-0.000389074826672
-0.000343442239674
-0.00106073558102
-0.00308523857667
-0.00354518947513
-0.00361544733746
-0.00273673653751
-0.00317697056355
-0.00381164390206
-0.00456847378543
-0.00402945699362
-0.00327215895477
-0.00324198789377
-0.00375202375099
-0.00415486353051
-0.0039801018019
-0.00333816968227
-0.00365031306549
-0.00452819888169
-0.00612185906569
-0.0069255959841
-0.00656766642163
-0.00665627096568
-0.0069434965241
-0.00813628599183
-0.00911426925428
-0.00940342137407
-0.00944670530956
-0.00929987747355
-0.00990504668508
-0.0107470392523
-0.0111303550416
-0.0108635638418
-0.0102279420629
-0.0105727354922
-0.0108580330119
-0.0116030354284
-0.0111204206246
-0.0113327869902
-0.0107817638322
-0.0116607631768
-0.0118354499917
-0.0131083651197
-0.0125687387993
-0.0124580115067
-0.0116961610645
-0.0126643204465
-0.0127016767217
-0.0137860383335
-0.0131655115775
-0.013793462854
-0.0129580282826
-0.0138185343562
-0.0136698771019
-0.0144392806868
-0.0139110414592
-0.0139631437349
-0.0135896659115
-0.0136539750891
-0.0143086255042
-0.0147686906614
-0.015446289246
-0.0145559386584
-0.0137234406003
-0.0129353085468
-0.0132316863483
-0.0137589017916
-0.0146989862754
-0.014707070139
-0.0150603852345
-0.0139631673201
-0.0144314185938
-0.0147014636724
-0.0158674756439
-0.0157389515795
-0.0145867826494
-0.0130480213354
-0.0123416514115
-0.0131118750519
-0.0138651390212
-0.013737534864
-0.0124132478907
-0.0110023131799
-0.0101876749741
-0.0102972635737
-0.0109590757564
-0.01173709595
-0.0114576320697
-0.0109067679528
-0.0103755866688
-0.010191394006
-0.0107219541789
-0.0110990539897
-0.0120258879828
-0.0120279270885
-0.0109613344278
-0.0102762120858
-0.0104110939215
-0.0118034648621
-0.0127846199853
-0.0129058048056
-0.0130701233207
-0.0114997808978
-0.0111778009448
-0.0101159998165
-0.010997901177
-0.0112515259923
-0.0119469010768
-0.0117845861794
-0.0107234415145
-0.00972206194695
-0.00913969742202
-0.00927761562733
-0.00946507604922
-0.0101431090594
-0.0100102662601
-0.00943530065775
-0.00846881184478
-0.00760517198251
-0.00806675213554
-0.00816199721971
-0.00961005229967
-0.0100188963933
-0.0104693291379
-0.00959763076625
-0.00891170573354
-0.00861729818928
-0.00898794241503
-0.00986900464918
-0.0100871067491
-0.0103252632936
-0.0101048498462
-0.0090092742485
-0.00810530450286
-0.00706998919463
-0.00761434374782
-0.00761161221705
-0.0077515753492
-0.00749768335565
-0.00696139315003
-0.00569622667263
-0.00476000000954
-0.00398089617187
-0.00372815575986
-0.00363361879031
-0.00429895501442
-0.00482234111029
-0.00501306508813
-0.00419965910508
-0.0041392122724
-0.00311326881296
-0.00376232577232
-0.00352909179363
-0.00472475583876
-0.00466252445419
-0.00460508951921
-0.00379388896657
-0.00360344456516
-0.00298840320078
-0.00289467961486
-0.00310575927475
-0.00401667594865
-0.00462354012858
-0.00503729748803
-0.00475331427296
-0.00408891870995
-0.00269154795437
-0.00214945970126
-0.00255811611927
-0.00339315392859
-0.00429061425355
-0.00466061833049
-0.00479962930079
-0.0037613106376
-0.00287369323338
-0.00195051691693
-0.00222730442721
-0.00207226401011
-0.00260844966573
-0.00282039020145
-0.00299266329352
-0.00208544586181
-0.000835852090999
0.00048791140466
0.00125481308902
0.00127729172319
8.92909075461e-05
-0.00103611529514
-0.00114187835992
-0.000426375864459
0.000557161060381
0.00154758415909
0.00251497684509
0.00334384157525
0.00293781979194
0.00181839087565
0.000674541835089
9.38744267687e-05
0.000608588975512
0.00126421756486
0.00237040009251
0.0033467776222
0.00448730862732
0.00382745331044
0.00318043057477
0.00198229025435
0.00227360796593
0.00252944903821
0.00274964546016
0.00332491135276
0.00418176061364
0.00481991551259
0.00516973143033
0.00470381561872
0.00461835867481
0.00403128616262
0.00438873292288
0.00422902496331
0.00529025896279
0.00569845835821
0.00706380036858
0.00784997817302
0.00788359419425
0.00788054478944
0.00657022640491
0.00612427447055
0.00592250232992
0.00693057189666
0.00774099682966
0.00839976604686
0.00855530897107
0.00937835493049
0.00879844661531
0.0088077345539
0.00768837273395
0.00787307845283
0.00735381397844
0.00730083872149
0.0068018623563
0.0072214242728
0.00744890015965
0.00771842291665
0.00832194668053
0.00819228103163
0.00929260060021
0.00911223589724
0.00959097033589
0.00979438604282
0.0101968053341
0.0117237361712
0.0129015498572
0.0137960518542
0.0146987932631
0.0149001022995
0.016214287398
0.0165789117584
0.0163170569019
0.0155412019835
0.0149822839809
0.0155721919229
0.0151606108053
0.015126199144
0.0147107394326
0.0154744407462
0.0155137014193
0.015638490572
0.0153105979655
0.015440308228
0.0140774366387
0.0127384481249
0.0118025655736
0.0117036432684
0.0123111999788
0.0125086213641
0.0136971374537
0.0144458856318
0.015661193141
0.0162425635729
0.016038414481
0.0150614500443
0.0144872058162
0.0144788220605
0.0145198313994
0.0145437923252
0.0151783325141
0.0161156225572
0.0164754061651
0.0165148683995
0.0172070970295
0.017032705085
0.0174445681257
0.0168057847934
0.0168463999157
0.0161679032268
0.0171223189986
0.0176571532111
0.0183782120144
0.0180026845787
0.0192804837961
0.0201241754036
0.0201831992723
0.0198787757767
0.0190440880266
0.0192079948635
0.0181482529471
0.0180420348648
0.0174498835797
0.0174281085297
0.0165164352976
0.0157290610518
0.0162372493456
0.0166983315725
0.0172691457069
0.0160928583087
0.0151042999421
0.0135022078684
0.0130273739092
0.0127457113829
0.0125377725604
0.0128077726738
0.0133556892919
0.0136780678507
0.0135860656597
0.0134447892047
0.013607075304
0.0131502561053
0.0122664035756
0.0113636923451
0.0105640820978
0.0108702116559
0.0107914828984
0.0107957387544
0.0103192064951
0.00973055606463
0.00941174553938
0.00857063129944
0.00872957076871
0.0078175644236
0.00691807142738
0.00627513059429
0.00658431345418
0.00682097889173
0.00641335451377
0.00531164576679
0.00458069949275
0.0034079286661
0.00215020351873
0.000915228732844
0.000450000189881
-0.00089511631638
-0.00193686702097
-0.00346693289559
-0.00386563175879
-0.00530388022307
-0.00634229793675
-0.00685117944926
-0.00716965322975
-0.0078395924617
-0.00882296106387
-0.00888453859225
-0.0101504858938
-0.0100161068438
-0.0117216789098
-0.0109582630345
-0.0117900430771
-0.011571192481
END
