380.3
381.1
381.9
382.7
383.5
384.4
385.2
386.0
386.8
387.6
388.4
389.2
390.1
390.9
391.7
392.5
393.3
394.1
394.9
395.8
396.6
397.4
398.2
399.0
399.8
400.6
401.5
402.3
403.1
403.9
404.7
405.5
406.3
407.2
408.0
408.8
409.6
410.4
411.2
412.0
412.8
413.7
414.5
415.3
416.1
416.9
417.7
418.5
419.4
420.2
421.0
421.8
422.6
423.4
424.2
425.1
425.9
426.7
427.5
428.3
429.1
429.9
430.8
431.6
432.4
433.2
434.0
434.8
435.6
436.4
437.3
438.1
438.9
439.7
440.5
441.3
442.1
443.0
443.8
444.6
445.4
446.2
447.0
447.8
448.7
449.5
450.3
451.1
451.9
452.7
453.5
454.4
455.2
456.0
456.8
457.6
458.4
459.2
460.0
460.9
461.7
462.5
463.3
464.1
464.9
465.7
466.6
467.4
468.2
469.0
469.8
470.6
471.4
472.3
473.1
473.9
474.7
475.5
476.3
477.1
478.0
478.8
479.6
480.4
481.2
482.0
482.8
483.6
484.5
485.3
486.1
486.9
487.7
488.5
489.3
490.2
491.0
491.8
492.6
493.4
494.2
495.0
495.9
496.7
497.5
498.3
499.1
499.9
500.7
501.6
502.4
503.2
504.0
504.8
505.6
506.4
507.2
508.1
508.9
509.7
510.5
511.3
512.1
512.9
513.7
514.5
515.3
516.1
516.8
517.6
518.4
519.2
520.0
520.8
521.5
522.3
523.1
523.9
524.7
525.5
526.2
527.0
527.8
528.6
529.4
530.2
530.9
531.7
532.5
533.3
534.1
534.9
535.6
536.4
537.2
538.0
538.8
539.6
540.3
541.1
541.9
542.7
543.5
544.3
545.0
545.8
546.6
547.4
548.2
549.0
549.7
550.5
551.3
552.1
552.9
553.7
554.4
555.2
556.0
556.8
557.6
558.4
559.1
559.9
560.7
561.5
562.3
563.1
563.8
564.6
565.4
566.2
567.0
567.8
568.5
569.3
570.1
570.9
571.7
572.5
573.2
574.0
574.8
575.6
576.4
577.2
577.9
578.7
579.5
580.3
581.1
581.9
582.6
583.4
584.2
585.0
585.8
586.6
587.3
588.1
588.9
589.6
590.3
591.1
591.8
592.6
593.3
594.0
594.8
595.5
596.3
597.0
597.7
598.5
599.2
600.0
600.7
601.5
602.2
602.9
603.7
604.4
605.2
605.9
606.6
607.4
608.1
608.9
609.6
610.3
611.1
611.8
612.6
613.3
614.0
614.8
615.5
616.3
617.0
617.7
618.5
619.2
620.0
620.7
621.4
622.2
622.9
623.7
624.4
625.2
625.9
626.6
627.4
628.1
628.9
629.6
630.3
631.1
631.8
632.6
633.3
634.0
634.8
635.5
636.3
637.0
637.7
638.5
639.2
640.0
640.7
641.4
642.2
642.9
643.7
644.4
645.1
645.9
646.6
647.4
648.1
648.8
649.6
650.3
651.1
651.8
652.6
653.3
654.0
654.8
655.5
656.3
657.0
657.7
658.5
659.2
660.0
660.7
661.4
662.2
662.9
663.7
664.4
665.1
665.9
666.6
667.4
668.1
668.9
669.6
670.4
671.2
671.9
672.7
673.4
674.2
674.9
675.7
676.5
677.2
678.0
678.7
679.5
680.2
681.0
681.8
682.5
683.3
684.0
684.8
685.5
686.3
687.1
687.8
688.6
689.3
690.1
690.8
691.6
692.4
693.1
693.9
694.6
695.4
696.1
696.9
697.7
698.4
699.2
699.9
700.7
701.4
702.2
703.0
703.7
704.5
705.2
706.0
706.8
707.6
708.4
709.2
710.0
710.8
711.6
712.4
713.2
714.0
714.8
715.6
716.4
717.2
718.0
718.8
719.6
720.4
721.2
722.0
722.8
723.6
724.4
725.2
726.0
726.8
727.6
728.4
729.2
730.0
730.8
731.6
732.4
733.2
734.0
734.8
735.6
736.4
737.2
738.0
738.8
739.6
740.4
741.2
742.0
742.8
743.6
744.4
745.2
746.0
746.8
747.6
748.4
749.2
750.0
750.8
751.6
752.4
753.2
754.0
754.8
755.6
756.4
757.2
758.0
758.8
759.6
760.4
761.2
762.0
762.8
763.6
764.4
765.2
766.0
766.8
767.6
768.4
769.2
770.0
770.8
771.6
772.4
773.2
774.1
774.9
775.7
776.5
777.3
778.1
778.9
779.7
780.5
781.3
782.1
782.9
783.7
784.5
785.3
786.1
786.9
787.7
788.5
789.3
790.1
790.9
791.7
792.5
793.3
794.1
794.9
795.7
796.5
797.3
798.1
798.9
799.7
800.5
801.3
802.1
802.9
803.7
804.5
805.3
806.1
806.9
807.7
808.5
809.3
810.1
810.9
811.7
812.5
813.3
814.1
814.9
815.7
816.5
817.3
818.1
818.9
819.7
820.5
821.3
822.1
822.9
823.7
824.5
825.3
826.1
826.9
827.7
828.5
829.3
830.1
830.9
831.7
832.6
833.4
834.3
835.1
835.9
836.8
837.6
838.5
839.3
840.2
841.0
841.9
842.7
843.5
844.4
845.2
846.1
846.9
847.8
848.6
849.4
850.3
851.1
852.0
852.8
853.7
854.5
855.3
856.2
857.0
857.9
858.7
859.6
860.4
861.3
862.1
862.9
863.8
864.6
865.5
866.3
867.2
868.0
868.8
869.7
870.5
871.4
872.2
873.1
873.9
874.8
875.6
876.4
877.3
878.1
879.0
879.8
880.7
881.5
882.3
883.2
884.0
884.9
885.7
886.6
887.4
888.2
889.1
889.9
890.8
891.6
892.5
893.3
894.2
895.0
895.8
896.7
897.5
898.4
899.2
NEXT_SERIES
0.282084799535
0.284201709201
0.287563872315
0.289215314675
0.290608295215
0.293108039076
0.300620469443
0.31009864178
0.324713144015
0.338962801461
0.355329581185
0.370958733262
0.387973123697
0.40674956346
0.424403195653
0.44346095308
0.458805964882
0.472863899336
0.482995528706
0.490410773983
0.495003000142
0.493006940321
0.489659050718
0.483736703724
0.47772767224
0.470613806899
0.46325024334
0.455738064607
0.448029546167
0.439797917846
0.434292383233
0.429373602568
0.426155414037
0.423742547047
0.422225516831
0.422050367451
0.422871221557
0.424207448005
0.425800666548
0.426084815332
0.428033683843
0.429485389035
0.433262849986
0.436231180004
0.441102190471
0.444365671481
0.447742880544
0.45004394887
0.451996157594
0.45450673308
0.456674669172
0.45920958273
0.460227345449
0.460662402111
0.461619246056
0.463029610911
0.464316010585
0.464365168339
0.464743901935
0.464691941158
0.464224908651
0.463270685742
0.461753030121
0.46052763306
0.459339694223
0.45832937312
0.457472732568
0.454867068611
0.451855402313
0.448753384676
0.445992307633
0.444192294584
0.441318370301
0.438827854209
0.434630495269
0.430327799963
0.426792921493
0.424545151199
0.42290179937
0.42011158148
0.417023796865
0.413672129131
0.410250142855
0.406841259703
0.403266726982
0.400161579429
0.398000340061
0.395605886528
0.393053747078
0.389523079243
0.387956613787
0.386666051651
0.385232320295
0.382278264807
0.378810464293
0.376323495837
0.373131318563
0.37103893375
0.368166742954
0.366836395752
0.365307980992
0.364040174831
0.362394125974
0.361070840024
0.360472709304
0.360051461859
0.359382214291
0.358891497021
0.357733714005
0.357756950465
0.357354991263
0.356958006726
0.356204492199
0.35648604682
0.357789634293
0.359068232626
0.358522702898
0.358385376569
0.357775409723
0.357592279437
0.357696241963
0.358418024144
0.359813785126
0.361013328373
0.361459497029
0.362262941853
0.362253546573
0.363548423244
0.365985719021
0.367966706513
0.369165100189
0.367288343303
0.367621136435
0.367592635441
0.3696754882
0.370327467005
0.371814154562
0.373566677091
0.37520247833
0.376160271113
0.376972861803
0.378714018862
0.379402365978
0.380643243784
0.381676154393
0.383265968517
0.384172622296
0.38521751995
0.386356118776
0.388870638028
0.389770203338
0.390512804925
0.389375880154
0.388035469804
0.387200649664
0.386603928101
0.387279230737
0.386556669208
0.385613649286
0.384875812557
0.385127805896
0.385096198841
0.384975659795
0.385118627948
0.384699097588
0.383558341333
0.382211201879
0.38131361435
0.379365868836
0.377624163911
0.376106190657
0.375569113067
0.374076542626
0.373099264277
0.371693107736
0.372148116857
0.371218363335
0.371377756929
0.370839033062
0.371145169465
0.37085432306
0.369880517292
0.369008144699
0.368122975226
0.367248963041
0.365610771261
0.363804269777
0.361577059165
0.359766220145
0.358133658491
0.357095747724
0.356460720536
0.356340066071
0.355202839949
0.353703476173
0.352319923868
0.352011460117
0.352019661692
0.351411656005
0.349315583111
0.348242829792
0.347224943875
0.346414644716
0.343475129092
0.340972691699
0.33837166735
0.336665902408
0.333539155309
0.33099704871
0.328293045847
0.32619146066
0.324140460318
0.322232722426
0.320302215223
0.318256242267
0.316161819284
0.314613514573
0.313398700018
0.31190914597
0.310902750945
0.308368333274
0.30642596411
0.30332551918
0.301074751057
0.297393805994
0.29453376154
0.291695616678
0.289686793563
0.286042958017
0.283953200192
0.281363455916
0.280421619047
0.278715133346
0.276744990903
0.274247580286
0.271129529193
0.268987321293
0.266845165955
0.264210080287
0.262018795944
0.259628734274
0.258107236594
0.255330719151
0.25281294659
0.250036785801
0.247347218469
0.244713806635
0.241331236945
0.238347526877
0.235018283045
0.233311673565
0.231660026831
0.230097305678
0.227480024701
0.226125069339
0.224275104569
0.223155984059
0.220319869816
0.218251436014
0.215832496918
0.213329774682
0.21116952037
0.208576557098
0.207259040573
0.204384940528
0.202261366215
0.198971391173
0.197163505955
0.194782777824
0.192810136557
0.19092846539
0.1887697189
0.187071718039
0.185792215265
0.185612073308
0.185775345257
0.184528996907
0.183003184036
0.181932145747
0.182534313846
0.182966447196
0.181454036165
0.179100596385
0.17694970316
0.176117061488
0.174844596218
0.172841448609
0.170746923468
0.168729386443
0.168461770406
0.167291824024
0.166350709359
0.163373012475
0.162011490193
0.161168771108
0.161944710077
0.161887674082
0.161593287524
0.160393930476
0.160726326723
0.160927048175
0.162058122136
0.161606193259
0.161525446891
0.161087031506
0.161666376453
0.160432508894
0.159153569806
0.156483303604
0.155839793743
0.154930933998
0.154516958911
0.153113381666
0.151446772035
0.149351318002
0.147967748691
0.147252939681
0.146708843371
0.14587028264
0.145019804605
0.144735556786
0.144526507732
0.144885642769
0.144049505219
0.143531285552
0.141734071253
0.141645143918
0.141337276161
0.142137607797
0.141174655415
0.14073310804
0.139103361027
0.13889002367
0.137826181233
0.137796257494
0.136499579909
0.136529290445
0.134897255229
0.135009841815
0.133330346402
0.133968153287
0.133463156457
0.134890954139
0.134452606476
0.13536446586
0.134509316836
0.134967941105
0.134349614166
0.134209832148
0.133839879211
0.133227541687
0.133885170658
0.13446720661
0.136281808347
0.136021449413
0.13642995696
0.135492691851
0.136494712397
0.136407738006
0.137935304862
0.138415020804
0.139193618164
0.138950484606
0.139964192474
0.142024224227
0.14482098055
0.146826473545
0.147855722548
0.148628716355
0.149850879311
0.151853529543
0.154230510956
0.156755630496
0.158491589135
0.159291009861
0.159357784506
0.159617640699
0.16044844659
0.161682948203
0.163269532454
0.16385882633
0.162906303683
0.160850225156
0.159584027044
0.16018265351
0.160338964209
0.1605045095
0.157943193064
0.156011578992
0.153002477207
0.150805445575
0.150465539213
0.149770548381
0.149927023451
0.147142098329
0.144818547441
0.141446439409
0.139415724545
0.13903106857
0.138452553115
0.138450424205
0.136600255628
0.134843671861
0.131583439853
0.12925773732
0.128585324542
0.128972318235
0.130167425776
0.128577630048
0.127237738697
0.122868370452
0.121141995849
0.119154101151
0.119783923816
0.121011896505
0.121632656384
0.120702079926
0.117567937633
0.116165413296
0.115512674221
0.116140077323
0.117596592486
0.117722365444
0.119304922043
0.117539944705
0.117520934
0.116567263075
0.116638639524
0.117502703035
0.118483994814
0.119725577969
0.119744478408
0.119365503006
0.118685045401
0.117021389731
0.116124249106
0.115854653176
0.118166750544
0.11927696992
0.119996695717
0.118565892424
0.117217381162
0.115475341559
0.114697875065
0.115211288007
0.116465192331
0.117149507591
0.117147092812
0.116064367753
0.114994245378
0.113506727601
0.112657495946
0.112565925479
0.112850317308
0.113683735429
0.1148066861
0.114959575659
0.11471795247
0.113288520257
0.11194224828
0.110764182095
0.11055655193
0.111795086407
0.113132844631
0.113877566678
0.113107081686
0.112375811643
0.111459654052
0.111325506898
0.111395680764
0.11306331254
0.115140453822
0.116365120516
0.116382202042
0.115309127542
0.113657415349
0.112033249864
0.111252278487
0.112127413162
0.11307634958
0.114161918232
0.114544140839
0.11481322619
0.11427010669
0.112556119652
0.110421420574
0.109127225322
0.109121803998
0.109775801318
0.110542848914
0.111372475466
0.113194914859
0.113232226303
0.112650965811
0.110699995343
0.110185871054
0.109984608695
0.110193692028
0.11133146663
0.112568244778
0.113766064228
0.113614894053
0.113573429241
0.113528611697
0.112593920508
0.112686234565
0.112009712044
0.113146671188
0.11337585857
0.114789396057
0.116067720617
0.116659627286
0.117179532527
0.116073466733
0.116233578147
0.115207434461
0.115848388117
0.116181250091
0.117265183417
0.117981238055
0.119210893846
0.119311428964
0.118998449446
0.116750577078
0.115745550754
0.114098044261
0.113950139544
0.113436875249
0.113384983401
0.113784681656
0.114150639769
0.115555159047
0.114577762587
0.115016665258
0.11453896658
0.115040701549
0.114813980773
0.114827110884
0.116219906835
0.118158768703
0.120122704134
0.122592884535
0.124349399547
0.125890318291
0.125615263294
0.12454129395
0.124378058471
0.1236688757
0.124099799347
0.123175359489
0.123493820462
0.124155517839
0.124613437518
0.125310620381
0.124636416994
0.124139905244
0.122625167022
0.120486213235
0.118596220005
0.117150653602
0.1168467718
0.117162892299
0.117636434958
0.119057738935
0.11997414403
0.121601211097
0.122511798013
0.12203165139
0.120678174451
0.119341387337
0.119177472355
0.119075797154
0.118665423867
0.119249676295
0.119988601546
0.12052467528
0.121161528902
0.121861707501
0.122406258063
0.123430788627
0.123339837118
0.12346199487
0.122338360253
0.122817160524
0.12335925774
0.124981137767
0.126318159585
0.127455848121
0.128966799926
0.129107929348
0.129484867961
0.128325363307
0.128603784136
0.127342920298
0.12662657261
0.125347784572
0.125139741851
0.124163945324
0.123833694771
0.124551278115
0.125133875572
0.125374810136
0.124425650821
0.123771733693
0.121719618347
0.120560542779
0.120161853807
0.120676011798
0.121005417871
0.120474045115
0.120029096654
0.119356916186
0.119432447909
0.120064226769
0.120759404615
0.120167589185
0.1192627436
0.118578003525
0.118431623567
0.118456627207
0.117725359548
0.117882378144
0.116388363132
0.115779893785
0.114788201252
0.114671056238
0.114573101109
0.114388938389
0.113763023229
0.112836920446
0.112486379282
0.112370883433
0.111238197878
0.109876817508
0.108354698259
0.10747395066
0.105351056401
0.105147761027
0.102625957489
0.101475463233
0.0982857050091
0.0974091953651
0.09517107585
0.0933179052531
0.0913293051215
0.0891984425294
0.0881727075332
0.0873498151988
0.087252478869
0.0849840127844
0.0843197887181
0.0816996685394
0.0823069347259
0.0804330734131
0.0798164790846
END
