380.3
381.1
381.9
382.7
383.5
384.4
385.2
386.0
386.8
387.6
388.4
389.2
390.1
390.9
391.7
392.5
393.3
394.1
394.9
395.8
396.6
397.4
398.2
399.0
399.8
400.6
401.5
402.3
403.1
403.9
404.7
405.5
406.3
407.2
408.0
408.8
409.6
410.4
411.2
412.0
412.8
413.7
414.5
415.3
416.1
416.9
417.7
418.5
419.4
420.2
421.0
421.8
422.6
423.4
424.2
425.1
425.9
426.7
427.5
428.3
429.1
429.9
430.8
431.6
432.4
433.2
434.0
434.8
435.6
436.4
437.3
438.1
438.9
439.7
440.5
441.3
442.1
443.0
443.8
444.6
445.4
446.2
447.0
447.8
448.7
449.5
450.3
451.1
451.9
452.7
453.5
454.4
455.2
456.0
456.8
457.6
458.4
459.2
460.0
460.9
461.7
462.5
463.3
464.1
464.9
465.7
466.6
467.4
468.2
469.0
469.8
470.6
471.4
472.3
473.1
473.9
474.7
475.5
476.3
477.1
478.0
478.8
479.6
480.4
481.2
482.0
482.8
483.6
484.5
485.3
486.1
486.9
487.7
488.5
489.3
490.2
491.0
491.8
492.6
493.4
494.2
495.0
495.9
496.7
497.5
498.3
499.1
499.9
500.7
501.6
502.4
503.2
504.0
504.8
505.6
506.4
507.2
508.1
508.9
509.7
510.5
511.3
512.1
512.9
513.7
514.5
515.3
516.1
516.8
517.6
518.4
519.2
520.0
520.8
521.5
522.3
523.1
523.9
524.7
525.5
526.2
527.0
527.8
528.6
529.4
530.2
530.9
531.7
532.5
533.3
534.1
534.9
535.6
536.4
537.2
538.0
538.8
539.6
540.3
541.1
541.9
542.7
543.5
544.3
545.0
545.8
546.6
547.4
548.2
549.0
549.7
550.5
551.3
552.1
552.9
553.7
554.4
555.2
556.0
556.8
557.6
558.4
559.1
559.9
560.7
561.5
562.3
563.1
563.8
564.6
565.4
566.2
567.0
567.8
568.5
569.3
570.1
570.9
571.7
572.5
573.2
574.0
574.8
575.6
576.4
577.2
577.9
578.7
579.5
580.3
581.1
581.9
582.6
583.4
584.2
585.0
585.8
586.6
587.3
588.1
588.9
589.6
590.3
591.1
591.8
592.6
593.3
594.0
594.8
595.5
596.3
597.0
597.7
598.5
599.2
600.0
600.7
601.5
602.2
602.9
603.7
604.4
605.2
605.9
606.6
607.4
608.1
608.9
609.6
610.3
611.1
611.8
612.6
613.3
614.0
614.8
615.5
616.3
617.0
617.7
618.5
619.2
620.0
620.7
621.4
622.2
622.9
623.7
624.4
625.2
625.9
626.6
627.4
628.1
628.9
629.6
630.3
631.1
631.8
632.6
633.3
634.0
634.8
635.5
636.3
637.0
637.7
638.5
639.2
640.0
640.7
641.4
642.2
642.9
643.7
644.4
645.1
645.9
646.6
647.4
648.1
648.8
649.6
650.3
651.1
651.8
652.6
653.3
654.0
654.8
655.5
656.3
657.0
657.7
658.5
659.2
660.0
660.7
661.4
662.2
662.9
663.7
664.4
665.1
665.9
666.6
667.4
668.1
668.9
669.6
670.4
671.2
671.9
672.7
673.4
674.2
674.9
675.7
676.5
677.2
678.0
678.7
679.5
680.2
681.0
681.8
682.5
683.3
684.0
684.8
685.5
686.3
687.1
687.8
688.6
689.3
690.1
690.8
691.6
692.4
693.1
693.9
694.6
695.4
696.1
696.9
697.7
698.4
699.2
699.9
700.7
701.4
702.2
703.0
703.7
704.5
705.2
706.0
706.8
707.6
708.4
709.2
710.0
710.8
711.6
712.4
713.2
714.0
714.8
715.6
716.4
717.2
718.0
718.8
719.6
720.4
721.2
722.0
722.8
723.6
724.4
725.2
726.0
726.8
727.6
728.4
729.2
730.0
730.8
731.6
732.4
733.2
734.0
734.8
735.6
736.4
737.2
738.0
738.8
739.6
740.4
741.2
742.0
742.8
743.6
744.4
745.2
746.0
746.8
747.6
748.4
749.2
750.0
750.8
751.6
752.4
753.2
754.0
754.8
755.6
756.4
757.2
758.0
758.8
759.6
760.4
761.2
762.0
762.8
763.6
764.4
765.2
766.0
766.8
767.6
768.4
769.2
770.0
770.8
771.6
772.4
773.2
774.1
774.9
775.7
776.5
777.3
778.1
778.9
779.7
780.5
781.3
782.1
782.9
783.7
784.5
785.3
786.1
786.9
787.7
788.5
789.3
790.1
790.9
791.7
792.5
793.3
794.1
794.9
795.7
796.5
797.3
798.1
798.9
799.7
800.5
801.3
802.1
802.9
803.7
804.5
805.3
806.1
806.9
807.7
808.5
809.3
810.1
810.9
811.7
812.5
813.3
814.1
814.9
815.7
816.5
817.3
818.1
818.9
819.7
820.5
821.3
822.1
822.9
823.7
824.5
825.3
826.1
826.9
827.7
828.5
829.3
830.1
830.9
831.7
832.6
833.4
834.3
835.1
835.9
836.8
837.6
838.5
839.3
840.2
841.0
841.9
842.7
843.5
844.4
845.2
846.1
846.9
847.8
848.6
849.4
850.3
851.1
852.0
852.8
853.7
854.5
855.3
856.2
857.0
857.9
858.7
859.6
860.4
861.3
862.1
862.9
863.8
864.6
865.5
866.3
867.2
868.0
868.8
869.7
870.5
871.4
872.2
873.1
873.9
874.8
875.6
876.4
877.3
878.1
879.0
879.8
880.7
881.5
882.3
883.2
884.0
884.9
885.7
886.6
887.4
888.2
889.1
889.9
890.8
891.6
892.5
893.3
894.2
895.0
895.8
896.7
897.5
898.4
899.2
NEXT_SERIES
0.313450717766
0.315266879797
0.315035604101
0.313489118971
0.312247855745
0.314483704689
0.320102084264
0.329255463624
0.341517736929
0.354083232106
0.366919613281
0.377391775918
0.393337137716
0.408451211959
0.424603169868
0.438649049382
0.451491572754
0.463513784756
0.47223361033
0.477207340398
0.478422543124
0.475750441879
0.47200431268
0.466095563918
0.459524766427
0.450940326557
0.444689413818
0.436164658756
0.428995868305
0.420687202199
0.415892573777
0.411743855915
0.408371643804
0.405859705855
0.404203060819
0.403705095981
0.402432102862
0.402486747635
0.402632219418
0.403625824024
0.40466345489
0.405302864618
0.406604243633
0.408745138477
0.412265116065
0.414961783333
0.417172787342
0.417638886317
0.420234542242
0.421529109286
0.423027720908
0.423886281985
0.424764792194
0.425913118775
0.426411177709
0.427105224356
0.4274602499
0.428183010434
0.429175928159
0.429876557985
0.429946176457
0.429240727559
0.428515840119
0.427423598478
0.426575105038
0.426700021146
0.425963098358
0.424921566824
0.42290727174
0.422168671354
0.421721688475
0.419682941376
0.418056477824
0.415938633142
0.415517019398
0.412825108402
0.411056845411
0.409746312046
0.410150138798
0.410209989284
0.409783127105
0.410020945409
0.409282367246
0.409165467366
0.407804030819
0.407352281608
0.40760106086
0.408770899843
0.410086118674
0.410634929972
0.411684817672
0.413437818357
0.414777231768
0.414511206282
0.414529771661
0.415286262045
0.416294719193
0.416516746715
0.417286349028
0.41829608557
0.420082544961
0.421069747699
0.423805981211
0.426458453537
0.429671673348
0.431275557402
0.433779219855
0.437466393541
0.440058466111
0.442417223249
0.444874812339
0.447879774005
0.450983231315
0.452844555468
0.456727218904
0.459880352746
0.462833268548
0.464907694398
0.468486079689
0.471482542965
0.475661558584
0.478897517637
0.484258352568
0.488003859286
0.49101614564
0.49333337817
0.497033378447
0.502011981974
0.507288656422
0.510239039562
0.513004581873
0.514904750981
0.519119558022
0.521578365357
0.525480382102
0.529065761594
0.53346554283
0.537242980708
0.53956074437
0.544433355808
0.548063638286
0.552736088614
0.555640554797
0.5579364795
0.560977531111
0.563612172583
0.568248498768
0.572619349119
0.575804106148
0.579214083531
0.582360715737
0.586002045355
0.588448394084
0.588618141231
0.589969117114
0.592484583543
0.595239322997
0.597961141603
0.599658140261
0.603674653713
0.606548638543
0.608178964251
0.610012573174
0.612145894719
0.615122078397
0.616412544279
0.617537245679
0.617779958711
0.619027330503
0.61945005185
0.621797447218
0.623305783305
0.624468376529
0.625742050999
0.626182648079
0.626455157957
0.625467349081
0.626419560979
0.628026093932
0.628736405087
0.629713001471
0.630188735949
0.629145605482
0.62721169637
0.62528881626
0.625272486288
0.622717051501
0.621164005406
0.618531483003
0.617161814067
0.615328233564
0.613781372826
0.611842454096
0.609384812526
0.607369800116
0.604361427926
0.602321566718
0.599228123884
0.596813650414
0.592471577419
0.588433587568
0.584761339739
0.580919298494
0.576448864186
0.571567690521
0.566894990304
0.562499207906
0.557815317302
0.552551664064
0.547618875546
0.542930992559
0.537906726106
0.53268402451
0.527562594995
0.522475351396
0.517470833386
0.511508314901
0.506355266142
0.500700568032
0.495635378842
0.489912169856
0.483444440308
0.476727859347
0.470041029359
0.462777407333
0.455149482941
0.448538967529
0.442078871108
0.436166100243
0.429485746445
0.423619296937
0.417572153602
0.41108931677
0.404184466373
0.396683270806
0.390219643973
0.383563332884
0.377530041289
0.371234616241
0.365490306304
0.359003218073
0.351953609556
0.344272172342
0.337404955836
0.330370437549
0.323805991515
0.317090934056
0.310101094349
0.303413831693
0.29641993275
0.291080189704
0.285316766377
0.280139584733
0.274196810078
0.268895233618
0.263702567629
0.258247742047
0.252511078043
0.246723386058
0.24145938304
0.235945208489
0.231277408006
0.225651195268
0.221127956417
0.21520107214
0.210207688048
0.205012566663
0.201579739851
0.197630365789
0.19393644403
0.189243994678
0.185227782836
0.181627578754
0.178622284221
0.176329858784
0.173610826973
0.170512466382
0.167215668367
0.164666193918
0.162786904808
0.160799428463
0.158114956259
0.154857682651
0.151962858316
0.149516304953
0.147946213307
0.144915562085
0.141766828202
0.13850965691
0.137690688709
0.136013031801
0.133868435573
0.130065498482
0.128020858795
0.126624673341
0.126620312115
0.125128436824
0.123639903627
0.121373769538
0.121435912322
0.120876579639
0.120446266409
0.119384607369
0.118936925744
0.118923812858
0.118532165248
0.117056520935
0.114989078317
0.112741370428
0.111945321958
0.111086779728
0.110170492856
0.10855725564
0.106747514854
0.104529160612
0.102759770112
0.102219708982
0.102011349302
0.101367781955
0.100617492195
0.0999499664348
0.100038596806
0.100158129499
0.099310716663
0.0985983859371
0.0969338962214
0.0967697560901
0.0960034590285
0.0960351952801
0.0949840750327
0.0947154487367
0.0933416444247
0.0933343917812
0.092848313063
0.093031436162
0.0918718043392
0.0912748419105
0.0899760371834
0.090280659946
0.0892946354335
0.0897352097137
0.0891779850729
0.0891687620071
0.0887385079639
0.0884126161084
0.0887725096204
0.0889051103201
0.0891064736751
0.0885447095914
0.0883278479832
0.0875923791976
0.0879469094489
0.0886885163466
0.0897227911426
0.0895324901103
0.0888692975393
0.088394744585
0.0886927947978
0.0888652642439
0.0891169365028
0.0886737435202
0.0881442798451
0.0876467808999
0.0882674006164
0.0897465926327
0.0912804061931
0.0923708633012
0.0919697926008
0.0921332450039
0.0922245422801
0.0937621956576
0.0952330476178
0.0966383321057
0.0972598304325
0.0977419551082
0.09763576844
0.0980327637776
0.0980661591008
0.0990521315096
0.100028688409
0.0996891407535
0.098728163916
0.0969661583366
0.0968651186041
0.0979743984932
0.0989967283282
0.0993739038183
0.0977889364415
0.0962540245042
0.0952731580993
0.0941765972905
0.0951477552612
0.0945372469702
0.0951177538748
0.0937763235801
0.0927422830339
0.0917691653396
0.0907653100404
0.0917446127947
0.0915497926659
0.0922468589169
0.0915796811111
0.0911761795843
0.0895798032507
0.0882357231898
0.0881401050904
0.0886106371923
0.09002767602
0.0895126402425
0.089316137858
0.0866747618183
0.0854949095913
0.0843575194039
0.0852333904861
0.0868580210794
0.0871054021993
0.0873161552069
0.0854501267071
0.0850336883224
0.0842736124152
0.0845397304105
0.0863581423132
0.087182705735
0.0888875375742
0.0882176726346
0.0885551439735
0.0880552410198
0.0881877035538
0.0889817826571
0.0902355328306
0.0919266839683
0.0922230703049
0.0922539823724
0.0913826106393
0.09069895268
0.090353736632
0.0905904505648
0.0920590110946
0.0922274492478
0.0928339580116
0.0922177441061
0.0922896494379
0.091220819276
0.0908814704679
0.0905574596317
0.0918149131841
0.0923055099513
0.0938461893412
0.093608774888
0.0932118868412
0.0922072418279
0.0916164186146
0.0916464291094
0.0920533711082
0.0929758054179
0.0950640080554
0.0954115469202
0.0952484909705
0.0944093129719
0.0933531752057
0.0933216999021
0.0935254249519
0.0955813909748
0.0968257258026
0.0972823595011
0.09696824488
0.0971345755987
0.0971080668657
0.0970828497304
0.0973220193054
0.0986568140406
0.100650142428
0.10200965401
0.102102621352
0.101951245083
0.101218859349
0.100458838852
0.0998346979744
0.100116517772
0.101860793153
0.10352043855
0.104596319622
0.105322895106
0.105271449468
0.104825794495
0.103133911372
0.102739155445
0.103314789288
0.105066781175
0.106219254153
0.10767153475
0.109145654663
0.109100947261
0.109084117115
0.107892214297
0.108200322959
0.108330912605
0.109209812627
0.110854993744
0.111942511774
0.113508689801
0.114693475407
0.115145868151
0.115117826105
0.113896825066
0.114077402618
0.113790315834
0.115571212119
0.117209287415
0.119395795295
0.121115785401
0.121928388892
0.123031725229
0.12227264653
0.122298056717
0.122370512929
0.123348461618
0.124605934949
0.126178800489
0.127204345729
0.128675105849
0.128514689692
0.129311791971
0.127761020817
0.127494992942
0.126388010981
0.126871062433
0.12665915411
0.127131508491
0.128131821349
0.128930475179
0.130353406314
0.130471958946
0.131598420472
0.131601141141
0.131569271076
0.131739611944
0.132542249237
0.135027051256
0.137565248247
0.139629360076
0.141639361393
0.143102028609
0.145406374556
0.145937206628
0.14571139542
0.145809197235
0.145716113266
0.146422539356
0.145186607706
0.146013953259
0.146789456292
0.148517251511
0.148999536997
0.149448076726
0.148922336087
0.148628501304
0.146200689331
0.144881601092
0.143580955483
0.144494327994
0.145346753743
0.146557240255
0.148320763584
0.150395452749
0.151762339705
0.152406552543
0.151392592409
0.150644184268
0.150109346425
0.150260606238
0.150262898277
0.15067352153
0.151795763849
0.153140321074
0.153204258165
0.15452058466
0.155438674311
0.15726042028
0.157531407595
0.156965177696
0.156530073272
0.156230316907
0.157927585193
0.158422284305
0.160447772138
0.161373643699
0.163348372344
0.164547887433
0.165289356461
0.165475145031
0.164582364862
0.164239353097
0.163030209026
0.162406258043
0.161892753109
0.161762718227
0.160824057864
0.160001772454
0.160331653222
0.161060159383
0.161757046697
0.161527542559
0.160591421844
0.159030857648
0.158081010599
0.156957810242
0.156897811851
0.156838329947
0.157016371429
0.156891137349
0.15648674043
0.156941348885
0.156987243808
0.156654052195
0.155774698079
0.154760797234
0.153979755525
0.153620992543
0.15290179024
0.152889159842
0.152679267561
0.152258810315
0.151079576005
0.150442197925
0.149689260915
0.149696814959
0.149134576261
0.148668007655
0.146999473831
0.146394207047
0.145304868211
0.144541389635
0.142496873322
0.141483717289
0.139927066251
0.137830961432
0.136416982225
0.133778757774
0.132169144787
0.129563815959
0.128642264834
0.126431834115
0.124031659529
0.122149771178
0.120114375915
0.118438363536
0.115857741266
0.114978725152
0.113633487177
0.113563111938
0.111325659979
0.111059476954
0.109241839731
0.108156695204
END
