380.3
381.1
381.9
382.7
383.5
384.4
385.2
386.0
386.8
387.6
388.4
389.2
390.1
390.9
391.7
392.5
393.3
394.1
394.9
395.8
396.6
397.4
398.2
399.0
399.8
400.6
401.5
402.3
403.1
403.9
404.7
405.5
406.3
407.2
408.0
408.8
409.6
410.4
411.2
412.0
412.8
413.7
414.5
415.3
416.1
416.9
417.7
418.5
419.4
420.2
421.0
421.8
422.6
423.4
424.2
425.1
425.9
426.7
427.5
428.3
429.1
429.9
430.8
431.6
432.4
433.2
434.0
434.8
435.6
436.4
437.3
438.1
438.9
439.7
440.5
441.3
442.1
443.0
443.8
444.6
445.4
446.2
447.0
447.8
448.7
449.5
450.3
451.1
451.9
452.7
453.5
454.4
455.2
456.0
456.8
457.6
458.4
459.2
460.0
460.9
461.7
462.5
463.3
464.1
464.9
465.7
466.6
467.4
468.2
469.0
469.8
470.6
471.4
472.3
473.1
473.9
474.7
475.5
476.3
477.1
478.0
478.8
479.6
480.4
481.2
482.0
482.8
483.6
484.5
485.3
486.1
486.9
487.7
488.5
489.3
490.2
491.0
491.8
492.6
493.4
494.2
495.0
495.9
496.7
497.5
498.3
499.1
499.9
500.7
501.6
502.4
503.2
504.0
504.8
505.6
506.4
507.2
508.1
508.9
509.7
510.5
511.3
512.1
512.9
513.7
514.5
515.3
516.1
516.8
517.6
518.4
519.2
520.0
520.8
521.5
522.3
523.1
523.9
524.7
525.5
526.2
527.0
527.8
528.6
529.4
530.2
530.9
531.7
532.5
533.3
534.1
534.9
535.6
536.4
537.2
538.0
538.8
539.6
540.3
541.1
541.9
542.7
543.5
544.3
545.0
545.8
546.6
547.4
548.2
549.0
549.7
550.5
551.3
552.1
552.9
553.7
554.4
555.2
556.0
556.8
557.6
558.4
559.1
559.9
560.7
561.5
562.3
563.1
563.8
564.6
565.4
566.2
567.0
567.8
568.5
569.3
570.1
570.9
571.7
572.5
573.2
574.0
574.8
575.6
576.4
577.2
577.9
578.7
579.5
580.3
581.1
581.9
582.6
583.4
584.2
585.0
585.8
586.6
587.3
588.1
588.9
589.6
590.3
591.1
591.8
592.6
593.3
594.0
594.8
595.5
596.3
597.0
597.7
598.5
599.2
600.0
600.7
601.5
602.2
602.9
603.7
604.4
605.2
605.9
606.6
607.4
608.1
608.9
609.6
610.3
611.1
611.8
612.6
613.3
614.0
614.8
615.5
616.3
617.0
617.7
618.5
619.2
620.0
620.7
621.4
622.2
622.9
623.7
624.4
625.2
625.9
626.6
627.4
628.1
628.9
629.6
630.3
631.1
631.8
632.6
633.3
634.0
634.8
635.5
636.3
637.0
637.7
638.5
639.2
640.0
640.7
641.4
642.2
642.9
643.7
644.4
645.1
645.9
646.6
647.4
648.1
648.8
649.6
650.3
651.1
651.8
652.6
653.3
654.0
654.8
655.5
656.3
657.0
657.7
658.5
659.2
660.0
660.7
661.4
662.2
662.9
663.7
664.4
665.1
665.9
666.6
667.4
668.1
668.9
669.6
670.4
671.2
671.9
672.7
673.4
674.2
674.9
675.7
676.5
677.2
678.0
678.7
679.5
680.2
681.0
681.8
682.5
683.3
684.0
684.8
685.5
686.3
687.1
687.8
688.6
689.3
690.1
690.8
691.6
692.4
693.1
693.9
694.6
695.4
696.1
696.9
697.7
698.4
699.2
699.9
700.7
701.4
702.2
703.0
703.7
704.5
705.2
706.0
706.8
707.6
708.4
709.2
710.0
710.8
711.6
712.4
713.2
714.0
714.8
715.6
716.4
717.2
718.0
718.8
719.6
720.4
721.2
722.0
722.8
723.6
724.4
725.2
726.0
726.8
727.6
728.4
729.2
730.0
730.8
731.6
732.4
733.2
734.0
734.8
735.6
736.4
737.2
738.0
738.8
739.6
740.4
741.2
742.0
742.8
743.6
744.4
745.2
746.0
746.8
747.6
748.4
749.2
750.0
750.8
751.6
752.4
753.2
754.0
754.8
755.6
756.4
757.2
758.0
758.8
759.6
760.4
761.2
762.0
762.8
763.6
764.4
765.2
766.0
766.8
767.6
768.4
769.2
770.0
770.8
771.6
772.4
773.2
774.1
774.9
775.7
776.5
777.3
778.1
778.9
779.7
780.5
781.3
782.1
782.9
783.7
784.5
785.3
786.1
786.9
787.7
788.5
789.3
790.1
790.9
791.7
792.5
793.3
794.1
794.9
795.7
796.5
797.3
798.1
798.9
799.7
800.5
801.3
802.1
802.9
803.7
804.5
805.3
806.1
806.9
807.7
808.5
809.3
810.1
810.9
811.7
812.5
813.3
814.1
814.9
815.7
816.5
817.3
818.1
818.9
819.7
820.5
821.3
822.1
822.9
823.7
824.5
825.3
826.1
826.9
827.7
828.5
829.3
830.1
830.9
831.7
832.6
833.4
834.3
835.1
835.9
836.8
837.6
838.5
839.3
840.2
841.0
841.9
842.7
843.5
844.4
845.2
846.1
846.9
847.8
848.6
849.4
850.3
851.1
852.0
852.8
853.7
854.5
855.3
856.2
857.0
857.9
858.7
859.6
860.4
861.3
862.1
862.9
863.8
864.6
865.5
866.3
867.2
868.0
868.8
869.7
870.5
871.4
872.2
873.1
873.9
874.8
875.6
876.4
877.3
878.1
879.0
879.8
880.7
881.5
882.3
883.2
884.0
884.9
885.7
886.6
887.4
888.2
889.1
889.9
890.8
891.6
892.5
893.3
894.2
895.0
895.8
896.7
897.5
898.4
899.2
NEXT_SERIES
0.552810338726
0.549874999531
0.550903664888
0.548116155722
0.545874442267
0.547099975293
0.556949318994
0.571423582723
0.585105263151
0.599699314485
0.617080673592
0.634743527849
0.653779903347
0.672406769549
0.687687922732
0.703695415013
0.71819876093
0.733226142917
0.744219320145
0.752083325398
0.75686567129
0.758608405265
0.756171358402
0.752652917736
0.744985000343
0.738089123271
0.728355531847
0.720251233526
0.712054706879
0.70464555348
0.697486454417
0.690459556612
0.685216747588
0.681516327555
0.680358031118
0.678187346453
0.676898351019
0.67490241803
0.675108791194
0.675454983179
0.676065861623
0.675593497296
0.676375345286
0.676760039129
0.679056544567
0.679981185939
0.680030607259
0.6804142819
0.679881564295
0.68041623427
0.68039292476
0.681523612346
0.68177885997
0.681007136616
0.679403119756
0.677502737705
0.677122903624
0.676839111735
0.676419614695
0.675477449352
0.674265854834
0.67373580892
0.673284913164
0.672805342989
0.672457272274
0.672332841385
0.670902776273
0.66929264508
0.667053385124
0.6653999803
0.665512514794
0.663290856168
0.662829790781
0.659198817083
0.658765072247
0.656141609819
0.655219369549
0.652972843441
0.652676209468
0.652244151929
0.651603145662
0.649848751996
0.648712469009
0.647976749829
0.647167178644
0.645209743914
0.643803726172
0.642896345156
0.642184370251
0.641433716056
0.640421687117
0.640487659745
0.639765602505
0.638932635399
0.637862774255
0.636205666895
0.635421417313
0.634348266657
0.635414664043
0.63653680843
0.637416201574
0.63696548195
0.637353466611
0.63987149217
0.641324905071
0.642218852246
0.642946508752
0.644806089477
0.645861241094
0.647717492076
0.650914162024
0.653496134545
0.65490230849
0.657102571262
0.661242252707
0.664030702972
0.664646099485
0.664713243749
0.667738197139
0.672331825744
0.675370355831
0.677765242955
0.680322734204
0.685307370568
0.688866865365
0.691561714346
0.695073176637
0.699701324019
0.70517457268
0.709539889614
0.714527969242
0.716767952932
0.719612695863
0.721896539509
0.725987424685
0.730424890572
0.734426226916
0.740456128227
0.745534455306
0.749199265585
0.751575199411
0.755401986743
0.760803100369
0.764456717764
0.767747299716
0.771218267983
0.775232532748
0.77873932238
0.781185964292
0.786579511075
0.7898610548
0.792953655378
0.792501540706
0.792632084675
0.79231425129
0.794481592329
0.795654530027
0.796644151614
0.794343668323
0.796316578559
0.798311832302
0.800860580851
0.800324269307
0.799898712143
0.800983099867
0.80097140978
0.80064886756
0.797387353204
0.795247888267
0.793464130273
0.794393076174
0.79376724877
0.792841009747
0.791215938661
0.789846955358
0.788616796254
0.786783461775
0.786310587741
0.786319532943
0.786233678928
0.785068199047
0.783314717034
0.780591259245
0.779365803819
0.777159929778
0.776527628845
0.772676883882
0.769179755872
0.764782714093
0.761153457463
0.759596911438
0.755953767752
0.754226957399
0.751522278991
0.750222321327
0.747438972631
0.74373527489
0.739104143806
0.734479766269
0.729699902527
0.726251738483
0.721562862802
0.717958934636
0.71181097735
0.707929613194
0.701552118635
0.697179795358
0.690168544336
0.683937560836
0.678431826157
0.673385146778
0.667243558929
0.661342054476
0.655170761667
0.650685938787
0.644898115615
0.638664718648
0.632774389531
0.626795221452
0.621230577232
0.613662799782
0.60635016209
0.599712324954
0.593101289247
0.584916502724
0.576240296249
0.568117450227
0.560762602524
0.554566567584
0.547610357341
0.540576424427
0.532986292621
0.52637462359
0.51919854055
0.511153171018
0.50363824881
0.496886782007
0.490231972224
0.483228640235
0.476610176958
0.469806464206
0.46293210893
0.455598896932
0.448092818002
0.440794545775
0.433363005033
0.425491153218
0.417893058644
0.411369573191
0.405410868514
0.399123781582
0.392215689982
0.385760902327
0.379271082782
0.373449907048
0.367892706617
0.363078208082
0.356840948044
0.351575866135
0.345985432169
0.340620721505
0.335168157206
0.328948688345
0.323790776363
0.317961784393
0.312733008829
0.307078620462
0.301645831125
0.296760272136
0.292307879098
0.288377441953
0.283807044383
0.279999843039
0.27642666542
0.27374862301
0.271730191144
0.268867954637
0.266312020643
0.262140314151
0.259782276616
0.257779305273
0.256143457761
0.25335284661
0.249621234555
0.246678298714
0.243893379093
0.240691759284
0.237573759813
0.234031119479
0.232144547131
0.229653309946
0.227910740671
0.225621190658
0.223905698006
0.222136846687
0.221250146764
0.220035198112
0.219056146649
0.217541354779
0.217839966932
0.21788306916
0.218257369778
0.217080167011
0.216545812369
0.21542649552
0.215304892412
0.214387500064
0.212820799447
0.210656143602
0.208672278221
0.207946524394
0.207015898075
0.205939242975
0.20413395239
0.202190766956
0.200561789117
0.199301025154
0.198365361194
0.197248339133
0.196139461407
0.195133053227
0.194060309417
0.194021521334
0.193230186793
0.193220636537
0.191225397628
0.190285945357
0.188816216085
0.188984371107
0.187312417614
0.187126691905
0.185141343764
0.184869714275
0.182737984434
0.182599570549
0.181394035977
0.181849738021
0.179637076623
0.179397258758
0.177465280964
0.17834442357
0.177499707763
0.178260374616
0.177177657445
0.178191633273
0.177455085805
0.178750479779
0.178402486249
0.178680323897
0.178397022999
0.178115930335
0.179234217164
0.18031685101
0.182416362794
0.183287708501
0.184121736027
0.183853399867
0.184733413884
0.184924465177
0.187828194573
0.189702190317
0.191898404337
0.191814594903
0.193647534034
0.196737185722
0.200979651195
0.204424876599
0.20598546807
0.207619946928
0.209110212892
0.212653989468
0.216333502691
0.220046327893
0.223349121741
0.225290346842
0.226573564799
0.227277763892
0.22825683214
0.229956480869
0.232586172493
0.234354067504
0.234295610735
0.232031617961
0.230374078539
0.230330241868
0.23050249332
0.230713686512
0.228654099525
0.225366826014
0.221468119906
0.217307435824
0.216043525374
0.213791679051
0.212723002881
0.207856915227
0.203235048278
0.197335686462
0.193788217689
0.192166654184
0.190746057755
0.188638665528
0.184703885252
0.181417401026
0.177207160666
0.173868096958
0.172100769277
0.171810106131
0.172340497271
0.170414063177
0.167940826638
0.163022189817
0.159557735257
0.157518447684
0.157942386129
0.159011450246
0.158369318551
0.157035041629
0.153574802941
0.151954639805
0.150314516781
0.150492481182
0.151775117944
0.152517328622
0.153736677884
0.152244575913
0.151396153635
0.149599413693
0.14938613608
0.150175260142
0.152269651336
0.153384276594
0.153804859207
0.152460769217
0.15113923068
0.148990843274
0.14890064616
0.149301540141
0.150872804164
0.151488621325
0.151657715534
0.150474750243
0.149203098458
0.148450782589
0.148092795377
0.148569245494
0.149206020133
0.149900245903
0.150145587636
0.149069438903
0.14749051351
0.145781470286
0.144791593592
0.144823591604
0.145405438166
0.146238621048
0.147282054977
0.147142972341
0.146514659519
0.145925165299
0.145381212985
0.145536486243
0.145577971624
0.146828057093
0.147691951377
0.14801535969
0.14693672848
0.145629495894
0.145085233486
0.145905036423
0.14743374303
0.148716190226
0.149848349372
0.150968953105
0.151253476537
0.15092819688
0.148895376192
0.147966004596
0.147035650381
0.147669572522
0.148329496614
0.149394024726
0.150266816211
0.150651381212
0.150081992651
0.14885205964
0.146873060797
0.145916377953
0.145593097323
0.146683200274
0.147336952134
0.148558306621
0.149110295311
0.14918174288
0.149181720028
0.148407498935
0.147710852759
0.147237519094
0.14689915264
0.147961087346
0.148757561656
0.15037922663
0.150717451818
0.150842742445
0.150767688871
0.149982875985
0.149782835483
0.149158720615
0.150683413217
0.151320002366
0.152892797976
0.154426562793
0.155253508141
0.155934855762
0.15467346164
0.154577918828
0.15399002528
0.15450403025
0.154750694779
0.156321265781
0.156843911171
0.157956816007
0.157755764622
0.158310918522
0.157489583209
0.156592069625
0.154111734002
0.153315588429
0.15244618967
0.15310915555
0.153861354484
0.154616325426
0.15636230071
0.156437730439
0.157424989478
0.156556622374
0.156177684103
0.155238762837
0.155777106856
0.157513795987
0.160264172926
0.162199472485
0.164195488228
0.165987070529
0.167984547939
0.168562693181
0.16727667896
0.166009569068
0.166168663505
0.167131001758
0.16735303064
0.166873392289
0.167153730481
0.16873411056
0.169667321095
0.170085133808
0.16866328938
0.167708575938
0.165329516848
0.164009977276
0.162317086427
0.16194133292
0.162338489423
0.16361209753
0.165373264668
0.166767785847
0.168071265639
0.168264166585
0.167904783161
0.165933864653
0.165075471112
0.164370049902
0.164513062552
0.16465470159
0.16540481343
0.166137567445
0.166498797944
0.16762581942
0.169145257675
0.170560582548
0.170964560298
0.170621812886
0.169887073231
0.168977002997
0.169629283925
0.170831473886
0.172444228005
0.173939063261
0.176081222733
0.177693300735
0.178712145676
0.178496873068
0.178046825976
0.17732279061
0.175834073322
0.175589634585
0.174929672868
0.17524382344
0.174851740631
0.174930440076
0.176075982645
0.176276515624
0.176597584552
0.175716103781
0.175375019319
0.173721169516
0.172476209057
0.171454959411
0.171298536917
0.171237377626
0.171434825167
0.171756628281
0.172233601601
0.172483507783
0.172873815712
0.173421572764
0.17279874179
0.173208097092
0.172442092132
0.172597852239
0.171570809878
0.170581488697
0.17088807939
0.170302717871
0.17026854618
0.169824076397
0.169971982966
0.16982436426
0.169815165364
0.170170912802
0.170792034342
0.170441547854
0.169622052883
0.168144039027
0.167428436334
0.165648804169
0.16549936285
0.164240497131
0.163890045303
0.161714549233
0.158634279426
0.15692724707
0.15519155659
0.154688719271
0.152679026324
0.15132173374
0.14946791923
0.1486360466
0.147672696107
0.146302000424
0.143904036492
0.143391601151
0.142191521271
0.142706858231
0.14047113976
0.138424817084
END
