380.3
381.1
381.9
382.7
383.5
384.4
385.2
386.0
386.8
387.6
388.4
389.2
390.1
390.9
391.7
392.5
393.3
394.1
394.9
395.8
396.6
397.4
398.2
399.0
399.8
400.6
401.5
402.3
403.1
403.9
404.7
405.5
406.3
407.2
408.0
408.8
409.6
410.4
411.2
412.0
412.8
413.7
414.5
415.3
416.1
416.9
417.7
418.5
419.4
420.2
421.0
421.8
422.6
423.4
424.2
425.1
425.9
426.7
427.5
428.3
429.1
429.9
430.8
431.6
432.4
433.2
434.0
434.8
435.6
436.4
437.3
438.1
438.9
439.7
440.5
441.3
442.1
443.0
443.8
444.6
445.4
446.2
447.0
447.8
448.7
449.5
450.3
451.1
451.9
452.7
453.5
454.4
455.2
456.0
456.8
457.6
458.4
459.2
460.0
460.9
461.7
462.5
463.3
464.1
464.9
465.7
466.6
467.4
468.2
469.0
469.8
470.6
471.4
472.3
473.1
473.9
474.7
475.5
476.3
477.1
478.0
478.8
479.6
480.4
481.2
482.0
482.8
483.6
484.5
485.3
486.1
486.9
487.7
488.5
489.3
490.2
491.0
491.8
492.6
493.4
494.2
495.0
495.9
496.7
497.5
498.3
499.1
499.9
500.7
501.6
502.4
503.2
504.0
504.8
505.6
506.4
507.2
508.1
508.9
509.7
510.5
511.3
512.1
512.9
513.7
514.5
515.3
516.1
516.8
517.6
518.4
519.2
520.0
520.8
521.5
522.3
523.1
523.9
524.7
525.5
526.2
527.0
527.8
528.6
529.4
530.2
530.9
531.7
532.5
533.3
534.1
534.9
535.6
536.4
537.2
538.0
538.8
539.6
540.3
541.1
541.9
542.7
543.5
544.3
545.0
545.8
546.6
547.4
548.2
549.0
549.7
550.5
551.3
552.1
552.9
553.7
554.4
555.2
556.0
556.8
557.6
558.4
559.1
559.9
560.7
561.5
562.3
563.1
563.8
564.6
565.4
566.2
567.0
567.8
568.5
569.3
570.1
570.9
571.7
572.5
573.2
574.0
574.8
575.6
576.4
577.2
577.9
578.7
579.5
580.3
581.1
581.9
582.6
583.4
584.2
585.0
585.8
586.6
587.3
588.1
588.9
589.6
590.3
591.1
591.8
592.6
593.3
594.0
594.8
595.5
596.3
597.0
597.7
598.5
599.2
600.0
600.7
601.5
602.2
602.9
603.7
604.4
605.2
605.9
606.6
607.4
608.1
608.9
609.6
610.3
611.1
611.8
612.6
613.3
614.0
614.8
615.5
616.3
617.0
617.7
618.5
619.2
620.0
620.7
621.4
622.2
622.9
623.7
624.4
625.2
625.9
626.6
627.4
628.1
628.9
629.6
630.3
631.1
631.8
632.6
633.3
634.0
634.8
635.5
636.3
637.0
637.7
638.5
639.2
640.0
640.7
641.4
642.2
642.9
643.7
644.4
645.1
645.9
646.6
647.4
648.1
648.8
649.6
650.3
651.1
651.8
652.6
653.3
654.0
654.8
655.5
656.3
657.0
657.7
658.5
659.2
660.0
660.7
661.4
662.2
662.9
663.7
664.4
665.1
665.9
666.6
667.4
668.1
668.9
669.6
670.4
671.2
671.9
672.7
673.4
674.2
674.9
675.7
676.5
677.2
678.0
678.7
679.5
680.2
681.0
681.8
682.5
683.3
684.0
684.8
685.5
686.3
687.1
687.8
688.6
689.3
690.1
690.8
691.6
692.4
693.1
693.9
694.6
695.4
696.1
696.9
697.7
698.4
699.2
699.9
700.7
701.4
702.2
703.0
703.7
704.5
705.2
706.0
706.8
707.6
708.4
709.2
710.0
710.8
711.6
712.4
713.2
714.0
714.8
715.6
716.4
717.2
718.0
718.8
719.6
720.4
721.2
722.0
722.8
723.6
724.4
725.2
726.0
726.8
727.6
728.4
729.2
730.0
730.8
731.6
732.4
733.2
734.0
734.8
735.6
736.4
737.2
738.0
738.8
739.6
740.4
741.2
742.0
742.8
743.6
744.4
745.2
746.0
746.8
747.6
748.4
749.2
750.0
750.8
751.6
752.4
753.2
754.0
754.8
755.6
756.4
757.2
758.0
758.8
759.6
760.4
761.2
762.0
762.8
763.6
764.4
765.2
766.0
766.8
767.6
768.4
769.2
770.0
770.8
771.6
772.4
773.2
774.1
774.9
775.7
776.5
777.3
778.1
778.9
779.7
780.5
781.3
782.1
782.9
783.7
784.5
785.3
786.1
786.9
787.7
788.5
789.3
790.1
790.9
791.7
792.5
793.3
794.1
794.9
795.7
796.5
797.3
798.1
798.9
799.7
800.5
801.3
802.1
802.9
803.7
804.5
805.3
806.1
806.9
807.7
808.5
809.3
810.1
810.9
811.7
812.5
813.3
814.1
814.9
815.7
816.5
817.3
818.1
818.9
819.7
820.5
821.3
822.1
822.9
823.7
824.5
825.3
826.1
826.9
827.7
828.5
829.3
830.1
830.9
831.7
832.6
833.4
834.3
835.1
835.9
836.8
837.6
838.5
839.3
840.2
841.0
841.9
842.7
843.5
844.4
845.2
846.1
846.9
847.8
848.6
849.4
850.3
851.1
852.0
852.8
853.7
854.5
855.3
856.2
857.0
857.9
858.7
859.6
860.4
861.3
862.1
862.9
863.8
864.6
865.5
866.3
867.2
868.0
868.8
869.7
870.5
871.4
872.2
873.1
873.9
874.8
875.6
876.4
877.3
878.1
879.0
879.8
880.7
881.5
882.3
883.2
884.0
884.9
885.7
886.6
887.4
888.2
889.1
889.9
890.8
891.6
892.5
893.3
894.2
895.0
895.8
896.7
897.5
898.4
899.2
NEXT_SERIES
0.198476891328
0.196932996493
0.194547436049
0.192374586965
0.191037315574
0.190893668182
0.194966062613
0.202867553112
0.213414602705
0.226995467703
0.240458122748
0.254039081806
0.266925001784
0.281855678493
0.296424222893
0.311317157689
0.322433660644
0.332038440869
0.338702704455
0.344240932822
0.347457584387
0.346946786073
0.342989681904
0.337579753024
0.331341142374
0.323844964097
0.317098357964
0.310956936513
0.304937657648
0.298172301164
0.292427434393
0.289318583399
0.286476773373
0.28519232504
0.283471040421
0.283850479671
0.283753886649
0.284704630536
0.284646052634
0.285601504823
0.287094936976
0.290526856017
0.292018197327
0.295104130523
0.297502138052
0.300693151562
0.303537156626
0.305773670073
0.308439085879
0.309593943137
0.310907370574
0.31348840833
0.315052611256
0.316523459293
0.316252885875
0.316561347361
0.316429339755
0.317704530217
0.318627621895
0.319065183401
0.318148568512
0.317161723359
0.316820962222
0.315525317065
0.314362999258
0.313053219565
0.311418555399
0.309805461657
0.307012550605
0.305599376076
0.303706833786
0.301323920452
0.298504496034
0.295560467209
0.292499238945
0.29033972416
0.287577683622
0.286670270781
0.284644176737
0.282579943636
0.280082614529
0.27796305962
0.275765497295
0.274058671096
0.272465796696
0.2712341078
0.268852262402
0.266257405886
0.264720466725
0.264340351053
0.263337327061
0.262559935444
0.261614078445
0.259822011995
0.257801938587
0.254679337941
0.253781414129
0.251738051527
0.250912082561
0.249901825816
0.249641788
0.248849616546
0.247592349148
0.247175675835
0.246605676823
0.246926582535
0.246193808325
0.246221911255
0.243863759577
0.243458847168
0.242921232845
0.244178434519
0.243971899051
0.244742555083
0.245465332052
0.246702326893
0.247677324444
0.247784129998
0.248570193627
0.248220720359
0.24885645015
0.25001812266
0.252358190997
0.253302280497
0.253350544598
0.252826960529
0.253519982206
0.255717345373
0.257751406331
0.259770007612
0.261241884103
0.261061266119
0.261814069758
0.261296065371
0.26347360001
0.264563198314
0.266438563813
0.267624134714
0.269450455199
0.270438501516
0.271607844311
0.272699464315
0.274486536179
0.27551367136
0.27642369416
0.27728434085
0.27900138085
0.281806117707
0.283724186443
0.285885639142
0.286291798283
0.286858149916
0.286726610528
0.286704179322
0.286567153218
0.28641529268
0.287197862114
0.287390557748
0.288177862928
0.289096489622
0.290841600388
0.291520811766
0.291769068506
0.292247123588
0.291681220879
0.290876968758
0.290168782807
0.289912179335
0.289051050538
0.288495721856
0.288440376658
0.288938206983
0.288363353009
0.288696325752
0.287883921796
0.288181836112
0.287197921366
0.288889368984
0.289245410387
0.290480015623
0.289686626534
0.289082555487
0.288232741271
0.287372893969
0.28653338901
0.28556135094
0.284141454294
0.283480910002
0.282326054637
0.281243113437
0.280850278388
0.280278746901
0.280278531857
0.278807286885
0.277478692255
0.276252211572
0.275642809368
0.275797443997
0.274917959961
0.273419185532
0.271388385582
0.270370269123
0.269041200073
0.268138009656
0.26670364762
0.264840915599
0.26239944542
0.259780954142
0.257589096345
0.255735859193
0.253554402086
0.251379161033
0.248824011248
0.246848098458
0.245766042647
0.244382256168
0.242804624344
0.240979750077
0.239507719797
0.23780179525
0.23477535308
0.232395440402
0.230774589349
0.228922637911
0.225614404132
0.222359908863
0.219826486878
0.218332033433
0.215801443723
0.213703389305
0.210545401283
0.208670188141
0.206742518745
0.204964225157
0.202237182802
0.199649071554
0.197135604453
0.194689529693
0.191795371865
0.189619027207
0.187611947371
0.185370278366
0.183094139348
0.179961382267
0.177710466238
0.17461857422
0.17226136734
0.1693668572
0.167105570942
0.164505295304
0.162695047542
0.160345659163
0.158300428073
0.155361331462
0.153212565788
0.151153982744
0.149704744555
0.147236731962
0.145224245267
0.14289024523
0.141049521691
0.138552621975
0.135709443468
0.133780075265
0.131885185563
0.130156187209
0.127585910627
0.125547495146
0.123373890824
0.121753179119
0.120091042097
0.11815099277
0.115955899333
0.114840723046
0.11470721913
0.114705336927
0.113006652157
0.111225045092
0.109562610898
0.109779043894
0.109694982882
0.108727063316
0.105992511243
0.103407527993
0.102256022331
0.101634489122
0.100250522099
0.098116988386
0.0959886867605
0.0956355043813
0.0948643567208
0.0936775561244
0.0909622505164
0.0893591060174
0.0886709338453
0.0892043891742
0.0888024091697
0.0882779843843
0.0873086490465
0.0871562775495
0.0870584496733
0.0868028614565
0.0861779319817
0.0854343555783
0.085002309382
0.0851833219615
0.0840804918364
0.0825816487618
0.0804314704533
0.0796745756296
0.0791999755105
0.0786167972711
0.077592341525
0.0758863534204
0.0741557872555
0.0731343886085
0.073143898469
0.0730482669103
0.0718301871797
0.0706861378053
0.069813734096
0.0698454007326
0.0703286962591
0.0701902295902
0.0697698409568
0.0680708540456
0.0680953460231
0.0678991551617
0.0686316855652
0.0673114276444
0.0666937376307
0.065138814338
0.0654049491536
0.0646523126534
0.0653478462986
0.0642659757115
0.0645533318326
0.0627687801224
0.0628210986093
0.0617645865831
0.062247242658
0.0616789596397
0.0619211126345
0.0611768085932
0.0615420499416
0.0613556675589
0.0619454817614
0.061718841734
0.0609740319534
0.0604563360903
0.0597129521747
0.0602917468653
0.0607857943263
0.0617381793038
0.0612918557407
0.0607163546486
0.0600573971873
0.0607151148827
0.0602953939497
0.0607473385284
0.0600398923906
0.0602359353126
0.059473461141
0.0601713347596
0.0612816159201
0.0630259399817
0.0634719377943
0.0638003888946
0.0635705918017
0.0645632941257
0.0655418398668
0.0670256492443
0.0680871276716
0.068845718951
0.0690053078024
0.068369802506
0.067961896086
0.067910245926
0.068965631183
0.0700768959575
0.0706186488252
0.0695092902127
0.0679725859315
0.0668973870404
0.0676871471164
0.0684119159128
0.0686629959882
0.0674239638945
0.0661207482085
0.0652643440398
0.0647648688424
0.065421898715
0.0650695455387
0.0657339396985
0.0642880414619
0.0636763067021
0.0617726790629
0.0610493244836
0.0614571797867
0.0617524425085
0.0628020666261
0.0622655893569
0.0618199509227
0.0599673175351
0.0586931450536
0.0584254933404
0.0589523499539
0.0599821052581
0.0597631984371
0.0594042517076
0.0570205359006
0.0556546769467
0.0544204521315
0.0557256616339
0.0565315776615
0.0567106870626
0.0558213272498
0.0544807987174
0.0542297208979
0.0538916680581
0.05382452126
0.0547734194148
0.0552790676882
0.0568612465032
0.0564137597013
0.0567122254436
0.0563122411279
0.0563691701732
0.0566354948442
0.0578286328839
0.0587135272942
0.0590568290278
0.0591176955093
0.0584935917538
0.0575919240827
0.0570761125874
0.0575597208807
0.05925046819
0.0595841201215
0.0595773550581
0.0587837122801
0.0577457844741
0.0572571306636
0.0567447519912
0.0571752087177
0.0577036298923
0.058646227388
0.059055375682
0.058823668643
0.057947678173
0.057189477642
0.0567475736872
0.0563838657413
0.0568502494916
0.0573757249878
0.0590207711256
0.0588527611516
0.0585516686517
0.0574830315626
0.0567425007159
0.0566469716917
0.0562318271612
0.0575805042373
0.0585200239925
0.0595779192822
0.0590672013488
0.0584923034297
0.0576776930946
0.0573919916266
0.0577735623704
0.0594597478733
0.0608908366031
0.0619153856791
0.0614880260398
0.0616351538257
0.0605982349631
0.0603079641409
0.059920764129
0.0606476558116
0.0611331362985
0.0620548905452
0.0625543743226
0.0631527958776
0.0629437367245
0.0623050776249
0.0611397235661
0.0602606864444
0.0598851384191
0.0605768759065
0.0612238630222
0.0622955724347
0.0630783845675
0.0629034108784
0.0625468630617
0.0614958544055
0.0619368552552
0.0623727676983
0.0627114416202
0.0634763538947
0.0642919133444
0.0655517360292
0.0659958800706
0.0658677617708
0.0655367649162
0.064626351376
0.0644124207249
0.0639914031652
0.0646056536781
0.0653312295023
0.0668005200847
0.0684017163694
0.0688171301522
0.0689002057617
0.0677410814131
0.067341912113
0.0671673800914
0.0677520391582
0.0684171408101
0.0693790624199
0.0692021577097
0.0699922042368
0.0700591806298
0.0703591387656
0.0691437025786
0.068289025404
0.0673138462716
0.067496431538
0.066981181728
0.0673177893968
0.0672757490631
0.0677220571344
0.0690421160378
0.0689102032464
0.0691640086014
0.068692278977
0.0687451301898
0.0686946690335
0.069157801816
0.0704223792526
0.0722788974629
0.073188793361
0.0747227443902
0.0757979540749
0.0771706425473
0.07753689694
0.0767943046878
0.0761974832662
0.0755512415722
0.0759965532148
0.0759142073377
0.0761528630339
0.0768747337092
0.0775608093426
0.0783281769454
0.0777908613324
0.0773405280599
0.0767351235613
0.0754445894598
0.0741352770068
0.073063977248
0.0727303903839
0.0732288722572
0.073742516626
0.0746743453603
0.0755311608158
0.0773771271467
0.0781599310036
0.0779818581017
0.0764055359514
0.0762665517735
0.076056271425
0.0760026493365
0.0759770539504
0.0766479452656
0.0771170175932
0.0774151924185
0.0784323246003
0.0789884425044
0.0796049548736
0.0793215503277
0.0793330436808
0.0791731513785
0.0787489058185
0.0800093046913
0.0805579524742
0.0820683383275
0.0827006699753
0.0841747573436
0.0851696875132
0.0855959712531
0.0854160890779
0.0850851927647
0.0845620017877
0.0834281499254
0.0827029541227
0.0816294312511
0.0818556486519
0.0811743959559
0.081286047525
0.0817463190349
0.0817182743005
0.0818510781684
0.0806951989694
0.0805741010487
0.0789465785777
0.0782374897952
0.0768619844118
0.077376968459
0.0775714202695
0.0779872265839
0.0783578530115
0.0781563542162
0.078012316245
0.0774903390485
0.0777655297604
0.0773755414316
0.0773355427651
0.0762975311108
0.0761562546859
0.0756615476724
0.0746364716593
0.0746853869397
0.0738108710598
0.0741492823287
0.0735713375771
0.0733196891999
0.0722409075258
0.071459297284
0.0708186344402
0.071116869637
0.0712018286173
0.0709432357546
0.0704723724895
0.0694639409927
0.0682231833386
0.0669869719097
0.0659404600514
0.0658545234132
0.0640952088173
0.062262218979
0.059434080166
0.0586041386424
0.0570759153111
0.0560532360619
0.0544421488773
0.0539248342784
0.0532752265509
0.0526396497792
0.0519453191053
0.0506553937596
0.0501864591059
0.048838575388
0.0488299476263
0.0476562395947
0.0459705037141
END
