380.3
381.1
381.9
382.7
383.5
384.4
385.2
386.0
386.8
387.6
388.4
389.2
390.1
390.9
391.7
392.5
393.3
394.1
394.9
395.8
396.6
397.4
398.2
399.0
399.8
400.6
401.5
402.3
403.1
403.9
404.7
405.5
406.3
407.2
408.0
408.8
409.6
410.4
411.2
412.0
412.8
413.7
414.5
415.3
416.1
416.9
417.7
418.5
419.4
420.2
421.0
421.8
422.6
423.4
424.2
425.1
425.9
426.7
427.5
428.3
429.1
429.9
430.8
431.6
432.4
433.2
434.0
434.8
435.6
436.4
437.3
438.1
438.9
439.7
440.5
441.3
442.1
443.0
443.8
444.6
445.4
446.2
447.0
447.8
448.7
449.5
450.3
451.1
451.9
452.7
453.5
454.4
455.2
456.0
456.8
457.6
458.4
459.2
460.0
460.9
461.7
462.5
463.3
464.1
464.9
465.7
466.6
467.4
468.2
469.0
469.8
470.6
471.4
472.3
473.1
473.9
474.7
475.5
476.3
477.1
478.0
478.8
479.6
480.4
481.2
482.0
482.8
483.6
484.5
485.3
486.1
486.9
487.7
488.5
489.3
490.2
491.0
491.8
492.6
493.4
494.2
495.0
495.9
496.7
497.5
498.3
499.1
499.9
500.7
501.6
502.4
503.2
504.0
504.8
505.6
506.4
507.2
508.1
508.9
509.7
510.5
511.3
512.1
512.9
513.7
514.5
515.3
516.1
516.8
517.6
518.4
519.2
520.0
520.8
521.5
522.3
523.1
523.9
524.7
525.5
526.2
527.0
527.8
528.6
529.4
530.2
530.9
531.7
532.5
533.3
534.1
534.9
535.6
536.4
537.2
538.0
538.8
539.6
540.3
541.1
541.9
542.7
543.5
544.3
545.0
545.8
546.6
547.4
548.2
549.0
549.7
550.5
551.3
552.1
552.9
553.7
554.4
555.2
556.0
556.8
557.6
558.4
559.1
559.9
560.7
561.5
562.3
563.1
563.8
564.6
565.4
566.2
567.0
567.8
568.5
569.3
570.1
570.9
571.7
572.5
573.2
574.0
574.8
575.6
576.4
577.2
577.9
578.7
579.5
580.3
581.1
581.9
582.6
583.4
584.2
585.0
585.8
586.6
587.3
588.1
588.9
589.6
590.3
591.1
591.8
592.6
593.3
594.0
594.8
595.5
596.3
597.0
597.7
598.5
599.2
600.0
600.7
601.5
602.2
602.9
603.7
604.4
605.2
605.9
606.6
607.4
608.1
608.9
609.6
610.3
611.1
611.8
612.6
613.3
614.0
614.8
615.5
616.3
617.0
617.7
618.5
619.2
620.0
620.7
621.4
622.2
622.9
623.7
624.4
625.2
625.9
626.6
627.4
628.1
628.9
629.6
630.3
631.1
631.8
632.6
633.3
634.0
634.8
635.5
636.3
637.0
637.7
638.5
639.2
640.0
640.7
641.4
642.2
642.9
643.7
644.4
645.1
645.9
646.6
647.4
648.1
648.8
649.6
650.3
651.1
651.8
652.6
653.3
654.0
654.8
655.5
656.3
657.0
657.7
658.5
659.2
660.0
660.7
661.4
662.2
662.9
663.7
664.4
665.1
665.9
666.6
667.4
668.1
668.9
669.6
670.4
671.2
671.9
672.7
673.4
674.2
674.9
675.7
676.5
677.2
678.0
678.7
679.5
680.2
681.0
681.8
682.5
683.3
684.0
684.8
685.5
686.3
687.1
687.8
688.6
689.3
690.1
690.8
691.6
692.4
693.1
693.9
694.6
695.4
696.1
696.9
697.7
698.4
699.2
699.9
700.7
701.4
702.2
703.0
703.7
704.5
705.2
706.0
706.8
707.6
708.4
709.2
710.0
710.8
711.6
712.4
713.2
714.0
714.8
715.6
716.4
717.2
718.0
718.8
719.6
720.4
721.2
722.0
722.8
723.6
724.4
725.2
726.0
726.8
727.6
728.4
729.2
730.0
730.8
731.6
732.4
733.2
734.0
734.8
735.6
736.4
737.2
738.0
738.8
739.6
740.4
741.2
742.0
742.8
743.6
744.4
745.2
746.0
746.8
747.6
748.4
749.2
750.0
750.8
751.6
752.4
753.2
754.0
754.8
755.6
756.4
757.2
758.0
758.8
759.6
760.4
761.2
762.0
762.8
763.6
764.4
765.2
766.0
766.8
767.6
768.4
769.2
770.0
770.8
771.6
772.4
773.2
774.1
774.9
775.7
776.5
777.3
778.1
778.9
779.7
780.5
781.3
782.1
782.9
783.7
784.5
785.3
786.1
786.9
787.7
788.5
789.3
790.1
790.9
791.7
792.5
793.3
794.1
794.9
795.7
796.5
797.3
798.1
798.9
799.7
800.5
801.3
802.1
802.9
803.7
804.5
805.3
806.1
806.9
807.7
808.5
809.3
810.1
810.9
811.7
812.5
813.3
814.1
814.9
815.7
816.5
817.3
818.1
818.9
819.7
820.5
821.3
822.1
822.9
823.7
824.5
825.3
826.1
826.9
827.7
828.5
829.3
830.1
830.9
831.7
832.6
833.4
834.3
835.1
835.9
836.8
837.6
838.5
839.3
840.2
841.0
841.9
842.7
843.5
844.4
845.2
846.1
846.9
847.8
848.6
849.4
850.3
851.1
852.0
852.8
853.7
854.5
855.3
856.2
857.0
857.9
858.7
859.6
860.4
861.3
862.1
862.9
863.8
864.6
865.5
866.3
867.2
868.0
868.8
869.7
870.5
871.4
872.2
873.1
873.9
874.8
875.6
876.4
877.3
878.1
879.0
879.8
880.7
881.5
882.3
883.2
884.0
884.9
885.7
886.6
887.4
888.2
889.1
889.9
890.8
891.6
892.5
893.3
894.2
895.0
895.8
896.7
897.5
898.4
899.2
NEXT_SERIES
0.365075925966
0.36756354713
0.368096654183
0.371907706751
0.372547400054
0.378417270311
0.387343267677
0.39997501694
0.412211240046
0.424205922261
0.439808490121
0.45547140156
0.473903976679
0.491946117689
0.511563279207
0.528529925565
0.544617695893
0.558816081108
0.571682762548
0.580327565601
0.585329988272
0.585879945609
0.583970346138
0.578537823024
0.571643169444
0.561265019958
0.553319502481
0.543561561512
0.536491962128
0.527367110018
0.519805811777
0.513747032744
0.509584328549
0.506452752781
0.504094793124
0.502111573473
0.501917594825
0.50161495034
0.500929638022
0.501534742391
0.502185220394
0.50468463453
0.507165699839
0.509795980388
0.511956289404
0.513586901385
0.516126452206
0.518550214045
0.520592593797
0.522215778019
0.523256120524
0.525011829026
0.525302061795
0.525704622059
0.525517607528
0.526291174873
0.526801719134
0.528769277153
0.529052680745
0.528953544182
0.527636299193
0.526189625276
0.524509167406
0.52271675284
0.521973735445
0.520890588888
0.518326011381
0.516153345737
0.514129737133
0.512610411399
0.509091006859
0.50695250967
0.503163055147
0.500693136328
0.497139050653
0.493765366718
0.491050588678
0.488142364492
0.487427233449
0.485837290112
0.483018697541
0.480094528354
0.476354661811
0.474876088068
0.47172043905
0.469789123745
0.467596530995
0.466150875369
0.465169143469
0.462615938356
0.460976184847
0.45940263786
0.459059355643
0.457996089101
0.456064392147
0.454103668803
0.452387606811
0.449520497448
0.448250883714
0.447184450379
0.448612735061
0.447253547784
0.445601086724
0.443321458951
0.443368008264
0.443847393157
0.445417352179
0.446943206264
0.44779271393
0.448149819097
0.448070893802
0.448216371486
0.447714469361
0.449768536994
0.452266327605
0.456351790586
0.457500829523
0.458509075816
0.458685762164
0.459979260605
0.460237901051
0.460671744798
0.462506796016
0.466329357838
0.469613252908
0.471152824819
0.47364545855
0.477218143008
0.48064683154
0.482385515305
0.483776815952
0.48428820762
0.48635240228
0.487841201852
0.491464517698
0.493815390055
0.496538767266
0.498047463072
0.500131391988
0.503172280414
0.507027374566
0.510578392062
0.513452658744
0.51436796489
0.516523338824
0.51869207644
0.52234987379
0.525879190204
0.528226863742
0.531424211887
0.532689149201
0.53404412334
0.534236555732
0.534443580534
0.533959440243
0.534311698131
0.534890351971
0.535640060485
0.535479735489
0.536228839339
0.537931654681
0.538926890283
0.538406690294
0.538497424283
0.538201192927
0.538435984886
0.5370194077
0.535950742869
0.53513020661
0.534374253388
0.533890822605
0.532867553664
0.532423782925
0.532481313468
0.531579315341
0.531143974489
0.529754401099
0.530129093724
0.530216680269
0.53137062289
0.530459790977
0.529320420439
0.526677075937
0.525544969144
0.524667654562
0.523391629571
0.521037732186
0.518363087907
0.517130160345
0.515116289263
0.513380722782
0.509982634397
0.508858438135
0.507377650779
0.506474617823
0.504826040946
0.503421221245
0.5020004405
0.499197827911
0.496284186237
0.493927320379
0.49215195958
0.490220324347
0.486271138002
0.483207106928
0.478695927291
0.475581947668
0.470486468953
0.466632792803
0.462751339306
0.460303947567
0.456754053492
0.453330599682
0.449228398691
0.446684189223
0.444168149764
0.440630048843
0.436300469123
0.432214933187
0.429250693145
0.425386105215
0.420837925336
0.416265153462
0.412524135256
0.407461822051
0.402770549209
0.397338479648
0.39309030183
0.388763313313
0.384912742633
0.380298378727
0.376122556666
0.371600386612
0.367846371874
0.363519852372
0.358967313719
0.354495295113
0.349731685387
0.345855200566
0.341778973101
0.338341967946
0.332908402483
0.328268387522
0.323026128524
0.318821855578
0.313909408447
0.309098505533
0.305144112605
0.30157859842
0.296518196512
0.29203861463
0.287159017644
0.283807661476
0.279971202392
0.276357379788
0.273241130862
0.270075613009
0.266138254715
0.262060432111
0.258162844076
0.253767120058
0.250026383626
0.245177480539
0.242768443679
0.23903448835
0.236092473415
0.231501445825
0.227662039881
0.224174228786
0.220779157126
0.217674506412
0.214406998535
0.211726854067
0.210141327231
0.208825980315
0.207585726435
0.205242269039
0.202789544266
0.201370255804
0.200283118981
0.199364833834
0.197047418278
0.19443326399
0.191137587194
0.189815775309
0.187941724811
0.186076215561
0.182722300971
0.180228107669
0.178930572894
0.176998938355
0.175049262702
0.171599285453
0.170446772315
0.16919451735
0.169753588186
0.168338323662
0.16705689784
0.165078435649
0.165042198223
0.165324310387
0.165553282143
0.165111971785
0.164662068297
0.163925428718
0.163941199327
0.162407266791
0.160934298672
0.158589014344
0.157030818988
0.156127870592
0.154795965114
0.153119549174
0.151039532581
0.148378556472
0.147234595419
0.146249435354
0.146236390303
0.144726714036
0.143646884101
0.142699938821
0.14231825001
0.142815618568
0.142142119396
0.141704805817
0.139566376034
0.138953942061
0.138270637873
0.138737600458
0.137592663298
0.137231269524
0.135399194513
0.135139394561
0.133730970944
0.134144237812
0.13303628984
0.133406356451
0.131092458516
0.130671037108
0.128691706139
0.129477167061
0.128659508347
0.129914599607
0.128973396056
0.129558017111
0.128515697971
0.129157012093
0.129292344202
0.128563340335
0.128189194318
0.127208300041
0.128343491543
0.129098417759
0.130760822578
0.130599596572
0.130467256804
0.12928842306
0.129529980442
0.129396912718
0.131750819495
0.132305782873
0.133264501563
0.132455622375
0.134006342682
0.135915388857
0.13863358476
0.140642209348
0.141416360241
0.142094051586
0.143254404496
0.145670829594
0.148321530725
0.150670869089
0.151958116494
0.152391977382
0.151884189186
0.152641963101
0.153770082298
0.15577086443
0.156944076185
0.157387907711
0.156210945577
0.154309212027
0.152595742495
0.153216898667
0.154348389566
0.15475806538
0.152830461323
0.1497270403
0.147277357709
0.145008574703
0.145108683697
0.143859590922
0.143510225347
0.140517070534
0.138469587344
0.135437140731
0.133286409772
0.132464844811
0.132461583939
0.132832743822
0.131714720559
0.129685592033
0.126119991671
0.123241719455
0.122015456508
0.122262532123
0.122976033948
0.121735857176
0.120304342418
0.117017765324
0.115110973201
0.113652183244
0.114106523128
0.114768672522
0.114843820993
0.113594608592
0.111369353998
0.109957280578
0.108924094872
0.108960193395
0.110948499298
0.112070941452
0.11354279336
0.111906704006
0.111803945714
0.110194254941
0.109659421009
0.109967688791
0.111776941434
0.113686566277
0.114244135762
0.113816300542
0.112600066811
0.110834102862
0.110115743095
0.110007546432
0.111456375971
0.111775061854
0.112420270457
0.111743625327
0.111176064457
0.109921584091
0.109096107009
0.109462992444
0.110346330578
0.110797153887
0.111128196488
0.110169806927
0.109398894008
0.108194265284
0.107330202599
0.107191526858
0.107179877335
0.108490307118
0.109433140364
0.109595173582
0.108798056944
0.107500787515
0.106465962331
0.10586273892
0.10563160162
0.106537391332
0.107652940728
0.108571260042
0.108294131366
0.107701080538
0.107160249756
0.106846759999
0.106953715467
0.108323377366
0.110168037503
0.11181917715
0.11151334891
0.110967095906
0.109203399867
0.108707524188
0.107737829038
0.108116133634
0.108992803384
0.110344562164
0.111495108787
0.111240809654
0.110619584039
0.109159658121
0.10763824188
0.106419497933
0.106508781652
0.107431692122
0.108780990232
0.109686033181
0.110642865113
0.109962037566
0.109510775674
0.108255034279
0.108325955729
0.107394040082
0.107349764076
0.108207309395
0.109634884919
0.111039182905
0.111689891876
0.111844035582
0.111826827325
0.110612892862
0.110198913462
0.109819932143
0.111077907945
0.112276943112
0.114090781044
0.11519901269
0.115477475462
0.115528159106
0.114591862752
0.114172575134
0.113395089415
0.113845383639
0.114602593788
0.115757426154
0.116127443724
0.117286418315
0.117516045745
0.118022857973
0.116532184892
0.115356655614
0.11365629567
0.11376749171
0.113420659421
0.113466565113
0.113655515959
0.11433871206
0.115496080414
0.114918491768
0.11485800575
0.114263557316
0.113931594719
0.113983039779
0.114649115096
0.116909845444
0.119234282541
0.120968808485
0.122784519093
0.123969277467
0.125884849696
0.126335381061
0.125890293001
0.125229137189
0.124375443718
0.124301000728
0.123374266494
0.123733257795
0.124892573108
0.126014474368
0.126434746737
0.126010486871
0.12536602387
0.124676170884
0.122171351222
0.12053668768
0.118364112231
0.118172196422
0.118372961755
0.11905056384
0.120707643742
0.122102381718
0.123959797537
0.124331749975
0.123785062482
0.122410162824
0.121245032872
0.120838692949
0.120964290116
0.12116761854
0.122065958314
0.1223098992
0.122694974817
0.123643357824
0.12572524832
0.126538726395
0.12659761906
0.125519783665
0.125345917538
0.124725407048
0.125647031999
0.126339686735
0.128023173573
0.129832021977
0.132004476751
0.133663878759
0.133966808595
0.133379751378
0.132131486344
0.131147514371
0.12997842854
0.12933457067
0.128640631561
0.129304997403
0.128533546023
0.128395033616
0.12854855531
0.129232305628
0.12986098558
0.129436327077
0.129184924282
0.127083491742
0.125789917275
0.124251749051
0.124608003178
0.124680491556
0.125283455549
0.124828803614
0.12431696233
0.124957242007
0.125023355095
0.1256704434
0.125044358877
0.124940429878
0.124078695728
0.123512658054
0.122855938864
0.122325534054
0.122323898715
0.121522889273
0.121220305116
0.120004785097
0.120489898034
0.120700574258
0.120833439349
0.120272464533
0.120237358024
0.119774644934
0.119034416817
0.117257262738
0.116329791001
0.115163579553
0.114196640852
0.111945972631
0.111230187141
0.10910633488
0.107356169949
0.104610911212
0.103189164681
0.101493886521
0.0994041427072
0.0981886673014
0.0973547330875
0.0966079866476
0.094589178215
0.0937945958584
0.0919591949009
0.0915517360098
0.0896706175283
0.0894421648784
0.0879980593257
0.0867404536522
END
