380.3
381.1
381.9
382.7
383.5
384.4
385.2
386.0
386.8
387.6
388.4
389.2
390.1
390.9
391.7
392.5
393.3
394.1
394.9
395.8
396.6
397.4
398.2
399.0
399.8
400.6
401.5
402.3
403.1
403.9
404.7
405.5
406.3
407.2
408.0
408.8
409.6
410.4
411.2
412.0
412.8
413.7
414.5
415.3
416.1
416.9
417.7
418.5
419.4
420.2
421.0
421.8
422.6
423.4
424.2
425.1
425.9
426.7
427.5
428.3
429.1
429.9
430.8
431.6
432.4
433.2
434.0
434.8
435.6
436.4
437.3
438.1
438.9
439.7
440.5
441.3
442.1
443.0
443.8
444.6
445.4
446.2
447.0
447.8
448.7
449.5
450.3
451.1
451.9
452.7
453.5
454.4
455.2
456.0
456.8
457.6
458.4
459.2
460.0
460.9
461.7
462.5
463.3
464.1
464.9
465.7
466.6
467.4
468.2
469.0
469.8
470.6
471.4
472.3
473.1
473.9
474.7
475.5
476.3
477.1
478.0
478.8
479.6
480.4
481.2
482.0
482.8
483.6
484.5
485.3
486.1
486.9
487.7
488.5
489.3
490.2
491.0
491.8
492.6
493.4
494.2
495.0
495.9
496.7
497.5
498.3
499.1
499.9
500.7
501.6
502.4
503.2
504.0
504.8
505.6
506.4
507.2
508.1
508.9
509.7
510.5
511.3
512.1
512.9
513.7
514.5
515.3
516.1
516.8
517.6
518.4
519.2
520.0
520.8
521.5
522.3
523.1
523.9
524.7
525.5
526.2
527.0
527.8
528.6
529.4
530.2
530.9
531.7
532.5
533.3
534.1
534.9
535.6
536.4
537.2
538.0
538.8
539.6
540.3
541.1
541.9
542.7
543.5
544.3
545.0
545.8
546.6
547.4
548.2
549.0
549.7
550.5
551.3
552.1
552.9
553.7
554.4
555.2
556.0
556.8
557.6
558.4
559.1
559.9
560.7
561.5
562.3
563.1
563.8
564.6
565.4
566.2
567.0
567.8
568.5
569.3
570.1
570.9
571.7
572.5
573.2
574.0
574.8
575.6
576.4
577.2
577.9
578.7
579.5
580.3
581.1
581.9
582.6
583.4
584.2
585.0
585.8
586.6
587.3
588.1
588.9
589.6
590.3
591.1
591.8
592.6
593.3
594.0
594.8
595.5
596.3
597.0
597.7
598.5
599.2
600.0
600.7
601.5
602.2
602.9
603.7
604.4
605.2
605.9
606.6
607.4
608.1
608.9
609.6
610.3
611.1
611.8
612.6
613.3
614.0
614.8
615.5
616.3
617.0
617.7
618.5
619.2
620.0
620.7
621.4
622.2
622.9
623.7
624.4
625.2
625.9
626.6
627.4
628.1
628.9
629.6
630.3
631.1
631.8
632.6
633.3
634.0
634.8
635.5
636.3
637.0
637.7
638.5
639.2
640.0
640.7
641.4
642.2
642.9
643.7
644.4
645.1
645.9
646.6
647.4
648.1
648.8
649.6
650.3
651.1
651.8
652.6
653.3
654.0
654.8
655.5
656.3
657.0
657.7
658.5
659.2
660.0
660.7
661.4
662.2
662.9
663.7
664.4
665.1
665.9
666.6
667.4
668.1
668.9
669.6
670.4
671.2
671.9
672.7
673.4
674.2
674.9
675.7
676.5
677.2
678.0
678.7
679.5
680.2
681.0
681.8
682.5
683.3
684.0
684.8
685.5
686.3
687.1
687.8
688.6
689.3
690.1
690.8
691.6
692.4
693.1
693.9
694.6
695.4
696.1
696.9
697.7
698.4
699.2
699.9
700.7
701.4
702.2
703.0
703.7
704.5
705.2
706.0
706.8
707.6
708.4
709.2
710.0
710.8
711.6
712.4
713.2
714.0
714.8
715.6
716.4
717.2
718.0
718.8
719.6
720.4
721.2
722.0
722.8
723.6
724.4
725.2
726.0
726.8
727.6
728.4
729.2
730.0
730.8
731.6
732.4
733.2
734.0
734.8
735.6
736.4
737.2
738.0
738.8
739.6
740.4
741.2
742.0
742.8
743.6
744.4
745.2
746.0
746.8
747.6
748.4
749.2
750.0
750.8
751.6
752.4
753.2
754.0
754.8
755.6
756.4
757.2
758.0
758.8
759.6
760.4
761.2
762.0
762.8
763.6
764.4
765.2
766.0
766.8
767.6
768.4
769.2
770.0
770.8
771.6
772.4
773.2
774.1
774.9
775.7
776.5
777.3
778.1
778.9
779.7
780.5
781.3
782.1
782.9
783.7
784.5
785.3
786.1
786.9
787.7
788.5
789.3
790.1
790.9
791.7
792.5
793.3
794.1
794.9
795.7
796.5
797.3
798.1
798.9
799.7
800.5
801.3
802.1
802.9
803.7
804.5
805.3
806.1
806.9
807.7
808.5
809.3
810.1
810.9
811.7
812.5
813.3
814.1
814.9
815.7
816.5
817.3
818.1
818.9
819.7
820.5
821.3
822.1
822.9
823.7
824.5
825.3
826.1
826.9
827.7
828.5
829.3
830.1
830.9
831.7
832.6
833.4
834.3
835.1
835.9
836.8
837.6
838.5
839.3
840.2
841.0
841.9
842.7
843.5
844.4
845.2
846.1
846.9
847.8
848.6
849.4
850.3
851.1
852.0
852.8
853.7
854.5
855.3
856.2
857.0
857.9
858.7
859.6
860.4
861.3
862.1
862.9
863.8
864.6
865.5
866.3
867.2
868.0
868.8
869.7
870.5
871.4
872.2
873.1
873.9
874.8
875.6
876.4
877.3
878.1
879.0
879.8
880.7
881.5
882.3
883.2
884.0
884.9
885.7
886.6
887.4
888.2
889.1
889.9
890.8
891.6
892.5
893.3
894.2
895.0
895.8
896.7
897.5
898.4
899.2
NEXT_SERIES
0.191469305774
0.190585599051
0.188409475552
0.186067156924
0.183428348314
0.183108321524
0.187104358897
0.194520818447
0.202979783003
0.214740164008
0.225706419377
0.238181155607
0.2500824798
0.263727735916
0.276732742241
0.288747337172
0.299194966594
0.307342397884
0.313832021091
0.317063720812
0.319323591806
0.31762120833
0.315920298272
0.312342234329
0.307787585693
0.301449998125
0.29525969998
0.290171142039
0.285653383305
0.281090395487
0.276925492627
0.274817862719
0.274136047027
0.274124389394
0.274521881553
0.274964542449
0.276636475773
0.277678553117
0.279893286622
0.282061995519
0.283873397484
0.286532433892
0.289642197701
0.294281350708
0.297631059293
0.300480784047
0.302862891578
0.304759826322
0.307499342964
0.309700483887
0.311927610607
0.313364800414
0.314199873959
0.315585244438
0.316717284816
0.317505744479
0.317051216137
0.317062627701
0.318134222244
0.318483247205
0.318098046115
0.316925817292
0.316304784572
0.314579526347
0.313355886702
0.311288199574
0.309494784448
0.306735976485
0.304710392813
0.302872943148
0.300965910421
0.298785432031
0.296382107191
0.293263363612
0.289748270178
0.287316986545
0.284961771488
0.283585365956
0.281639039722
0.279793472021
0.276921451575
0.274689346122
0.272503194286
0.271428056757
0.269243288063
0.267884447875
0.265732449002
0.264375427031
0.262798640586
0.262111186129
0.261032006047
0.260083805024
0.258804198976
0.257304301255
0.256110552816
0.254650580677
0.254506605258
0.253346696984
0.252714595105
0.251271468793
0.250278207748
0.249268952833
0.247620996633
0.247650433486
0.247795440806
0.248924977672
0.248727516148
0.248792399864
0.24804358229
0.248150588979
0.248833051289
0.249879082436
0.250567536767
0.251597639972
0.252884394674
0.254110804083
0.255509128208
0.255950563338
0.257064404844
0.258005471517
0.259565423079
0.261230676947
0.262816307919
0.265089382507
0.266610801022
0.268171910612
0.269246170668
0.271562704946
0.272955041511
0.274755006757
0.276131728898
0.277151251763
0.278366050736
0.27982288197
0.28171701204
0.283212786651
0.284951378727
0.286779381765
0.288938711901
0.291033172977
0.293759019024
0.296526683829
0.29927114046
0.301140013705
0.302612303615
0.304013791195
0.306547052444
0.310023449103
0.31229499681
0.314686871013
0.31550006728
0.317010188361
0.317473714768
0.31787763245
0.318502276161
0.319228621959
0.320633794281
0.320706726867
0.321519301896
0.322947694267
0.32480970314
0.325707499761
0.327324323328
0.330113693814
0.331828966939
0.332335983458
0.332358942114
0.333005822036
0.333078139815
0.333883958838
0.334492435071
0.335569392548
0.335041548907
0.335592624841
0.336039853794
0.337372291979
0.338100026958
0.339448886648
0.339817574946
0.340401297386
0.340479575316
0.34084570764
0.340351659381
0.340416099438
0.340157734909
0.339998551281
0.338384802941
0.337552532625
0.33730367714
0.336538749512
0.335915769737
0.334567508238
0.335599212429
0.334756029463
0.334869456598
0.333711800062
0.333806476537
0.332541317588
0.331102306065
0.330048509123
0.329018996543
0.328112106189
0.325660219071
0.323718783466
0.321939233919
0.319953453504
0.317905242035
0.315035672374
0.312541674883
0.310257968158
0.307956377994
0.305271075938
0.302608798096
0.300781422687
0.299109205871
0.296891105895
0.29433204592
0.292134286002
0.29068458617
0.288293174208
0.285508910029
0.282410575637
0.279585992667
0.277348986103
0.273749347353
0.270082259117
0.266390208869
0.264013978705
0.261024297834
0.258549883214
0.25473150507
0.252686225444
0.250118315591
0.248083426055
0.244180069612
0.240283575562
0.237223609724
0.23406870239
0.231198418151
0.227790496151
0.225401787201
0.221990445398
0.218982512631
0.215489985091
0.212199124153
0.208352977922
0.204911618817
0.201755216386
0.199050360251
0.195816476195
0.19259455161
0.189364312665
0.186891132131
0.18405393409
0.181628836748
0.178833273353
0.176690630623
0.173431937915
0.170965030653
0.16833067943
0.165567579093
0.162603911324
0.15918350574
0.157489451781
0.154606338146
0.151986768743
0.148643680928
0.146354156365
0.143958275312
0.141742498368
0.13905190027
0.137031423634
0.135060456853
0.134272875174
0.133028173673
0.131846762225
0.129556726624
0.127402838975
0.125677704787
0.124716296925
0.124128415347
0.122242073321
0.12008935234
0.118262953925
0.117170076448
0.116123741597
0.11419132223
0.112193127695
0.110311395824
0.109540854995
0.108432847164
0.106682637875
0.104025013643
0.102595719939
0.101450058033
0.101573501193
0.100774602615
0.0998593043571
0.0981545201773
0.0976003388281
0.0970507831142
0.0967201710381
0.0957429061673
0.0955171337127
0.0951990133623
0.0953682932182
0.0940324126101
0.092116317447
0.0896547470525
0.0887830998714
0.0888525059665
0.0885256396067
0.0871337761623
0.085463248136
0.0831915116159
0.0824061824194
0.0820958540273
0.0824060078381
0.0810260410029
0.0792695794316
0.0783124003377
0.0786630913709
0.0795129800414
0.0786383526025
0.077744061734
0.0754484172989
0.0759414335733
0.0760517310816
0.0767307964668
0.0752435493802
0.0741751400154
0.0734900204756
0.0738613278278
0.07353458405
0.0731656757214
0.0717302350538
0.0710523230803
0.0700403142606
0.0705777297122
0.0700159669204
0.0699684352013
0.0689636521555
0.069048054649
0.068339600493
0.0685031511512
0.0679133903778
0.0683542499315
0.0684477087151
0.0678906756292
0.0674199124006
0.0661502032617
0.0664320072087
0.0663475049991
0.0667417048143
0.0663955071844
0.0659435370875
0.0651149758664
0.0651258652279
0.0646083521188
0.0645589918508
0.0632943440682
0.0625532885392
0.0620892262868
0.0625629512181
0.0629557491634
0.063599186403
0.0637990143895
0.063645770818
0.0634449352677
0.0637999625232
0.0643662253806
0.0649043636264
0.065095622138
0.0654652812147
0.0648642418909
0.0644806064597
0.0641581675864
0.064142209263
0.0644559252191
0.0649974884895
0.0651096196801
0.0639330818701
0.0622861599223
0.0615039421713
0.0619481264855
0.0621535814442
0.0623696286919
0.0612981313665
0.0601961053787
0.0594058587977
0.0590063108776
0.0599447803528
0.0598125179429
0.0606260191992
0.0596122519985
0.0590584031256
0.0578626114532
0.0574673898773
0.0586034180253
0.0592263919798
0.0604795899832
0.0599231021411
0.0596535985878
0.0579007462863
0.0570939323289
0.0568971871371
0.0578509820536
0.0588148388643
0.0586592221141
0.0581832676149
0.0564914556737
0.0555761400745
0.0546055377513
0.0548113229456
0.0557747398588
0.0563687413731
0.056213094844
0.0547182072108
0.0544652946472
0.0540841330558
0.0541846976196
0.0549928323481
0.0554744897057
0.056668712955
0.0559062459928
0.0560425613504
0.0553157684667
0.055056722508
0.055318773458
0.0565767062558
0.0573499211154
0.0580483382597
0.0576786638723
0.0572924235082
0.0558437883804
0.0550097722986
0.0547952211964
0.0559362647857
0.0565237003445
0.0573776966053
0.0567441555684
0.0562167048487
0.055344079523
0.054913756738
0.0547920032351
0.0552806061689
0.0555531156444
0.0559416304766
0.0554367476975
0.0547887748473
0.0539878351557
0.0533554516809
0.0531075691779
0.0527641950359
0.0531376039524
0.0541242580691
0.0548013979111
0.0545188850405
0.0534311489088
0.0520910210354
0.0510601967227
0.0505754487401
0.0511644931702
0.0522128492922
0.0527344154004
0.0524533037395
0.0519177059278
0.0512429483553
0.050891599851
0.0509516262882
0.051662127233
0.052903498588
0.0538582369891
0.0540233812901
0.0536839004915
0.0521285666146
0.0514914644801
0.0505317433064
0.0512559130538
0.0514960413805
0.0527866443094
0.0533563225729
0.0539458768989
0.052884325689
0.0516384281168
0.0500166207955
0.0497154104915
0.0495752031553
0.0504955898224
0.0511293799963
0.0516591119841
0.052247168583
0.0511201357598
0.0508457298602
0.0494706708312
0.0498432055413
0.0496616643688
0.0499035580355
0.0503443668459
0.0506584891326
0.05159254614
0.0517584240515
0.0514689706087
0.0506684006284
0.0497004788527
0.0499467269057
0.0497050528004
0.0502679634369
0.0504581292105
0.0511133219657
0.0525564905131
0.052584083743
0.0525812179338
0.0508057279842
0.0501252799792
0.0501063552545
0.0510734283496
0.0520564250775
0.0526064565036
0.0521474024377
0.0521850610559
0.0512687738761
0.0515921008425
0.0504281653837
0.0499118306274
0.0485329188765
0.0481703197629
0.0476902954612
0.0478407437249
0.0482270144348
0.0487483758292
0.0493335313107
0.0484923200931
0.0483222098424
0.0481186918032
0.0483205697989
0.048744156871
0.0488694570165
0.0500854771307
0.0507932737267
0.0512105557246
0.0521055013682
0.0522888559455
0.0533503322661
0.0531262082641
0.0531035108291
0.0525495210378
0.0524008864693
0.0520947051429
0.0507495868218
0.0506288089561
0.0507031960971
0.0516658968511
0.0512891505469
0.051184859846
0.0506836526142
0.0504207858114
0.0486196167978
0.0475279012144
0.0463999321551
0.0469448161851
0.0470395133223
0.0474979002517
0.0480132613874
0.0490906970569
0.0498640042608
0.0505804160093
0.0505000677623
0.049985333405
0.0494194486311
0.0484817053086
0.0480638539237
0.047869936298
0.0490128634676
0.0496343215016
0.0494259741381
0.0497878244732
0.0502182710218
0.0508913115656
0.0507725785965
0.0504737398382
0.0500803290651
0.0497904742873
0.0505716971557
0.0511852663965
0.0514845469787
0.0516387602875
0.0521552447892
0.0523797955639
0.0527579399916
0.0525331391168
0.0522986685147
0.0519895996885
0.0510847213188
0.0510653603032
0.0500053402601
0.04996904307
0.0488805142969
0.0483423444098
0.0487784344113
0.0489572562326
0.0494458237231
0.0484234075205
0.0478676177621
0.0462207756382
0.0456732252417
0.0450033795769
0.0450596994421
0.0452236156671
0.045475578851
0.0455284572252
0.0450290511588
0.0453894289426
0.0454652859916
0.045207357294
0.0448223344666
0.0443253189162
0.0441303642614
0.0437608453307
0.0430706731101
0.0424414903519
0.041623978341
0.0412818478083
0.0412755241056
0.040951192226
0.0407726280639
0.0404792868717
0.0396297470179
0.0388528130263
0.0378431359539
0.0379130916819
0.0381925312205
0.0376495482326
0.0368966100017
0.0357233656775
0.0357115994105
0.0339845068552
0.033749112933
0.0315764452119
0.0308749304036
0.0289922077837
0.0281982814013
0.0273607964658
0.0260302629951
0.0250148014449
0.0240758885973
0.023856394509
0.0229831641954
0.0231727437784
0.0212201875545
0.0212086554108
0.0193850723615
0.0204102816899
0.0192518630065
0.018920181596
END
