380.3
381.1
381.9
382.7
383.5
384.4
385.2
386.0
386.8
387.6
388.4
389.2
390.1
390.9
391.7
392.5
393.3
394.1
394.9
395.8
396.6
397.4
398.2
399.0
399.8
400.6
401.5
402.3
403.1
403.9
404.7
405.5
406.3
407.2
408.0
408.8
409.6
410.4
411.2
412.0
412.8
413.7
414.5
415.3
416.1
416.9
417.7
418.5
419.4
420.2
421.0
421.8
422.6
423.4
424.2
425.1
425.9
426.7
427.5
428.3
429.1
429.9
430.8
431.6
432.4
433.2
434.0
434.8
435.6
436.4
437.3
438.1
438.9
439.7
440.5
441.3
442.1
443.0
443.8
444.6
445.4
446.2
447.0
447.8
448.7
449.5
450.3
451.1
451.9
452.7
453.5
454.4
455.2
456.0
456.8
457.6
458.4
459.2
460.0
460.9
461.7
462.5
463.3
464.1
464.9
465.7
466.6
467.4
468.2
469.0
469.8
470.6
471.4
472.3
473.1
473.9
474.7
475.5
476.3
477.1
478.0
478.8
479.6
480.4
481.2
482.0
482.8
483.6
484.5
485.3
486.1
486.9
487.7
488.5
489.3
490.2
491.0
491.8
492.6
493.4
494.2
495.0
495.9
496.7
497.5
498.3
499.1
499.9
500.7
501.6
502.4
503.2
504.0
504.8
505.6
506.4
507.2
508.1
508.9
509.7
510.5
511.3
512.1
512.9
513.7
514.5
515.3
516.1
516.8
517.6
518.4
519.2
520.0
520.8
521.5
522.3
523.1
523.9
524.7
525.5
526.2
527.0
527.8
528.6
529.4
530.2
530.9
531.7
532.5
533.3
534.1
534.9
535.6
536.4
537.2
538.0
538.8
539.6
540.3
541.1
541.9
542.7
543.5
544.3
545.0
545.8
546.6
547.4
548.2
549.0
549.7
550.5
551.3
552.1
552.9
553.7
554.4
555.2
556.0
556.8
557.6
558.4
559.1
559.9
560.7
561.5
562.3
563.1
563.8
564.6
565.4
566.2
567.0
567.8
568.5
569.3
570.1
570.9
571.7
572.5
573.2
574.0
574.8
575.6
576.4
577.2
577.9
578.7
579.5
580.3
581.1
581.9
582.6
583.4
584.2
585.0
585.8
586.6
587.3
588.1
588.9
589.6
590.3
591.1
591.8
592.6
593.3
594.0
594.8
595.5
596.3
597.0
597.7
598.5
599.2
600.0
600.7
601.5
602.2
602.9
603.7
604.4
605.2
605.9
606.6
607.4
608.1
608.9
609.6
610.3
611.1
611.8
612.6
613.3
614.0
614.8
615.5
616.3
617.0
617.7
618.5
619.2
620.0
620.7
621.4
622.2
622.9
623.7
624.4
625.2
625.9
626.6
627.4
628.1
628.9
629.6
630.3
631.1
631.8
632.6
633.3
634.0
634.8
635.5
636.3
637.0
637.7
638.5
639.2
640.0
640.7
641.4
642.2
642.9
643.7
644.4
645.1
645.9
646.6
647.4
648.1
648.8
649.6
650.3
651.1
651.8
652.6
653.3
654.0
654.8
655.5
656.3
657.0
657.7
658.5
659.2
660.0
660.7
661.4
662.2
662.9
663.7
664.4
665.1
665.9
666.6
667.4
668.1
668.9
669.6
670.4
671.2
671.9
672.7
673.4
674.2
674.9
675.7
676.5
677.2
678.0
678.7
679.5
680.2
681.0
681.8
682.5
683.3
684.0
684.8
685.5
686.3
687.1
687.8
688.6
689.3
690.1
690.8
691.6
692.4
693.1
693.9
694.6
695.4
696.1
696.9
697.7
698.4
699.2
699.9
700.7
701.4
702.2
703.0
703.7
704.5
705.2
706.0
706.8
707.6
708.4
709.2
710.0
710.8
711.6
712.4
713.2
714.0
714.8
715.6
716.4
717.2
718.0
718.8
719.6
720.4
721.2
722.0
722.8
723.6
724.4
725.2
726.0
726.8
727.6
728.4
729.2
730.0
730.8
731.6
732.4
733.2
734.0
734.8
735.6
736.4
737.2
738.0
738.8
739.6
740.4
741.2
742.0
742.8
743.6
744.4
745.2
746.0
746.8
747.6
748.4
749.2
750.0
750.8
751.6
752.4
753.2
754.0
754.8
755.6
756.4
757.2
758.0
758.8
759.6
760.4
761.2
762.0
762.8
763.6
764.4
765.2
766.0
766.8
767.6
768.4
769.2
770.0
770.8
771.6
772.4
773.2
774.1
774.9
775.7
776.5
777.3
778.1
778.9
779.7
780.5
781.3
782.1
782.9
783.7
784.5
785.3
786.1
786.9
787.7
788.5
789.3
790.1
790.9
791.7
792.5
793.3
794.1
794.9
795.7
796.5
797.3
798.1
798.9
799.7
800.5
801.3
802.1
802.9
803.7
804.5
805.3
806.1
806.9
807.7
808.5
809.3
810.1
810.9
811.7
812.5
813.3
814.1
814.9
815.7
816.5
817.3
818.1
818.9
819.7
820.5
821.3
822.1
822.9
823.7
824.5
825.3
826.1
826.9
827.7
828.5
829.3
830.1
830.9
831.7
832.6
833.4
834.3
835.1
835.9
836.8
837.6
838.5
839.3
840.2
841.0
841.9
842.7
843.5
844.4
845.2
846.1
846.9
847.8
848.6
849.4
850.3
851.1
852.0
852.8
853.7
854.5
855.3
856.2
857.0
857.9
858.7
859.6
860.4
861.3
862.1
862.9
863.8
864.6
865.5
866.3
867.2
868.0
868.8
869.7
870.5
871.4
872.2
873.1
873.9
874.8
875.6
876.4
877.3
878.1
879.0
879.8
880.7
881.5
882.3
883.2
884.0
884.9
885.7
886.6
887.4
888.2
889.1
889.9
890.8
891.6
892.5
893.3
894.2
895.0
895.8
896.7
897.5
898.4
899.2
NEXT_SERIES
0.26980134458
0.269929213705
0.267099044895
0.264461449706
0.26244093153
0.264689976466
0.269065269779
0.27647444343
0.283901791591
0.295359123526
0.306916711065
0.318814273283
0.331400447022
0.34411296344
0.359694274227
0.371091215968
0.381498127365
0.386845206552
0.391890631771
0.395427375687
0.397348127519
0.395896038494
0.392354934174
0.386661980766
0.380765745678
0.37312241839
0.366893854843
0.359896424737
0.353352594876
0.347349744077
0.343290204082
0.340689799335
0.338418065136
0.336345212056
0.335377907904
0.334599626127
0.335056749708
0.335164235631
0.336138155357
0.337429606251
0.338836822999
0.340917867479
0.341484046696
0.343031836671
0.345450558056
0.348543740146
0.351316567101
0.352527497574
0.353828688505
0.355340985182
0.356619155601
0.358474373699
0.358543048771
0.359400712619
0.360356166215
0.361418117999
0.361912739588
0.362386908697
0.363749030464
0.364189464549
0.36439931797
0.363566118897
0.362780113646
0.361248482127
0.360198347602
0.360687347058
0.359640918305
0.358363754454
0.355680481639
0.354479418684
0.353580385018
0.352508140369
0.351674743112
0.349694862208
0.347809636941
0.34576617892
0.344909969417
0.344339192863
0.344151419736
0.34418044072
0.343870794232
0.344115734715
0.343669096357
0.344228497799
0.343587129246
0.344132353012
0.344785339918
0.345114427273
0.34566722003
0.346039044046
0.347407564859
0.348846725921
0.349882197248
0.350518157946
0.35076177063
0.351947244791
0.352955341951
0.353866236683
0.355564022258
0.357893993435
0.360162024655
0.360995568567
0.362725532385
0.365669666403
0.368364037259
0.371030452022
0.373283365232
0.376341649322
0.378274885032
0.38150018137
0.38472204726
0.388685974097
0.390355026173
0.393924837514
0.396933974198
0.402536930504
0.405915511799
0.408501884176
0.410000770726
0.412674487475
0.415812225847
0.420252946345
0.423387259549
0.42762625539
0.430824723274
0.43544573977
0.439572713301
0.442917489274
0.446818415239
0.44998413146
0.455009634954
0.455820849942
0.459511204763
0.461920795879
0.467525074134
0.470833091154
0.473400695944
0.476957070115
0.479937503757
0.483566103904
0.486329799413
0.490835342384
0.49444704303
0.497801751601
0.500479899858
0.504205848455
0.507169940825
0.511352956906
0.51410847701
0.519308173027
0.521822861047
0.524750851309
0.526333460857
0.527951946654
0.530820042549
0.533343532615
0.537832584089
0.540715221581
0.543677772185
0.546696913198
0.550129970359
0.552479917194
0.555265722792
0.558449971164
0.561561904617
0.563750441508
0.565378689084
0.565840721171
0.566910701286
0.568850005919
0.572399699672
0.5737831784
0.57402804157
0.575547149748
0.576980148492
0.577981694342
0.577273293421
0.578422598543
0.579368921039
0.580909693175
0.58132006805
0.581586854257
0.580559892025
0.580155588702
0.579821362736
0.579260959147
0.576521030303
0.575151727856
0.573503282084
0.57263512804
0.570890323101
0.569676813781
0.567731735042
0.564670422758
0.562034504766
0.55929040939
0.557244288693
0.554862732494
0.55182172392
0.549436289744
0.545478626179
0.542749729321
0.539058613302
0.535626848917
0.531198185052
0.52630395854
0.521675845709
0.516962845741
0.51169074829
0.507566773736
0.502169469124
0.49711011301
0.49107247251
0.486477986149
0.481340391869
0.475619360508
0.470018010342
0.464698136688
0.459829475842
0.45444260992
0.448117018337
0.440857487507
0.43418319825
0.428421602436
0.422425457769
0.415544018718
0.408994334153
0.403073104254
0.396712137246
0.390294889769
0.383255776376
0.377634765104
0.371343779164
0.365581129768
0.359141424613
0.352151034046
0.345702225726
0.338348330137
0.331521415465
0.324086568534
0.318153042425
0.311762271926
0.305035270879
0.297492450143
0.291217441676
0.284529994014
0.27786724693
0.271118589111
0.265330407481
0.258800670476
0.252070371405
0.246094281182
0.240567110006
0.235210960304
0.229363476748
0.223935384974
0.218291694718
0.212571680788
0.207584294973
0.202131716904
0.197024582475
0.191660130283
0.186263023303
0.181743797564
0.176616689355
0.172439185984
0.167542308861
0.163396903034
0.158583449687
0.154482986822
0.150359442365
0.147104512059
0.143557754179
0.140626109775
0.137995478308
0.13514306956
0.132026364327
0.128450818502
0.126167880193
0.124430440584
0.122948901709
0.119852498465
0.116383627998
0.113258266635
0.111333220966
0.109197141164
0.106798578419
0.103558031567
0.100896975554
0.0996407452874
0.0980563010932
0.0962955449601
0.0928873725298
0.0913883750036
0.0897205357214
0.0893801910304
0.0872776679295
0.0863061390242
0.0842614965372
0.084158444354
0.083280543336
0.0829398411291
0.081445737727
0.0802304956948
0.0793397919337
0.0794480933319
0.0785133849628
0.0770747904723
0.0752370557983
0.0738538672216
0.073000133391
0.0719005361394
0.0710298428725
0.0695077255691
0.0676386077563
0.0664581319775
0.0662285252724
0.0665588437329
0.0653663864798
0.0642357238703
0.0627722092063
0.0632095781654
0.0635732364928
0.0632594010731
0.0622721519019
0.0609947123527
0.0606067073238
0.0604490766512
0.0603239410191
0.0596019139769
0.0590203872103
0.0577447228132
0.0576538291842
0.0573627522925
0.0573705860394
0.0567158571366
0.0560317219667
0.05494432751
0.0545203673797
0.0541723796807
0.0545873123312
0.0545142209813
0.054465630288
0.0539875228072
0.0531351782937
0.0530486494351
0.0529428568632
0.0536409447885
0.0524404419018
0.0523529478377
0.0511809088105
0.0521909949079
0.0526175038792
0.0539604325835
0.0534951302693
0.0527455797865
0.0517235442242
0.0516564900175
0.0518615633327
0.0519377449931
0.0517284063787
0.0513136797003
0.0510701087848
0.050745462566
0.0512434210521
0.0522042522164
0.0532464840091
0.0523877186747
0.0522109000384
0.0521140676366
0.0539004997755
0.0548301535121
0.056015303657
0.0561093132751
0.055680726745
0.0550130429822
0.055430648277
0.0557993115911
0.0563966229685
0.0565932460934
0.0558237325517
0.054885567821
0.0536710134585
0.0543937474003
0.055429306261
0.0558561807685
0.0553576895708
0.0541380200133
0.0530807469187
0.0523015834585
0.0517667349613
0.0533611631501
0.0535357993232
0.0541184200627
0.0530231219651
0.0530766979209
0.0527951177383
0.0525268804862
0.0532716206541
0.0536030270603
0.0543622579874
0.0543294628094
0.0541395982222
0.0533781764098
0.0526217775087
0.0529140097436
0.0533659165808
0.0542959283195
0.0540926076223
0.0537014202705
0.0520144899511
0.0511014433232
0.0509142475751
0.0515680508172
0.0528999490943
0.0527406439333
0.0530336891124
0.0515599577568
0.0516913933423
0.0516513384437
0.0522905747491
0.0534741118028
0.0536928361757
0.0550261482242
0.0547746682149
0.0552264487942
0.0548930555827
0.0547911144983
0.0556370869555
0.056448587454
0.0578560042633
0.0576316649927
0.0579317369718
0.0573358198079
0.0569983069077
0.0567310631457
0.0571045437362
0.0585249725364
0.0589925007081
0.0593952245504
0.0588401110624
0.0589878776152
0.0584739990368
0.058808502484
0.0587481065041
0.0595434731451
0.059550856549
0.0600365005634
0.0603516043387
0.0602402481616
0.0597587312583
0.0589183698387
0.0588581819886
0.0593778039839
0.0602925070562
0.0613608321241
0.0616882462521
0.0615877980163
0.0614175110369
0.0613409482976
0.0609413844357
0.0612198741153
0.0617640615508
0.0635555760683
0.064063162296
0.0643219175723
0.0641526360814
0.0636426073799
0.0633653724219
0.063008295201
0.064381676384
0.0658126278134
0.0675415896453
0.0681419426654
0.0685937976569
0.067571234067
0.0669563869025
0.0661560570467
0.0668653817088
0.068076417966
0.0695292986043
0.0707403787992
0.071456969709
0.0714439995692
0.0709311962025
0.0697101214444
0.0691049898173
0.069005714356
0.0698116088421
0.0714125479672
0.0731832754078
0.0747683467292
0.0744134144725
0.0738997157124
0.0730931722112
0.073484437307
0.0739474441838
0.0745297877564
0.0753729231524
0.0765618058478
0.0779645611881
0.0789924130328
0.0790928004531
0.0792150491907
0.0786595876965
0.0786640542216
0.0788006443024
0.0807107306533
0.082239852548
0.0837543855935
0.0846645172144
0.0850851382791
0.0852435743587
0.0845642134041
0.0846758072554
0.0843131327184
0.0854737930608
0.0863088910205
0.0880136747821
0.0884751851715
0.0894480631596
0.0895303710983
0.089731268357
0.0889030023285
0.0888099972209
0.0885369893633
0.0892203299711
0.0888744214041
0.0889217359392
0.089276213157
0.0901813958253
0.0914632509111
0.0917087101209
0.0922836417706
0.0923856264359
0.0926355919387
0.0931026587611
0.0931114527087
0.0944141964522
0.0955664264532
0.0971703982057
0.0989258896252
0.100946825661
0.102672300113
0.103067017969
0.102514461882
0.102946293293
0.102784129176
0.103704114235
0.10280848745
0.103367531409
0.103766896485
0.104783895076
0.105427660634
0.105426014607
0.105340891284
0.105366086416
0.104243374573
0.103566994463
0.102392452258
0.102545015909
0.10259058757
0.103041993214
0.103961067951
0.10559169997
0.107444582137
0.108693130923
0.108743838929
0.107644336349
0.107102539265
0.106743964766
0.107121688369
0.107338903922
0.108632748692
0.109465242785
0.109553884779
0.110118356084
0.111229774484
0.112333171273
0.112722264042
0.11232102611
0.112381820989
0.111854103766
0.112452578122
0.113384823129
0.115055818989
0.116613509908
0.118162611761
0.119415610058
0.119605909649
0.11950615731
0.119038170585
0.119384689712
0.11817765406
0.118315196678
0.117813160634
0.118093894131
0.117008771831
0.11620191743
0.116772710337
0.116932591163
0.117873657243
0.117321586677
0.117621112406
0.115838925928
0.115489288287
0.114392967589
0.114551191963
0.113826497904
0.113508543367
0.113673336375
0.114275812493
0.114507708576
0.114554909027
0.114840823242
0.114238534203
0.114080365508
0.112927550669
0.113062974509
0.112182345347
0.111746489292
0.111471822328
0.110088091824
0.109632220367
0.108904921427
0.10923948638
0.108389893472
0.10834373689
0.107580235851
0.108076076761
0.107995613509
0.10853426273
0.107280376287
0.105854543027
0.103813300516
0.103115410125
0.102047803875
0.101794319241
0.0995890322174
0.0973624335656
0.0954763641492
0.0942529932978
0.0923204473713
0.0905784222332
0.0892222444864
0.0881707264751
0.0871399372591
0.0863012150105
0.0856493523351
0.0840013980221
0.0828425191077
0.0816388189014
0.0820313289526
0.0811223417597
0.0798828495772
END
