380.3
381.1
381.9
382.7
383.5
384.4
385.2
386.0
386.8
387.6
388.4
389.2
390.1
390.9
391.7
392.5
393.3
394.1
394.9
395.8
396.6
397.4
398.2
399.0
399.8
400.6
401.5
402.3
403.1
403.9
404.7
405.5
406.3
407.2
408.0
408.8
409.6
410.4
411.2
412.0
412.8
413.7
414.5
415.3
416.1
416.9
417.7
418.5
419.4
420.2
421.0
421.8
422.6
423.4
424.2
425.1
425.9
426.7
427.5
428.3
429.1
429.9
430.8
431.6
432.4
433.2
434.0
434.8
435.6
436.4
437.3
438.1
438.9
439.7
440.5
441.3
442.1
443.0
443.8
444.6
445.4
446.2
447.0
447.8
448.7
449.5
450.3
451.1
451.9
452.7
453.5
454.4
455.2
456.0
456.8
457.6
458.4
459.2
460.0
460.9
461.7
462.5
463.3
464.1
464.9
465.7
466.6
467.4
468.2
469.0
469.8
470.6
471.4
472.3
473.1
473.9
474.7
475.5
476.3
477.1
478.0
478.8
479.6
480.4
481.2
482.0
482.8
483.6
484.5
485.3
486.1
486.9
487.7
488.5
489.3
490.2
491.0
491.8
492.6
493.4
494.2
495.0
495.9
496.7
497.5
498.3
499.1
499.9
500.7
501.6
502.4
503.2
504.0
504.8
505.6
506.4
507.2
508.1
508.9
509.7
510.5
511.3
512.1
512.9
513.7
514.5
515.3
516.1
516.8
517.6
518.4
519.2
520.0
520.8
521.5
522.3
523.1
523.9
524.7
525.5
526.2
527.0
527.8
528.6
529.4
530.2
530.9
531.7
532.5
533.3
534.1
534.9
535.6
536.4
537.2
538.0
538.8
539.6
540.3
541.1
541.9
542.7
543.5
544.3
545.0
545.8
546.6
547.4
548.2
549.0
549.7
550.5
551.3
552.1
552.9
553.7
554.4
555.2
556.0
556.8
557.6
558.4
559.1
559.9
560.7
561.5
562.3
563.1
563.8
564.6
565.4
566.2
567.0
567.8
568.5
569.3
570.1
570.9
571.7
572.5
573.2
574.0
574.8
575.6
576.4
577.2
577.9
578.7
579.5
580.3
581.1
581.9
582.6
583.4
584.2
585.0
585.8
586.6
587.3
588.1
588.9
589.6
590.3
591.1
591.8
592.6
593.3
594.0
594.8
595.5
596.3
597.0
597.7
598.5
599.2
600.0
600.7
601.5
602.2
602.9
603.7
604.4
605.2
605.9
606.6
607.4
608.1
608.9
609.6
610.3
611.1
611.8
612.6
613.3
614.0
614.8
615.5
616.3
617.0
617.7
618.5
619.2
620.0
620.7
621.4
622.2
622.9
623.7
624.4
625.2
625.9
626.6
627.4
628.1
628.9
629.6
630.3
631.1
631.8
632.6
633.3
634.0
634.8
635.5
636.3
637.0
637.7
638.5
639.2
640.0
640.7
641.4
642.2
642.9
643.7
644.4
645.1
645.9
646.6
647.4
648.1
648.8
649.6
650.3
651.1
651.8
652.6
653.3
654.0
654.8
655.5
656.3
657.0
657.7
658.5
659.2
660.0
660.7
661.4
662.2
662.9
663.7
664.4
665.1
665.9
666.6
667.4
668.1
668.9
669.6
670.4
671.2
671.9
672.7
673.4
674.2
674.9
675.7
676.5
677.2
678.0
678.7
679.5
680.2
681.0
681.8
682.5
683.3
684.0
684.8
685.5
686.3
687.1
687.8
688.6
689.3
690.1
690.8
691.6
692.4
693.1
693.9
694.6
695.4
696.1
696.9
697.7
698.4
699.2
699.9
700.7
701.4
702.2
703.0
703.7
704.5
705.2
706.0
706.8
707.6
708.4
709.2
710.0
710.8
711.6
712.4
713.2
714.0
714.8
715.6
716.4
717.2
718.0
718.8
719.6
720.4
721.2
722.0
722.8
723.6
724.4
725.2
726.0
726.8
727.6
728.4
729.2
730.0
730.8
731.6
732.4
733.2
734.0
734.8
735.6
736.4
737.2
738.0
738.8
739.6
740.4
741.2
742.0
742.8
743.6
744.4
745.2
746.0
746.8
747.6
748.4
749.2
750.0
750.8
751.6
752.4
753.2
754.0
754.8
755.6
756.4
757.2
758.0
758.8
759.6
760.4
761.2
762.0
762.8
763.6
764.4
765.2
766.0
766.8
767.6
768.4
769.2
770.0
770.8
771.6
772.4
773.2
774.1
774.9
775.7
776.5
777.3
778.1
778.9
779.7
780.5
781.3
782.1
782.9
783.7
784.5
785.3
786.1
786.9
787.7
788.5
789.3
790.1
790.9
791.7
792.5
793.3
794.1
794.9
795.7
796.5
797.3
798.1
798.9
799.7
800.5
801.3
802.1
802.9
803.7
804.5
805.3
806.1
806.9
807.7
808.5
809.3
810.1
810.9
811.7
812.5
813.3
814.1
814.9
815.7
816.5
817.3
818.1
818.9
819.7
820.5
821.3
822.1
822.9
823.7
824.5
825.3
826.1
826.9
827.7
828.5
829.3
830.1
830.9
831.7
832.6
833.4
834.3
835.1
835.9
836.8
837.6
838.5
839.3
840.2
841.0
841.9
842.7
843.5
844.4
845.2
846.1
846.9
847.8
848.6
849.4
850.3
851.1
852.0
852.8
853.7
854.5
855.3
856.2
857.0
857.9
858.7
859.6
860.4
861.3
862.1
862.9
863.8
864.6
865.5
866.3
867.2
868.0
868.8
869.7
870.5
871.4
872.2
873.1
873.9
874.8
875.6
876.4
877.3
878.1
879.0
879.8
880.7
881.5
882.3
883.2
884.0
884.9
885.7
886.6
887.4
888.2
889.1
889.9
890.8
891.6
892.5
893.3
894.2
895.0
895.8
896.7
897.5
898.4
899.2
NEXT_SERIES
0.243353968479
0.240211609343
0.236030827947
0.23079174076
0.230694911362
0.231129003092
0.2361443867
0.242988896087
0.252184255051
0.264052320153
0.274884083038
0.287314678346
0.299114019169
0.311870346951
0.324413017964
0.336148112083
0.346392398159
0.354283141925
0.361100678641
0.364447728834
0.366607373535
0.364277897355
0.361005609779
0.355652861287
0.349507042436
0.341959628798
0.335134944633
0.328514404716
0.32261755948
0.315241510418
0.309776678789
0.306190517053
0.30468652858
0.303600348899
0.302866709522
0.302229737518
0.301423922219
0.301802882128
0.301905739842
0.302286742983
0.302102913208
0.303916475138
0.305789348486
0.307769492747
0.310134041893
0.312650561342
0.314747204848
0.315363085852
0.31656836445
0.318233411001
0.320066771307
0.321495507583
0.322055540897
0.322363227446
0.32349472775
0.323558149798
0.323947722015
0.324058754436
0.324920508106
0.324508845973
0.324850861536
0.324051652868
0.323992372354
0.321908933921
0.321214706102
0.320737302633
0.320108723861
0.319257104834
0.317434385061
0.315940088917
0.314574541566
0.3128185676
0.311177534827
0.30878324201
0.307304332186
0.305765928713
0.305239547145
0.305357955595
0.305524307643
0.304531373793
0.303648584101
0.302232780459
0.302407574718
0.302294598302
0.303011888041
0.303304324049
0.303594055345
0.303571806004
0.30431999415
0.305215180894
0.305139354956
0.305463695108
0.306793762154
0.308948498419
0.310389268685
0.311271099603
0.312398568031
0.313174945347
0.31345857246
0.314482512206
0.3162235383
0.318034248416
0.318730633405
0.320675521138
0.323195226781
0.326583144102
0.329550310096
0.332724443844
0.334538945292
0.336935118319
0.338936515976
0.342961568334
0.345605419142
0.349171872021
0.352917866293
0.35723194828
0.360283598463
0.363584882127
0.366889018229
0.37046406957
0.374177090794
0.378069669791
0.382254886284
0.385343985842
0.389309577084
0.392746323456
0.398060688819
0.40269277956
0.408004024591
0.4110520402
0.414915926869
0.41720543559
0.420772653045
0.42274034345
0.427758433095
0.431325679141
0.436419815823
0.441016259829
0.445573866994
0.45022144439
0.453606363094
0.458325529835
0.461656563218
0.465015355244
0.468866431951
0.472427620048
0.476544626543
0.481512025119
0.486433536163
0.490826014435
0.493353932645
0.496140909748
0.498891880843
0.501780708742
0.504652005246
0.507383961704
0.510468137038
0.512999257043
0.515868531776
0.518449692685
0.521973495884
0.524584165046
0.527536418133
0.530849174949
0.533628066886
0.536062399379
0.536886377637
0.537721539048
0.538703098042
0.54076314793
0.542080825104
0.543028495259
0.543139839916
0.545018338018
0.545423373393
0.547174504742
0.548646777784
0.551339058273
0.552646155619
0.553321882957
0.553827922813
0.553587951014
0.552987519297
0.552086428914
0.551245161296
0.550723579448
0.548567929586
0.547158372947
0.545832774916
0.544442630206
0.541834043331
0.540223448125
0.53932146264
0.538076483429
0.53539763515
0.533843148416
0.532893388896
0.531227022032
0.527373960804
0.523562664407
0.519571320484
0.517187079203
0.51408653256
0.510385214878
0.506447361902
0.501685926464
0.497646574901
0.491614032139
0.487518728213
0.482610752804
0.478452149533
0.472764683763
0.468193984176
0.463721215133
0.459418574236
0.453362804747
0.447510400852
0.44173426048
0.437544785078
0.432777924201
0.426209335869
0.419202017279
0.412960991322
0.407536753178
0.401470420999
0.395370129511
0.389966839229
0.384044178119
0.377017541277
0.369470344795
0.362872555589
0.356766147741
0.350474443349
0.343915431668
0.337256915046
0.330650621788
0.32527707611
0.318935385008
0.312540888764
0.305412031756
0.299845850005
0.293622835393
0.288117065483
0.281090929289
0.27530744963
0.268087863336
0.261714721693
0.255128386295
0.248570914779
0.242277788619
0.236162379935
0.230999066901
0.225658880556
0.219636061771
0.21433378061
0.209080884299
0.204474631731
0.198722493236
0.193166228881
0.18797873315
0.182800358268
0.177670203481
0.172060747832
0.167676260475
0.163343225764
0.159275607218
0.154458921014
0.150675242272
0.146293476517
0.142829123344
0.138830380812
0.135413845963
0.131565067708
0.128495955589
0.12618034596
0.123867891922
0.120481037306
0.117122495329
0.114625110001
0.113092219461
0.111468105499
0.108843567421
0.105543309269
0.102611368396
0.100720143414
0.098602369529
0.095735811509
0.0928098030707
0.0908344893093
0.0901888439547
0.0885091041403
0.0868398549774
0.0835816665783
0.0817445394775
0.0798107623597
0.0793466451461
0.0778058577836
0.0763799022847
0.0746112957469
0.0740807841802
0.0736333588812
0.0733839623106
0.072305292492
0.0717149181333
0.0708994443997
0.0709044656988
0.0690034703977
0.0675965051705
0.0656152082114
0.065008115027
0.0645213456253
0.0633389996482
0.0620820178008
0.0606436276833
0.0592187686231
0.0584063264009
0.0576621066528
0.0579021328297
0.0564943774313
0.0556697253715
0.0543669279775
0.0547725127483
0.054433878821
0.0538287063374
0.053239429566
0.0520399829667
0.0520081332976
0.0520265997521
0.0521042108962
0.0511328690416
0.0501798447255
0.0491601078459
0.0493657390884
0.0494285529134
0.0492885428851
0.0483505786657
0.0472262349363
0.0466446852911
0.0462473825428
0.0460379418626
0.0464603336521
0.0466920400504
0.0465892561489
0.0457965557988
0.0452931359908
0.0457246812204
0.0457440656124
0.0463362440341
0.0451766825195
0.0448937154758
0.0433365436053
0.0436038355668
0.0442394494
0.0455962050132
0.0452219354176
0.044343617444
0.0429910065191
0.0432865638726
0.0433444670073
0.0437071698151
0.042924906066
0.0421795323541
0.0414584620033
0.0416138307538
0.0425348285286
0.043730963141
0.0442384369499
0.04297484631
0.042072865694
0.0419957247124
0.0432818441204
0.0443789743789
0.044950779452
0.0448911660117
0.0444757840625
0.0434856403325
0.0438323599083
0.0439706417885
0.0450802085229
0.0454992693672
0.0455731391848
0.0441578902432
0.0426033138044
0.0422653135814
0.0432735807177
0.043755054911
0.0434406563535
0.0424043164231
0.0414930618115
0.0415110414864
0.0412066175893
0.0427164405243
0.0422270322366
0.0427948871303
0.041506049837
0.0411381721391
0.0407655480151
0.0408255870775
0.0421054698202
0.0426155431629
0.0433555856567
0.0428649585536
0.0424231927177
0.0416163147322
0.0415691981358
0.0423162943422
0.0430163883357
0.0440073827403
0.0436796618603
0.0436165015212
0.0421776775447
0.0416219062042
0.0414693023519
0.0416915992116
0.0426955891661
0.042350202348
0.0425579468294
0.0411861063944
0.0415900715937
0.041387370138
0.0416656192447
0.0424340662824
0.0429915966479
0.0447229601315
0.0439893674643
0.0440922338203
0.0437093825088
0.0442408188677
0.0449736864056
0.045509694162
0.0466102237209
0.0467206944442
0.0471686655944
0.0468311020464
0.0463065022796
0.0459779603807
0.0458374560998
0.0471864918766
0.0472517655191
0.0478645656469
0.0474725252839
0.0471937329193
0.0462174353901
0.045840911844
0.0460144061924
0.0467197214598
0.0464464091299
0.0469661099939
0.0470775202139
0.0475775820567
0.0474621892241
0.0472499553225
0.0469187398242
0.0459560699993
0.0459571525803
0.0469743512343
0.0480380446656
0.0481551767364
0.047657467906
0.0471150295179
0.0461695470432
0.0457188320076
0.045846853371
0.0470858491468
0.0475966839409
0.0477845531506
0.0477868366171
0.0476478095334
0.0475187003138
0.0474943610598
0.0484978108696
0.0492891502362
0.0499886833813
0.0499987417122
0.0503532333351
0.0496170495813
0.048800199076
0.0480852090072
0.0483622610009
0.0494816027792
0.0502900829416
0.0513408844428
0.0513012854683
0.0512338254708
0.0503201517313
0.0496094922507
0.0489109238291
0.0486471573568
0.0489630759866
0.0500340788729
0.0511629648341
0.0520009176578
0.051286324056
0.0506991622944
0.0497388316189
0.0500760710501
0.0501294435493
0.050767291979
0.0512978085776
0.0519393850816
0.0528554497173
0.0529635439337
0.0531325732707
0.0531474457477
0.0525497075767
0.0526888081756
0.0521428764844
0.0530399107224
0.0531786966084
0.0537841957657
0.0549447748785
0.0557076556053
0.0559014654926
0.054657072199
0.0539723908603
0.0539905621231
0.054743242723
0.0556413700674
0.0561327036946
0.0564067557203
0.0571755792968
0.0569963379315
0.0568024877183
0.0556350440923
0.055301541626
0.0548485332567
0.0550374935189
0.0544088854441
0.0544402294848
0.0545169261665
0.0549715445564
0.0558902778181
0.0549888413283
0.0550389516421
0.0543194347612
0.0547583960463
0.0553079475909
0.0558824173074
0.0568310451696
0.057850393912
0.0588924993485
0.0599031466085
0.0604385572288
0.0606225672467
0.0606617086346
0.060502582034
0.0610873421975
0.0610052939931
0.0610264596059
0.0600575626072
0.0595893646046
0.0596847331634
0.0602523151572
0.0606700905748
0.060252124294
0.0595962216691
0.0594739567117
0.0588214234735
0.0582896569175
0.0574377801
0.0575453630629
0.0577221484159
0.0580680489225
0.0587647587586
0.0596808520171
0.0607811946514
0.0616370459055
0.0613737264724
0.0605110186903
0.0599385189608
0.0594082736526
0.0590742797189
0.0589841546896
0.0597595609973
0.0604055673306
0.0601623451515
0.061468629031
0.0625840606358
0.0629396248134
0.0626210765847
0.0621268695149
0.0623354288873
0.0621359896
0.0628011942031
0.0633595476714
0.063547973093
0.0641459763542
0.0646046908477
0.0656020901661
0.0659382406504
0.0663118244471
0.0656706771839
0.0653761961671
0.0641529615739
0.0636878985724
0.0625528677701
0.0625501134864
0.0615460836771
0.0614802570408
0.0613572984156
0.062196787605
0.0625355807261
0.0619474498712
0.0616827627546
0.0601857395923
0.0600825864429
0.0583528124454
0.058278908453
0.0583542097026
0.0585841466731
0.0587541347587
0.0582367220414
0.0583421310417
0.0578663871241
0.0570692956469
0.056391131068
0.0563673894548
0.0560760087894
0.0560090501725
0.0553954361772
0.0552905945624
0.0554106125534
0.0541836372993
0.0540075257356
0.0532771071795
0.0531166626048
0.0526759091173
0.0519444925777
0.0517781465541
0.0511077443693
0.0507343758596
0.0507033765491
0.0498473499803
0.0494956845198
0.0489723805691
0.0483189996212
0.0471341597757
0.0460286588538
0.0453414051712
0.0432628934966
0.0417224417918
0.0397288778704
0.0393027584089
0.0377624214898
0.0372602410369
0.0366451592181
0.0360210118332
0.0356300809373
0.0346188408149
0.0341668254147
0.0337562994208
0.0331572370353
0.0328709844347
0.0317552611032
0.031252282784
END
