380.3
381.1
381.9
382.7
383.5
384.4
385.2
386.0
386.8
387.6
388.4
389.2
390.1
390.9
391.7
392.5
393.3
394.1
394.9
395.8
396.6
397.4
398.2
399.0
399.8
400.6
401.5
402.3
403.1
403.9
404.7
405.5
406.3
407.2
408.0
408.8
409.6
410.4
411.2
412.0
412.8
413.7
414.5
415.3
416.1
416.9
417.7
418.5
419.4
420.2
421.0
421.8
422.6
423.4
424.2
425.1
425.9
426.7
427.5
428.3
429.1
429.9
430.8
431.6
432.4
433.2
434.0
434.8
435.6
436.4
437.3
438.1
438.9
439.7
440.5
441.3
442.1
443.0
443.8
444.6
445.4
446.2
447.0
447.8
448.7
449.5
450.3
451.1
451.9
452.7
453.5
454.4
455.2
456.0
456.8
457.6
458.4
459.2
460.0
460.9
461.7
462.5
463.3
464.1
464.9
465.7
466.6
467.4
468.2
469.0
469.8
470.6
471.4
472.3
473.1
473.9
474.7
475.5
476.3
477.1
478.0
478.8
479.6
480.4
481.2
482.0
482.8
483.6
484.5
485.3
486.1
486.9
487.7
488.5
489.3
490.2
491.0
491.8
492.6
493.4
494.2
495.0
495.9
496.7
497.5
498.3
499.1
499.9
500.7
501.6
502.4
503.2
504.0
504.8
505.6
506.4
507.2
508.1
508.9
509.7
510.5
511.3
512.1
512.9
513.7
514.5
515.3
516.1
516.8
517.6
518.4
519.2
520.0
520.8
521.5
522.3
523.1
523.9
524.7
525.5
526.2
527.0
527.8
528.6
529.4
530.2
530.9
531.7
532.5
533.3
534.1
534.9
535.6
536.4
537.2
538.0
538.8
539.6
540.3
541.1
541.9
542.7
543.5
544.3
545.0
545.8
546.6
547.4
548.2
549.0
549.7
550.5
551.3
552.1
552.9
553.7
554.4
555.2
556.0
556.8
557.6
558.4
559.1
559.9
560.7
561.5
562.3
563.1
563.8
564.6
565.4
566.2
567.0
567.8
568.5
569.3
570.1
570.9
571.7
572.5
573.2
574.0
574.8
575.6
576.4
577.2
577.9
578.7
579.5
580.3
581.1
581.9
582.6
583.4
584.2
585.0
585.8
586.6
587.3
588.1
588.9
589.6
590.3
591.1
591.8
592.6
593.3
594.0
594.8
595.5
596.3
597.0
597.7
598.5
599.2
600.0
600.7
601.5
602.2
602.9
603.7
604.4
605.2
605.9
606.6
607.4
608.1
608.9
609.6
610.3
611.1
611.8
612.6
613.3
614.0
614.8
615.5
616.3
617.0
617.7
618.5
619.2
620.0
620.7
621.4
622.2
622.9
623.7
624.4
625.2
625.9
626.6
627.4
628.1
628.9
629.6
630.3
631.1
631.8
632.6
633.3
634.0
634.8
635.5
636.3
637.0
637.7
638.5
639.2
640.0
640.7
641.4
642.2
642.9
643.7
644.4
645.1
645.9
646.6
647.4
648.1
648.8
649.6
650.3
651.1
651.8
652.6
653.3
654.0
654.8
655.5
656.3
657.0
657.7
658.5
659.2
660.0
660.7
661.4
662.2
662.9
663.7
664.4
665.1
665.9
666.6
667.4
668.1
668.9
669.6
670.4
671.2
671.9
672.7
673.4
674.2
674.9
675.7
676.5
677.2
678.0
678.7
679.5
680.2
681.0
681.8
682.5
683.3
684.0
684.8
685.5
686.3
687.1
687.8
688.6
689.3
690.1
690.8
691.6
692.4
693.1
693.9
694.6
695.4
696.1
696.9
697.7
698.4
699.2
699.9
700.7
701.4
702.2
703.0
703.7
704.5
705.2
706.0
706.8
707.6
708.4
709.2
710.0
710.8
711.6
712.4
713.2
714.0
714.8
715.6
716.4
717.2
718.0
718.8
719.6
720.4
721.2
722.0
722.8
723.6
724.4
725.2
726.0
726.8
727.6
728.4
729.2
730.0
730.8
731.6
732.4
733.2
734.0
734.8
735.6
736.4
737.2
738.0
738.8
739.6
740.4
741.2
742.0
742.8
743.6
744.4
745.2
746.0
746.8
747.6
748.4
749.2
750.0
750.8
751.6
752.4
753.2
754.0
754.8
755.6
756.4
757.2
758.0
758.8
759.6
760.4
761.2
762.0
762.8
763.6
764.4
765.2
766.0
766.8
767.6
768.4
769.2
770.0
770.8
771.6
772.4
773.2
774.1
774.9
775.7
776.5
777.3
778.1
778.9
779.7
780.5
781.3
782.1
782.9
783.7
784.5
785.3
786.1
786.9
787.7
788.5
789.3
790.1
790.9
791.7
792.5
793.3
794.1
794.9
795.7
796.5
797.3
798.1
798.9
799.7
800.5
801.3
802.1
802.9
803.7
804.5
805.3
806.1
806.9
807.7
808.5
809.3
810.1
810.9
811.7
812.5
813.3
814.1
814.9
815.7
816.5
817.3
818.1
818.9
819.7
820.5
821.3
822.1
822.9
823.7
824.5
825.3
826.1
826.9
827.7
828.5
829.3
830.1
830.9
831.7
832.6
833.4
834.3
835.1
835.9
836.8
837.6
838.5
839.3
840.2
841.0
841.9
842.7
843.5
844.4
845.2
846.1
846.9
847.8
848.6
849.4
850.3
851.1
852.0
852.8
853.7
854.5
855.3
856.2
857.0
857.9
858.7
859.6
860.4
861.3
862.1
862.9
863.8
864.6
865.5
866.3
867.2
868.0
868.8
869.7
870.5
871.4
872.2
873.1
873.9
874.8
875.6
876.4
877.3
878.1
879.0
879.8
880.7
881.5
882.3
883.2
884.0
884.9
885.7
886.6
887.4
888.2
889.1
889.9
890.8
891.6
892.5
893.3
894.2
895.0
895.8
896.7
897.5
898.4
899.2
NEXT_SERIES
0.464478942458
0.466529365506
0.468848798478
0.467640821739
0.468731875953
0.471491573438
0.48537962205
0.499389544239
0.5185369944
0.536028035853
0.553649299329
0.56968513059
0.586959461485
0.606433853978
0.628177789551
0.648496025965
0.665524633257
0.680618375434
0.692406978865
0.702557066434
0.708284396179
0.710297405013
0.709523135231
0.705270828071
0.69837549689
0.6907659534
0.68391768342
0.677569907469
0.670507478731
0.662091512262
0.654708865402
0.648496020096
0.645201224083
0.643250053438
0.642584265014
0.64109238799
0.640200841381
0.639926738521
0.639558538419
0.639070057433
0.638514887956
0.640524609518
0.64316753322
0.647031386426
0.650296300284
0.653164387947
0.654791742094
0.655902975548
0.657660040951
0.660137970452
0.662345530491
0.663555284312
0.663133467227
0.661950258549
0.661168517875
0.661522475335
0.663047954954
0.664363159102
0.665366008888
0.66423294538
0.663251902952
0.66257175091
0.663252807405
0.66221471976
0.66141376823
0.659772323249
0.659336451541
0.657001355839
0.655122041898
0.653645469507
0.651983380777
0.649848361805
0.647174310465
0.642897767743
0.638815904978
0.634652855165
0.632347969135
0.629787381114
0.627200253318
0.623977842682
0.621767792138
0.617919075108
0.613070065299
0.609318797872
0.606123362276
0.604361389329
0.601188497117
0.598368575901
0.596029466184
0.593373981241
0.591232387084
0.588358951247
0.58647701199
0.583097869196
0.579767258859
0.575373688319
0.572675643379
0.569564752392
0.567484172901
0.564271363211
0.562028470322
0.558343642838
0.556336717562
0.556363303543
0.555356069981
0.553579903199
0.55142554217
0.551520239782
0.552168374254
0.551375996665
0.550564003285
0.548267242686
0.546539327992
0.546159227762
0.547106029491
0.548649703177
0.549048545638
0.548018070912
0.548193505772
0.548178503915
0.548191954331
0.547294969925
0.547947631221
0.548388530902
0.549710859469
0.549627228351
0.551002292744
0.551710494545
0.552514464557
0.553949788782
0.554218198813
0.554619139392
0.555137280038
0.55622523839
0.556158912477
0.557456816968
0.55760411473
0.559819666404
0.559532919358
0.560753496501
0.561383679463
0.562987049338
0.563624529337
0.562833282676
0.562642906009
0.562753260739
0.56401105041
0.565062486277
0.565911182039
0.566516981883
0.56584022587
0.565002587681
0.56274536751
0.561411658207
0.558904037926
0.55737420578
0.554722883651
0.553098142824
0.551319425417
0.550008070286
0.548431386778
0.546090467129
0.544354781392
0.543576973835
0.541543849215
0.538558887327
0.534160307683
0.530962906219
0.52708816962
0.524354021399
0.522113774124
0.520801070389
0.517682535772
0.515052612781
0.512051794346
0.509406587931
0.507095254927
0.505665843224
0.506127017591
0.505945677188
0.505131916804
0.502328798258
0.499435467215
0.496068235273
0.49426399936
0.491605431921
0.489369719622
0.48641391925
0.483783610535
0.480639289994
0.478353154479
0.475812703126
0.474576059308
0.472059157762
0.469943224365
0.467485762404
0.466421183143
0.465605835563
0.464346404917
0.462200412735
0.460720578259
0.458977418521
0.456877086159
0.453313408314
0.450686300376
0.447304251654
0.445170041491
0.440673310948
0.438141006976
0.435624835662
0.433345315953
0.430436418426
0.426423952222
0.425011552681
0.422963914888
0.421916667649
0.418726613887
0.416456149673
0.413164222811
0.411225116363
0.408403217529
0.405988954756
0.403223582677
0.39990791873
0.394911585438
0.390011163548
0.385837792719
0.384587988832
0.382366282915
0.379645033107
0.375380471164
0.372985558223
0.370870974862
0.368878072184
0.36617919773
0.363769390114
0.36095764635
0.357969447537
0.354962667759
0.352182927251
0.349588954497
0.346190658353
0.343671700441
0.340020565824
0.337797286206
0.334844534098
0.331750281808
0.327705033797
0.323983411487
0.320785924926
0.318614246329
0.316271529686
0.314846867475
0.312542626016
0.310873261999
0.308512374947
0.30705827313
0.304604192399
0.302453294092
0.299945107273
0.297528496331
0.295447382339
0.291927279926
0.28992010356
0.28607558027
0.283903207006
0.280913389187
0.278670362787
0.276189566089
0.273498584937
0.271795572217
0.269673694119
0.267583670942
0.26539883407
0.264575792497
0.264951907748
0.264737401087
0.263747727866
0.261842693338
0.261723892503
0.262037232323
0.26141532416
0.259063494449
0.255832509285
0.253989139749
0.252962259835
0.251859030827
0.250546305616
0.247984350542
0.246286964562
0.243708530406
0.243187233976
0.241439328136
0.241106810849
0.240084606982
0.240395680804
0.239792767064
0.239724234934
0.239547669229
0.240739437609
0.241607860769
0.242526698479
0.242512699376
0.242345584477
0.241635182324
0.242351307302
0.241844383968
0.240825709594
0.238877841942
0.237687466693
0.236927121507
0.235957479457
0.234201127756
0.232472713558
0.230061810425
0.229038047787
0.228502544347
0.227594321195
0.226789760353
0.226052085877
0.226471509016
0.225642580226
0.225790492841
0.224393247125
0.224151831961
0.222253983486
0.222298236339
0.221362883628
0.221687585265
0.219553094466
0.220046905456
0.21856677178
0.218774166953
0.2160018948
0.216020493648
0.21475491391
0.215787784487
0.21354850405
0.212872537961
0.210663575174
0.21133077169
0.211104398298
0.212979831178
0.212685868993
0.213742280389
0.212872718214
0.213967025341
0.214059568191
0.214306846051
0.214179088098
0.214579610552
0.215820350293
0.217063231993
0.219053178039
0.220464086359
0.22137943588
0.221754019
0.223124562987
0.224685760868
0.227974455193
0.229914939645
0.232551222513
0.233313086963
0.235832168908
0.239278961874
0.244137104315
0.249084087856
0.251781898711
0.25391494741
0.256113464828
0.260020295721
0.264667100992
0.268606104669
0.272523880021
0.275399959297
0.277227808796
0.278497950277
0.279481561736
0.281551716134
0.284384303916
0.286161103695
0.285781690888
0.283600323923
0.281618591221
0.281820314906
0.28181804284
0.282061183614
0.279423866312
0.275813127161
0.271052392553
0.266536345425
0.264024863071
0.26053880233
0.258198658087
0.252748088725
0.248099901185
0.242485927218
0.237238212381
0.234602124115
0.231444917697
0.229815623424
0.22598833221
0.222420902048
0.217024637266
0.212478921451
0.209498498861
0.209207228741
0.209236842867
0.207400934052
0.204169406915
0.198974251604
0.195776667138
0.193626691356
0.193856576686
0.194415331382
0.193743948653
0.192079950286
0.188394969913
0.186558324372
0.185099277595
0.185583488197
0.186969383941
0.187911008814
0.188502988316
0.186557888143
0.185436095882
0.183594196823
0.183095730286
0.18357356628
0.185661686292
0.187765865861
0.188214152163
0.186886590151
0.184959630292
0.182814183532
0.183005008124
0.183435367375
0.185775592335
0.186145672383
0.186503836077
0.184880315833
0.183452728117
0.181974635813
0.181635480674
0.182186357328
0.18409375619
0.184889694004
0.184861661401
0.182739090438
0.18091407462
0.179533714149
0.179172737653
0.178781394881
0.179087232054
0.179783237779
0.180953493174
0.180325050419
0.178989390227
0.177838783675
0.177270892852
0.177471637199
0.177403946898
0.178724493917
0.180103739199
0.180496838476
0.179816738534
0.17824234856
0.17773322089
0.177944794877
0.179174728134
0.180770500707
0.182151277472
0.183341771332
0.183257923422
0.182780074234
0.180436584849
0.179333599504
0.178210904472
0.179295327164
0.180373378279
0.181634917892
0.182119245202
0.182221210056
0.181050775219
0.179002528418
0.176794995522
0.175995226573
0.176233053719
0.177497243304
0.178088096419
0.179132162633
0.179955997792
0.179867848007
0.179318354425
0.177779713033
0.177298531804
0.177223945153
0.177197200095
0.178569012196
0.179094159985
0.180507941437
0.18027684446
0.180158966031
0.179901791815
0.179195281388
0.17947694169
0.179084578714
0.18016473539
0.180497550917
0.182115867895
0.184061663174
0.185186555931
0.185237436844
0.183940264136
0.183930424443
0.18328791927
0.183586131812
0.183466525901
0.18496755655
0.18562435455
0.187099996944
0.187631574248
0.18828362453
0.186068311981
0.184154131302
0.181651280367
0.181581797773
0.180703928733
0.181003542391
0.181932808577
0.183012741572
0.184683328824
0.184005553014
0.184222339898
0.183316789695
0.182934929954
0.182698173448
0.18352063333
0.186122383489
0.189413907743
0.192166059919
0.194717196419
0.196073549121
0.197306433293
0.197512980958
0.196926770807
0.195867142184
0.194982210169
0.195236266633
0.195409758419
0.196458320431
0.197302116054
0.198947741007
0.199516220144
0.199751736319
0.198525212091
0.197222101095
0.194334047322
0.191738571548
0.189893305691
0.18978977975
0.190105223213
0.190439398141
0.191965449303
0.193946279967
0.195658857875
0.195881764716
0.195243182396
0.193660202202
0.192646340893
0.191936178326
0.191081235107
0.191192470655
0.191923564498
0.194492151254
0.194576608786
0.195905338303
0.19715235425
0.1982087392
0.198382867882
0.196698372092
0.196450485034
0.196032763803
0.197356820623
0.198468159207
0.200334629891
0.201805395643
0.204385227276
0.206070976877
0.207232054487
0.207106905193
0.206027733224
0.205269942397
0.203329169832
0.202942681202
0.20219906825
0.202387313075
0.201714511596
0.20205028914
0.203018805511
0.203333635135
0.204042799963
0.202759826049
0.20207103241
0.199375305816
0.198741496331
0.196994894964
0.196916245975
0.196394394817
0.197258623662
0.197118818811
0.197896016139
0.19889030346
0.199810255258
0.200180788099
0.19875310167
0.198585339971
0.197563624209
0.197829225763
0.195957253208
0.195429604824
0.195506185971
0.195094627034
0.195002548113
0.19414361357
0.195468749473
0.195684143946
0.196851631681
0.196385002637
0.196117986415
0.195030843732
0.195209805704
0.194148141904
0.19325533708
0.191442892631
0.190419384395
0.188606011272
0.186536138776
0.183836769111
0.182224994183
0.180647350868
0.179707184156
0.17777338297
0.175052245369
0.173384188664
0.171264383767
0.170193826738
0.168001489123
0.167376239591
0.165772401756
0.165121537092
0.162010684816
0.161324866685
0.158841761114
0.157921917298
END
