380.3
381.1
381.9
382.7
383.5
384.4
385.2
386.0
386.8
387.6
388.4
389.2
390.1
390.9
391.7
392.5
393.3
394.1
394.9
395.8
396.6
397.4
398.2
399.0
399.8
400.6
401.5
402.3
403.1
403.9
404.7
405.5
406.3
407.2
408.0
408.8
409.6
410.4
411.2
412.0
412.8
413.7
414.5
415.3
416.1
416.9
417.7
418.5
419.4
420.2
421.0
421.8
422.6
423.4
424.2
425.1
425.9
426.7
427.5
428.3
429.1
429.9
430.8
431.6
432.4
433.2
434.0
434.8
435.6
436.4
437.3
438.1
438.9
439.7
440.5
441.3
442.1
443.0
443.8
444.6
445.4
446.2
447.0
447.8
448.7
449.5
450.3
451.1
451.9
452.7
453.5
454.4
455.2
456.0
456.8
457.6
458.4
459.2
460.0
460.9
461.7
462.5
463.3
464.1
464.9
465.7
466.6
467.4
468.2
469.0
469.8
470.6
471.4
472.3
473.1
473.9
474.7
475.5
476.3
477.1
478.0
478.8
479.6
480.4
481.2
482.0
482.8
483.6
484.5
485.3
486.1
486.9
487.7
488.5
489.3
490.2
491.0
491.8
492.6
493.4
494.2
495.0
495.9
496.7
497.5
498.3
499.1
499.9
500.7
501.6
502.4
503.2
504.0
504.8
505.6
506.4
507.2
508.1
508.9
509.7
510.5
511.3
512.1
512.9
513.7
514.5
515.3
516.1
516.8
517.6
518.4
519.2
520.0
520.8
521.5
522.3
523.1
523.9
524.7
525.5
526.2
527.0
527.8
528.6
529.4
530.2
530.9
531.7
532.5
533.3
534.1
534.9
535.6
536.4
537.2
538.0
538.8
539.6
540.3
541.1
541.9
542.7
543.5
544.3
545.0
545.8
546.6
547.4
548.2
549.0
549.7
550.5
551.3
552.1
552.9
553.7
554.4
555.2
556.0
556.8
557.6
558.4
559.1
559.9
560.7
561.5
562.3
563.1
563.8
564.6
565.4
566.2
567.0
567.8
568.5
569.3
570.1
570.9
571.7
572.5
573.2
574.0
574.8
575.6
576.4
577.2
577.9
578.7
579.5
580.3
581.1
581.9
582.6
583.4
584.2
585.0
585.8
586.6
587.3
588.1
588.9
589.6
590.3
591.1
591.8
592.6
593.3
594.0
594.8
595.5
596.3
597.0
597.7
598.5
599.2
600.0
600.7
601.5
602.2
602.9
603.7
604.4
605.2
605.9
606.6
607.4
608.1
608.9
609.6
610.3
611.1
611.8
612.6
613.3
614.0
614.8
615.5
616.3
617.0
617.7
618.5
619.2
620.0
620.7
621.4
622.2
622.9
623.7
624.4
625.2
625.9
626.6
627.4
628.1
628.9
629.6
630.3
631.1
631.8
632.6
633.3
634.0
634.8
635.5
636.3
637.0
637.7
638.5
639.2
640.0
640.7
641.4
642.2
642.9
643.7
644.4
645.1
645.9
646.6
647.4
648.1
648.8
649.6
650.3
651.1
651.8
652.6
653.3
654.0
654.8
655.5
656.3
657.0
657.7
658.5
659.2
660.0
660.7
661.4
662.2
662.9
663.7
664.4
665.1
665.9
666.6
667.4
668.1
668.9
669.6
670.4
671.2
671.9
672.7
673.4
674.2
674.9
675.7
676.5
677.2
678.0
678.7
679.5
680.2
681.0
681.8
682.5
683.3
684.0
684.8
685.5
686.3
687.1
687.8
688.6
689.3
690.1
690.8
691.6
692.4
693.1
693.9
694.6
695.4
696.1
696.9
697.7
698.4
699.2
699.9
700.7
701.4
702.2
703.0
703.7
704.5
705.2
706.0
706.8
707.6
708.4
709.2
710.0
710.8
711.6
712.4
713.2
714.0
714.8
715.6
716.4
717.2
718.0
718.8
719.6
720.4
721.2
722.0
722.8
723.6
724.4
725.2
726.0
726.8
727.6
728.4
729.2
730.0
730.8
731.6
732.4
733.2
734.0
734.8
735.6
736.4
737.2
738.0
738.8
739.6
740.4
741.2
742.0
742.8
743.6
744.4
745.2
746.0
746.8
747.6
748.4
749.2
750.0
750.8
751.6
752.4
753.2
754.0
754.8
755.6
756.4
757.2
758.0
758.8
759.6
760.4
761.2
762.0
762.8
763.6
764.4
765.2
766.0
766.8
767.6
768.4
769.2
770.0
770.8
771.6
772.4
773.2
774.1
774.9
775.7
776.5
777.3
778.1
778.9
779.7
780.5
781.3
782.1
782.9
783.7
784.5
785.3
786.1
786.9
787.7
788.5
789.3
790.1
790.9
791.7
792.5
793.3
794.1
794.9
795.7
796.5
797.3
798.1
798.9
799.7
800.5
801.3
802.1
802.9
803.7
804.5
805.3
806.1
806.9
807.7
808.5
809.3
810.1
810.9
811.7
812.5
813.3
814.1
814.9
815.7
816.5
817.3
818.1
818.9
819.7
820.5
821.3
822.1
822.9
823.7
824.5
825.3
826.1
826.9
827.7
828.5
829.3
830.1
830.9
831.7
832.6
833.4
834.3
835.1
835.9
836.8
837.6
838.5
839.3
840.2
841.0
841.9
842.7
843.5
844.4
845.2
846.1
846.9
847.8
848.6
849.4
850.3
851.1
852.0
852.8
853.7
854.5
855.3
856.2
857.0
857.9
858.7
859.6
860.4
861.3
862.1
862.9
863.8
864.6
865.5
866.3
867.2
868.0
868.8
869.7
870.5
871.4
872.2
873.1
873.9
874.8
875.6
876.4
877.3
878.1
879.0
879.8
880.7
881.5
882.3
883.2
884.0
884.9
885.7
886.6
887.4
888.2
889.1
889.9
890.8
891.6
892.5
893.3
894.2
895.0
895.8
896.7
897.5
898.4
899.2
NEXT_SERIES
0.650866255517
0.647578636831
0.647033822716
0.646330867238
0.647205387521
0.65077607433
0.66128269239
0.674288286811
0.689441807428
0.702693267837
0.719370375824
0.735886592284
0.75609280246
0.777186346139
0.79975617649
0.82264634452
0.843111005315
0.861366131538
0.874146225651
0.882824141696
0.886963371845
0.888005427745
0.887854699885
0.884658529542
0.877561183166
0.867620559024
0.858628305647
0.850283414112
0.842882773394
0.834956977726
0.826899466689
0.820815390341
0.814644670605
0.811477767313
0.809109807242
0.808226836132
0.80668539147
0.805119877763
0.803262355337
0.802284949414
0.801147325874
0.802504427667
0.804967068269
0.807413405161
0.809617399325
0.811129115359
0.814861186818
0.816203099485
0.817661591148
0.81699221764
0.816883459709
0.817542848249
0.818556796674
0.819914407196
0.81825653716
0.816325916783
0.815173153291
0.815966533262
0.815682939379
0.815800636433
0.815612933373
0.816994948784
0.816148534834
0.814658753473
0.813196290748
0.812067709388
0.810096805043
0.806893265994
0.804674775287
0.802690370447
0.801042420554
0.798461913769
0.796565453602
0.793187508985
0.790239784785
0.787459595229
0.786207494268
0.784798340966
0.783318424883
0.780996637982
0.777688608208
0.775715538161
0.772937682526
0.770946226718
0.767132273714
0.764225733489
0.760653957653
0.759627164928
0.758414425271
0.759405418446
0.758773465929
0.758050476541
0.755593200616
0.753410263402
0.750695057054
0.751390447184
0.748078744204
0.747396589395
0.744970092786
0.747859579503
0.748587301644
0.747053318757
0.743994065936
0.744148946806
0.747052838178
0.748433700675
0.74890914248
0.750423531515
0.752984876248
0.753849120846
0.753126889979
0.754314071737
0.756647333523
0.759349873577
0.76212037213
0.7671016094
0.769252412238
0.770473576302
0.771313266898
0.775337144281
0.778429921434
0.780802638106
0.78409780687
0.788859744032
0.791966638171
0.792971559399
0.7964791842
0.802039287052
0.806747663242
0.81027680236
0.812501359131
0.814601779272
0.818252860031
0.821892578118
0.826027208863
0.829265131587
0.832150376205
0.836642557952
0.83924830204
0.844513561088
0.849372553617
0.854239644933
0.857587706686
0.85973120559
0.8635490757
0.865380970816
0.869889353668
0.873938025848
0.877879049535
0.88139440726
0.882092870935
0.884950954351
0.885351831165
0.885285419319
0.883964626458
0.883108530875
0.883581710254
0.883665560816
0.883786990516
0.884226574089
0.88386243434
0.883381905651
0.881835464152
0.882263234195
0.881443972671
0.88145984545
0.87903198153
0.875362752448
0.87003525162
0.867676518506
0.866746970918
0.866318998374
0.863213504865
0.861768372191
0.861172012671
0.861499668596
0.859651037926
0.859252028935
0.858116227522
0.857118093039
0.853810984999
0.851934370902
0.848966415513
0.84701026721
0.844767696726
0.842363679779
0.839064063085
0.834058242288
0.829975216748
0.826109655544
0.822981178938
0.819996452624
0.817998002917
0.815663421041
0.813154561457
0.811165913317
0.808547123494
0.805981745418
0.800718661362
0.795523397765
0.792392966928
0.789567947355
0.787204294035
0.781126093112
0.776202425227
0.770763773767
0.767160103463
0.761322087492
0.752660302676
0.746942116624
0.739703195558
0.735423059396
0.728023688547
0.72257285066
0.716655738139
0.71159199617
0.704361963378
0.698545109113
0.691220398373
0.686744317734
0.680720537418
0.673773975405
0.665776434541
0.657982595485
0.650028254826
0.642725802724
0.63487702498
0.628002421723
0.619641203783
0.612524537185
0.604971105333
0.599349615537
0.592748966156
0.586077254088
0.578873686321
0.571282860068
0.564363153219
0.556703642077
0.550302605302
0.543745049804
0.537160292944
0.529904538413
0.522213844328
0.514896436877
0.507790142616
0.500560349239
0.493572165689
0.486115128131
0.479803102188
0.47321584931
0.467280322133
0.46048668901
0.454653652027
0.448145659689
0.443035657779
0.437486052829
0.433159455208
0.427625632662
0.421556169415
0.414754162533
0.408462899682
0.402746213332
0.397262706549
0.392370004872
0.387072903982
0.382247142966
0.376620194627
0.371571553736
0.366061611078
0.361303758813
0.357477025307
0.352964752655
0.348730070987
0.345006855608
0.342532268757
0.340817487607
0.337599537644
0.334698122943
0.331747245004
0.330778586998
0.32895089837
0.326770020535
0.323303367271
0.320172311208
0.317393860516
0.314566840375
0.311104664379
0.307270993104
0.303834749027
0.302110068888
0.299339086345
0.296743842645
0.293636705169
0.292795650048
0.291715272572
0.291499319661
0.289972809093
0.288580645034
0.287143175523
0.287309419207
0.28802283658
0.288332974664
0.287629777422
0.286806920818
0.286465921191
0.286618258383
0.28568427608
0.283549802388
0.28097838485
0.278904465811
0.277617569339
0.276063093395
0.27457397527
0.272519050102
0.270126328339
0.26816058768
0.267159634652
0.266796023522
0.265642874545
0.264272605836
0.262415262284
0.261740280666
0.261627470507
0.261252170744
0.260640005358
0.258986550558
0.258131661578
0.256642298821
0.256458926855
0.25480999208
0.254155668442
0.251571544697
0.251333194391
0.249486186014
0.249384492818
0.247490129341
0.247904861221
0.245585571961
0.24523460678
0.242509193256
0.243278427207
0.242279221887
0.244035437403
0.24355704228
0.244215528268
0.243191174045
0.243849763408
0.244873737048
0.245428335008
0.245564336435
0.244999644612
0.246385698006
0.248019542547
0.250867118427
0.251596848862
0.252021948757
0.251000042061
0.253212293752
0.255357968002
0.259782242326
0.261956171573
0.264074634148
0.265057961679
0.267507442888
0.271592979599
0.276617727473
0.281895942272
0.28476537008
0.28745201085
0.290470898414
0.295358184027
0.3001257838
0.30433934151
0.308571326988
0.311749597902
0.313450744307
0.314712524756
0.316310859781
0.318836646876
0.322343662109
0.324725980571
0.32482936948
0.321800309503
0.319067847247
0.318503130285
0.319151273909
0.319319741904
0.316846123031
0.312357960179
0.307259831074
0.302123111875
0.299906830174
0.296429630865
0.293858408757
0.28749982268
0.281583960233
0.274598172581
0.268941867557
0.265719941489
0.262820604417
0.260938153159
0.256936745013
0.252429381761
0.246157863091
0.24077736177
0.237426113715
0.236201126957
0.236286619527
0.233725107895
0.23039328758
0.224821850476
0.221139654368
0.218814622971
0.218506497683
0.219714913491
0.218644504173
0.21700620329
0.212922010871
0.21125625605
0.209663359476
0.209714369414
0.210904898143
0.211601620008
0.21253266991
0.210639116574
0.209792215392
0.207910119716
0.207263112419
0.207578760973
0.209662012801
0.211360108917
0.211393175269
0.21026366001
0.208713743362
0.206865380514
0.205762315941
0.205841063309
0.208044141055
0.208916603035
0.209510318529
0.208111993745
0.206997940667
0.205856734583
0.205098073905
0.205532960162
0.206455632786
0.207042155611
0.207059482045
0.205706361861
0.203894914503
0.202016029748
0.200923593658
0.201265983956
0.202242093486
0.203245961019
0.204134148925
0.20307427899
0.201986549092
0.200559055745
0.200572395714
0.200582618965
0.20042097715
0.20177362553
0.202795204686
0.20340111213
0.201709106203
0.200764314484
0.200077516846
0.201193327985
0.202099988179
0.204222102796
0.205268271064
0.206414013012
0.20565080999
0.205460131496
0.203054293287
0.202076139911
0.200783834708
0.201568625994
0.20285568828
0.204442315836
0.205378119948
0.205559712923
0.20450567343
0.202933306179
0.201140490411
0.199873944259
0.199537820669
0.199958629456
0.201064371574
0.202186142157
0.20313420207
0.203071152196
0.203072503053
0.20228832966
0.201363568966
0.200821470867
0.200226641528
0.201579077644
0.202636810509
0.203933804475
0.204482805345
0.204774276036
0.205461122595
0.204566107045
0.2044065901
0.20307879575
0.203955932474
0.204511701032
0.206432225753
0.207948369567
0.208952084085
0.209702876359
0.208983727903
0.208473401102
0.208086967913
0.208533497502
0.209778581327
0.210839354708
0.21202197473
0.213481345998
0.213956712669
0.2144824412
0.212360694121
0.211341209043
0.208397201067
0.208279098564
0.206775752217
0.207547841525
0.208073938175
0.209551526144
0.211445913335
0.211233418336
0.211850042801
0.210856089832
0.210757285961
0.209609993086
0.210535769696
0.212511814297
0.216212405555
0.219180477239
0.222508852897
0.224887551883
0.226595286419
0.226797338579
0.225373769328
0.224309746638
0.22371668255
0.224973149402
0.225041567444
0.226022691846
0.226914281323
0.228212791443
0.228351275162
0.227819875348
0.226636397368
0.22613781574
0.223463184951
0.221111403575
0.219021453441
0.218942316897
0.219717335171
0.219793382626
0.221660297433
0.223247759742
0.225273679202
0.225437261935
0.22476920203
0.222994641133
0.221823649453
0.221356351544
0.22113445801
0.221479931147
0.222229698818
0.223968969127
0.223941905241
0.225477736
0.226636578779
0.228026086291
0.227787920889
0.226616316404
0.22608839574
0.226057720927
0.226927249385
0.227836867389
0.229946708883
0.232353727973
0.235139917684
0.23701735863
0.237570412027
0.237593307465
0.236004695631
0.235276388753
0.234083163034
0.233747523165
0.233166079374
0.232947474292
0.232350491699
0.231679007902
0.232719053902
0.233204604327
0.234889947297
0.234299213551
0.233609208046
0.230969263745
0.229309910471
0.227089061891
0.227019817766
0.226085066891
0.227008709023
0.22760424126
0.228415927565
0.229003524239
0.22848462738
0.229068960463
0.229153117231
0.229584172567
0.228634071298
0.228116973959
0.226936776369
0.226451454949
0.226170462511
0.225172697711
0.224982633956
0.224762876911
0.225277142485
0.224787748049
0.225119818258
0.225919127707
0.226611944601
0.225637927128
0.224641050725
0.223272196322
0.22352747245
0.222156953468
0.221546328763
0.218786407736
0.217764801351
0.214489618269
0.212169822478
0.208689540774
0.208262248009
0.206839301982
0.205295015804
0.203136606695
0.201323140226
0.19942400805
0.196716618984
0.194499119721
0.192669924214
0.191017743468
0.189396006743
0.189057476734
0.188480507935
0.187358311357
END
