380.3
381.1
381.9
382.7
383.5
384.4
385.2
386.0
386.8
387.6
388.4
389.2
390.1
390.9
391.7
392.5
393.3
394.1
394.9
395.8
396.6
397.4
398.2
399.0
399.8
400.6
401.5
402.3
403.1
403.9
404.7
405.5
406.3
407.2
408.0
408.8
409.6
410.4
411.2
412.0
412.8
413.7
414.5
415.3
416.1
416.9
417.7
418.5
419.4
420.2
421.0
421.8
422.6
423.4
424.2
425.1
425.9
426.7
427.5
428.3
429.1
429.9
430.8
431.6
432.4
433.2
434.0
434.8
435.6
436.4
437.3
438.1
438.9
439.7
440.5
441.3
442.1
443.0
443.8
444.6
445.4
446.2
447.0
447.8
448.7
449.5
450.3
451.1
451.9
452.7
453.5
454.4
455.2
456.0
456.8
457.6
458.4
459.2
460.0
460.9
461.7
462.5
463.3
464.1
464.9
465.7
466.6
467.4
468.2
469.0
469.8
470.6
471.4
472.3
473.1
473.9
474.7
475.5
476.3
477.1
478.0
478.8
479.6
480.4
481.2
482.0
482.8
483.6
484.5
485.3
486.1
486.9
487.7
488.5
489.3
490.2
491.0
491.8
492.6
493.4
494.2
495.0
495.9
496.7
497.5
498.3
499.1
499.9
500.7
501.6
502.4
503.2
504.0
504.8
505.6
506.4
507.2
508.1
508.9
509.7
510.5
511.3
512.1
512.9
513.7
514.5
515.3
516.1
516.8
517.6
518.4
519.2
520.0
520.8
521.5
522.3
523.1
523.9
524.7
525.5
526.2
527.0
527.8
528.6
529.4
530.2
530.9
531.7
532.5
533.3
534.1
534.9
535.6
536.4
537.2
538.0
538.8
539.6
540.3
541.1
541.9
542.7
543.5
544.3
545.0
545.8
546.6
547.4
548.2
549.0
549.7
550.5
551.3
552.1
552.9
553.7
554.4
555.2
556.0
556.8
557.6
558.4
559.1
559.9
560.7
561.5
562.3
563.1
563.8
564.6
565.4
566.2
567.0
567.8
568.5
569.3
570.1
570.9
571.7
572.5
573.2
574.0
574.8
575.6
576.4
577.2
577.9
578.7
579.5
580.3
581.1
581.9
582.6
583.4
584.2
585.0
585.8
586.6
587.3
588.1
588.9
589.6
590.3
591.1
591.8
592.6
593.3
594.0
594.8
595.5
596.3
597.0
597.7
598.5
599.2
600.0
600.7
601.5
602.2
602.9
603.7
604.4
605.2
605.9
606.6
607.4
608.1
608.9
609.6
610.3
611.1
611.8
612.6
613.3
614.0
614.8
615.5
616.3
617.0
617.7
618.5
619.2
620.0
620.7
621.4
622.2
622.9
623.7
624.4
625.2
625.9
626.6
627.4
628.1
628.9
629.6
630.3
631.1
631.8
632.6
633.3
634.0
634.8
635.5
636.3
637.0
637.7
638.5
639.2
640.0
640.7
641.4
642.2
642.9
643.7
644.4
645.1
645.9
646.6
647.4
648.1
648.8
649.6
650.3
651.1
651.8
652.6
653.3
654.0
654.8
655.5
656.3
657.0
657.7
658.5
659.2
660.0
660.7
661.4
662.2
662.9
663.7
664.4
665.1
665.9
666.6
667.4
668.1
668.9
669.6
670.4
671.2
671.9
672.7
673.4
674.2
674.9
675.7
676.5
677.2
678.0
678.7
679.5
680.2
681.0
681.8
682.5
683.3
684.0
684.8
685.5
686.3
687.1
687.8
688.6
689.3
690.1
690.8
691.6
692.4
693.1
693.9
694.6
695.4
696.1
696.9
697.7
698.4
699.2
699.9
700.7
701.4
702.2
703.0
703.7
704.5
705.2
706.0
706.8
707.6
708.4
709.2
710.0
710.8
711.6
712.4
713.2
714.0
714.8
715.6
716.4
717.2
718.0
718.8
719.6
720.4
721.2
722.0
722.8
723.6
724.4
725.2
726.0
726.8
727.6
728.4
729.2
730.0
730.8
731.6
732.4
733.2
734.0
734.8
735.6
736.4
737.2
738.0
738.8
739.6
740.4
741.2
742.0
742.8
743.6
744.4
745.2
746.0
746.8
747.6
748.4
749.2
750.0
750.8
751.6
752.4
753.2
754.0
754.8
755.6
756.4
757.2
758.0
758.8
759.6
760.4
761.2
762.0
762.8
763.6
764.4
765.2
766.0
766.8
767.6
768.4
769.2
770.0
770.8
771.6
772.4
773.2
774.1
774.9
775.7
776.5
777.3
778.1
778.9
779.7
780.5
781.3
782.1
782.9
783.7
784.5
785.3
786.1
786.9
787.7
788.5
789.3
790.1
790.9
791.7
792.5
793.3
794.1
794.9
795.7
796.5
797.3
798.1
798.9
799.7
800.5
801.3
802.1
802.9
803.7
804.5
805.3
806.1
806.9
807.7
808.5
809.3
810.1
810.9
811.7
812.5
813.3
814.1
814.9
815.7
816.5
817.3
818.1
818.9
819.7
820.5
821.3
822.1
822.9
823.7
824.5
825.3
826.1
826.9
827.7
828.5
829.3
830.1
830.9
831.7
832.6
833.4
834.3
835.1
835.9
836.8
837.6
838.5
839.3
840.2
841.0
841.9
842.7
843.5
844.4
845.2
846.1
846.9
847.8
848.6
849.4
850.3
851.1
852.0
852.8
853.7
854.5
855.3
856.2
857.0
857.9
858.7
859.6
860.4
861.3
862.1
862.9
863.8
864.6
865.5
866.3
867.2
868.0
868.8
869.7
870.5
871.4
872.2
873.1
873.9
874.8
875.6
876.4
877.3
878.1
879.0
879.8
880.7
881.5
882.3
883.2
884.0
884.9
885.7
886.6
887.4
888.2
889.1
889.9
890.8
891.6
892.5
893.3
894.2
895.0
895.8
896.7
897.5
898.4
899.2
NEXT_SERIES
0.372131979804
0.371264688652
0.371594909698
0.372853308752
0.375919475887
0.37898946699
0.385912137682
0.391783312921
0.402026751477
0.40954264455
0.421331936577
0.428582928904
0.438978668235
0.449414915823
0.460663137383
0.472764290363
0.4833441665
0.493219780049
0.500396830049
0.502826458719
0.504079682163
0.50047032173
0.498164629375
0.494020368725
0.489616143022
0.48286960124
0.477391352507
0.471475541345
0.466083463946
0.459914616589
0.454730531136
0.450345206539
0.446673282304
0.444364672269
0.442200398792
0.440163807912
0.438053994877
0.436897721992
0.435892198935
0.434644741356
0.433841270879
0.432075757128
0.432103639269
0.431116461346
0.431799931406
0.430809087195
0.430752813792
0.430044069057
0.429708611223
0.428397189264
0.426641612161
0.425095104533
0.424686255745
0.423489723946
0.422938628729
0.420397886098
0.419937648506
0.4188242985
0.419148798878
0.417701319451
0.415932422471
0.414673430356
0.413681788721
0.412853598483
0.411668875579
0.410873559016
0.410008746769
0.409064064495
0.408349381448
0.408512006769
0.407937397598
0.407924568726
0.40665766431
0.40573676008
0.404495037659
0.403432226906
0.403287860036
0.402706128579
0.402973671405
0.402490191594
0.403099717239
0.403146862562
0.403447982507
0.402751453492
0.402631142581
0.402787571778
0.403501189589
0.40393505725
0.405420569362
0.406426975645
0.407876020842
0.407755647949
0.4089658379
0.410437092462
0.412521466143
0.413669274385
0.41397889952
0.414985478155
0.416891652394
0.418328205541
0.419449328687
0.419836922576
0.422795470798
0.425938398967
0.428561176922
0.430823277728
0.432960454352
0.436203494813
0.438433810622
0.440769797887
0.443593149665
0.446855338737
0.449761177061
0.452402455665
0.455586194794
0.459018682523
0.460866713167
0.464027281596
0.467623781045
0.470886506746
0.473245878932
0.475068518901
0.481045095616
0.484183103654
0.488404326969
0.491433270329
0.49585606258
0.500895780317
0.504703103614
0.508720284531
0.511432832616
0.515575820651
0.519760504478
0.523050067996
0.525403955033
0.529063981931
0.533985363989
0.537943893142
0.54160124489
0.545086760693
0.54962504248
0.554372753264
0.559296850721
0.563105564971
0.566620809906
0.569103694416
0.572731124195
0.57586422897
0.578866947732
0.5825366578
0.584563413782
0.587469280438
0.589063866116
0.59203724225
0.593195175269
0.595908784477
0.59771551589
0.601176351257
0.601449444289
0.603453210349
0.604502142753
0.607201060197
0.608475946101
0.610298686371
0.610565093041
0.611926153873
0.612285296608
0.614109529518
0.614402094292
0.615417452759
0.615588592555
0.615952355952
0.61619208634
0.616452846583
0.616043001094
0.616170228509
0.615475992735
0.616282808733
0.61674633938
0.617149762588
0.615677725869
0.61418954308
0.612536225474
0.611918987819
0.610400392504
0.609092694178
0.606144365837
0.604202181018
0.601853203211
0.599812324885
0.59738676387
0.595370195725
0.593339534155
0.590660078311
0.587847480278
0.584926243758
0.582041629222
0.578939450496
0.576391489737
0.572757677695
0.569593511568
0.56529350561
0.561592120493
0.556805535413
0.552821627793
0.547335771043
0.542819054521
0.537399336486
0.533612827525
0.529642843705
0.524347596697
0.51899227811
0.51213638531
0.507592095214
0.502057313694
0.497893762171
0.492467391139
0.487008873643
0.481136612384
0.475755627122
0.469547747516
0.463024297967
0.457117574442
0.451351437853
0.444544288962
0.436958635941
0.429794691684
0.423746372681
0.416830896523
0.410852522812
0.403867445569
0.397968501917
0.391145915857
0.384523573412
0.377751283451
0.371483363963
0.365272530282
0.359017516276
0.352054568875
0.345501092431
0.338564366905
0.331525076256
0.324122822941
0.317380612154
0.311217973119
0.305075435772
0.299168535334
0.292352603857
0.286523042922
0.279454309328
0.273682648779
0.267309206325
0.261778289466
0.255926959608
0.250331997053
0.244805964327
0.239726025439
0.233957547567
0.228619543043
0.223250648735
0.218548566717
0.213764611574
0.208516008491
0.203496722786
0.198254864987
0.193661695065
0.188797216816
0.184196972195
0.179602937671
0.175585690681
0.171660865557
0.168313073359
0.164656992946
0.162029682821
0.158851408831
0.156580041248
0.153273106631
0.149894201302
0.146501052797
0.144159380254
0.142196127952
0.140193728904
0.137125065577
0.134141712961
0.131783640975
0.129987024991
0.12797018308
0.124749058815
0.122268555776
0.120369780682
0.118502835434
0.116782865652
0.11409483261
0.112978429479
0.110811585947
0.109926218095
0.108083669511
0.107024000613
0.10570863984
0.104802861887
0.104209976076
0.103898447011
0.103121977544
0.1020068504
0.100765587917
0.100426007084
0.0992717917905
0.0981760551642
0.0967554329327
0.0957949537845
0.0950445397848
0.0938137619884
0.0930613537872
0.0921175785522
0.0908508536152
0.0893883090115
0.0881527606762
0.0878058455911
0.0870390843805
0.0863718373387
0.0854605016261
0.0851350047222
0.0847838904833
0.0842894884455
0.0840811408189
0.0832357683253
0.0827412128652
0.0813750691956
0.0809482727953
0.0795854082512
0.0792341062321
0.0778111367421
0.0777527797208
0.0768223212226
0.0770273505654
0.0760738213549
0.0762363288593
0.0748761281109
0.0743448734581
0.0732533812982
0.0739494026857
0.0741096269431
0.0743087942635
0.0734931820911
0.0730643778109
0.0726779938801
0.0730286222878
0.0733460629493
0.0730719289523
0.0724663509642
0.0717766614646
0.0718616453499
0.0725054774544
0.0733167087466
0.0735475866593
0.0732937276714
0.0728864540325
0.0733256806524
0.0735741275456
0.0748388505807
0.0751044547155
0.0756206433381
0.0755207926859
0.0762277458916
0.0778239721531
0.0794227162193
0.0813048078253
0.081620994163
0.0823651682168
0.0827604362927
0.0843069266001
0.0854018729568
0.0866621273306
0.087671581353
0.0883938090405
0.0888157826638
0.0887306475034
0.0894722445371
0.0900296626285
0.0910672977653
0.091567181862
0.0919178052388
0.0913014544636
0.0904855236733
0.0906409207793
0.0907370716823
0.0909625989724
0.0895861073507
0.0881454091231
0.0867435624029
0.0854188812007
0.0851886371102
0.0842494631345
0.0833127359517
0.081526329104
0.0795637261011
0.0773952665294
0.0757022578565
0.0750365461341
0.0748106631926
0.0740978470643
0.0725654626708
0.0709715214184
0.0689831181513
0.0676389518871
0.0668331082498
0.0670777462171
0.0677238707533
0.06742345314
0.0665086267308
0.0641138773733
0.0625745917349
0.061978390459
0.0624321102389
0.0631453884335
0.062805750964
0.0619302127526
0.0604978753352
0.0595277807182
0.0588625903854
0.0583427836296
0.0590616091924
0.0596267696532
0.0603674926748
0.0601915003307
0.0599608955368
0.0594402799884
0.0590083138188
0.0596574237615
0.0607187521078
0.0615401164446
0.0618836166308
0.0620434843993
0.0613244768857
0.0601318736164
0.0595488533369
0.0599798231862
0.0609954544158
0.0615565692916
0.0618187897437
0.0615348412022
0.0606993444067
0.0597674511993
0.0594712979456
0.0603751129115
0.0614501773965
0.0617441084275
0.0617678865456
0.0611496040933
0.0604618539579
0.0598580674301
0.059612875972
0.0600848679529
0.0599369409268
0.0602074501766
0.0604025147663
0.060437130973
0.0602828390353
0.0595703808978
0.0590323313096
0.0592191135505
0.0596222234283
0.0609082228777
0.0613221517267
0.0616965034988
0.0611096095767
0.0606428638211
0.0604482603963
0.061030130394
0.0618040708894
0.0629261048844
0.063502730364
0.0642945345668
0.0640626049444
0.0638994464758
0.0628646337571
0.0626983999073
0.0627855159285
0.0634034039088
0.0634940324376
0.0638321595479
0.063977476842
0.0646129554936
0.0648259458317
0.0648843815457
0.0639882411467
0.0631481874176
0.0628953844585
0.0637882983179
0.0646060680046
0.065354635449
0.0653614497822
0.0650474447541
0.0646850501468
0.0644002026762
0.0642088011171
0.064339008272
0.0650946299693
0.0657463674829
0.0664421577754
0.0670293623162
0.0676470183354
0.0676236598311
0.0671991034493
0.0669390473033
0.0671219989747
0.067424873
0.067747203161
0.0682569445669
0.0688653915125
0.0703442927915
0.0703507732723
0.0706371397705
0.0696060870601
0.0701936687562
0.0700186042261
0.0701097038119
0.0703603140008
0.0712883552673
0.0721309755294
0.0727942384774
0.072973690752
0.0733599452214
0.0724629592587
0.0718234834985
0.0706590666643
0.0710337689827
0.0707593741355
0.0707973417061
0.0706534792585
0.0713160446733
0.072695071926
0.0722428396081
0.0718798654719
0.0713625974215
0.0716714243097
0.0720170481514
0.0722838004301
0.0738212210976
0.0751753483145
0.0769431120518
0.0777047928798
0.0790342053278
0.0799303790463
0.0802039282332
0.0796717010055
0.0790589903432
0.0790007878686
0.0789909495261
0.0786352419827
0.0787895139671
0.0797449681054
0.0802683374189
0.0809894497621
0.0804619679625
0.0806660919482
0.0798895336037
0.078884089897
0.0774795349457
0.0766560159398
0.0768330684499
0.0770953987846
0.0777904079183
0.0789894941637
0.0800569702555
0.0807129925201
0.0805238875609
0.0798895909706
0.0788592393576
0.0783433751785
0.0780642575437
0.0787519560457
0.078606609346
0.079344968359
0.0801784716378
0.0801347598142
0.0809280497005
0.0807921137884
0.0822175491666
0.0828072253555
0.0825487268839
0.0818154729744
0.0812617002865
0.0818945299779
0.0828898104128
0.0839398952343
0.0846329603699
0.0860712149782
0.0866541367053
0.0867419905257
0.0859353433031
0.0856029916718
0.085661021463
0.0846355479361
0.0842202688405
0.0840626091302
0.0848461820032
0.0846777324683
0.0841184373831
0.0847475610402
0.0853342348544
0.0860701684613
0.0853936923273
0.0846437227675
0.0836915679368
0.0833474319646
0.0831545546073
0.0832417955964
0.0829808854155
0.082881123794
0.0827866454239
0.0831867916292
0.0835674506403
0.0841259684155
0.0846301899981
0.0843663442043
0.0839939890111
0.0829151118342
0.0826161833856
0.0822967338689
0.0822194891423
0.0824342060621
0.0822273156929
0.0823543565345
0.0823914264556
0.0826784804431
0.082903121808
0.0825471102371
0.082519337351
0.0827758832358
0.0828112184574
0.082701421949
0.0819883354637
0.0820750318749
0.0813383313127
0.0805794712685
0.0794879864979
0.0789858845121
0.0772568252469
0.0762444871446
0.0754918275284
0.0750297676573
0.0741928867209
0.0730449177508
0.0721574299011
0.0711438816084
0.0704267523416
0.0698868684266
0.0694136742993
0.0676218417589
0.0670953120491
0.0654267892907
0.0667470150787
0.0663339677761
0.0658199730452
END
