380.3
381.1
381.9
382.7
383.5
384.4
385.2
386.0
386.8
387.6
388.4
389.2
390.1
390.9
391.7
392.5
393.3
394.1
394.9
395.8
396.6
397.4
398.2
399.0
399.8
400.6
401.5
402.3
403.1
403.9
404.7
405.5
406.3
407.2
408.0
408.8
409.6
410.4
411.2
412.0
412.8
413.7
414.5
415.3
416.1
416.9
417.7
418.5
419.4
420.2
421.0
421.8
422.6
423.4
424.2
425.1
425.9
426.7
427.5
428.3
429.1
429.9
430.8
431.6
432.4
433.2
434.0
434.8
435.6
436.4
437.3
438.1
438.9
439.7
440.5
441.3
442.1
443.0
443.8
444.6
445.4
446.2
447.0
447.8
448.7
449.5
450.3
451.1
451.9
452.7
453.5
454.4
455.2
456.0
456.8
457.6
458.4
459.2
460.0
460.9
461.7
462.5
463.3
464.1
464.9
465.7
466.6
467.4
468.2
469.0
469.8
470.6
471.4
472.3
473.1
473.9
474.7
475.5
476.3
477.1
478.0
478.8
479.6
480.4
481.2
482.0
482.8
483.6
484.5
485.3
486.1
486.9
487.7
488.5
489.3
490.2
491.0
491.8
492.6
493.4
494.2
495.0
495.9
496.7
497.5
498.3
499.1
499.9
500.7
501.6
502.4
503.2
504.0
504.8
505.6
506.4
507.2
508.1
508.9
509.7
510.5
511.3
512.1
512.9
513.7
514.5
515.3
516.1
516.8
517.6
518.4
519.2
520.0
520.8
521.5
522.3
523.1
523.9
524.7
525.5
526.2
527.0
527.8
528.6
529.4
530.2
530.9
531.7
532.5
533.3
534.1
534.9
535.6
536.4
537.2
538.0
538.8
539.6
540.3
541.1
541.9
542.7
543.5
544.3
545.0
545.8
546.6
547.4
548.2
549.0
549.7
550.5
551.3
552.1
552.9
553.7
554.4
555.2
556.0
556.8
557.6
558.4
559.1
559.9
560.7
561.5
562.3
563.1
563.8
564.6
565.4
566.2
567.0
567.8
568.5
569.3
570.1
570.9
571.7
572.5
573.2
574.0
574.8
575.6
576.4
577.2
577.9
578.7
579.5
580.3
581.1
581.9
582.6
583.4
584.2
585.0
585.8
586.6
587.3
588.1
588.9
589.6
590.3
591.1
591.8
592.6
593.3
594.0
594.8
595.5
596.3
597.0
597.7
598.5
599.2
600.0
600.7
601.5
602.2
602.9
603.7
604.4
605.2
605.9
606.6
607.4
608.1
608.9
609.6
610.3
611.1
611.8
612.6
613.3
614.0
614.8
615.5
616.3
617.0
617.7
618.5
619.2
620.0
620.7
621.4
622.2
622.9
623.7
624.4
625.2
625.9
626.6
627.4
628.1
628.9
629.6
630.3
631.1
631.8
632.6
633.3
634.0
634.8
635.5
636.3
637.0
637.7
638.5
639.2
640.0
640.7
641.4
642.2
642.9
643.7
644.4
645.1
645.9
646.6
647.4
648.1
648.8
649.6
650.3
651.1
651.8
652.6
653.3
654.0
654.8
655.5
656.3
657.0
657.7
658.5
659.2
660.0
660.7
661.4
662.2
662.9
663.7
664.4
665.1
665.9
666.6
667.4
668.1
668.9
669.6
670.4
671.2
671.9
672.7
673.4
674.2
674.9
675.7
676.5
677.2
678.0
678.7
679.5
680.2
681.0
681.8
682.5
683.3
684.0
684.8
685.5
686.3
687.1
687.8
688.6
689.3
690.1
690.8
691.6
692.4
693.1
693.9
694.6
695.4
696.1
696.9
697.7
698.4
699.2
699.9
700.7
701.4
702.2
703.0
703.7
704.5
705.2
706.0
706.8
707.6
708.4
709.2
710.0
710.8
711.6
712.4
713.2
714.0
714.8
715.6
716.4
717.2
718.0
718.8
719.6
720.4
721.2
722.0
722.8
723.6
724.4
725.2
726.0
726.8
727.6
728.4
729.2
730.0
730.8
731.6
732.4
733.2
734.0
734.8
735.6
736.4
737.2
738.0
738.8
739.6
740.4
741.2
742.0
742.8
743.6
744.4
745.2
746.0
746.8
747.6
748.4
749.2
750.0
750.8
751.6
752.4
753.2
754.0
754.8
755.6
756.4
757.2
758.0
758.8
759.6
760.4
761.2
762.0
762.8
763.6
764.4
765.2
766.0
766.8
767.6
768.4
769.2
770.0
770.8
771.6
772.4
773.2
774.1
774.9
775.7
776.5
777.3
778.1
778.9
779.7
780.5
781.3
782.1
782.9
783.7
784.5
785.3
786.1
786.9
787.7
788.5
789.3
790.1
790.9
791.7
792.5
793.3
794.1
794.9
795.7
796.5
797.3
798.1
798.9
799.7
800.5
801.3
802.1
802.9
803.7
804.5
805.3
806.1
806.9
807.7
808.5
809.3
810.1
810.9
811.7
812.5
813.3
814.1
814.9
815.7
816.5
817.3
818.1
818.9
819.7
820.5
821.3
822.1
822.9
823.7
824.5
825.3
826.1
826.9
827.7
828.5
829.3
830.1
830.9
831.7
832.6
833.4
834.3
835.1
835.9
836.8
837.6
838.5
839.3
840.2
841.0
841.9
842.7
843.5
844.4
845.2
846.1
846.9
847.8
848.6
849.4
850.3
851.1
852.0
852.8
853.7
854.5
855.3
856.2
857.0
857.9
858.7
859.6
860.4
861.3
862.1
862.9
863.8
864.6
865.5
866.3
867.2
868.0
868.8
869.7
870.5
871.4
872.2
873.1
873.9
874.8
875.6
876.4
877.3
878.1
879.0
879.8
880.7
881.5
882.3
883.2
884.0
884.9
885.7
886.6
887.4
888.2
889.1
889.9
890.8
891.6
892.5
893.3
894.2
895.0
895.8
896.7
897.5
898.4
899.2
NEXT_SERIES
0.326186237107
0.330554373451
0.331939929318
0.332516224337
0.33086036503
0.335987849865
0.344897001942
0.357076573358
0.370121052748
0.384019724035
0.399765323087
0.417388185213
0.434004740841
0.452920943857
0.471766294396
0.490388585041
0.506333946436
0.519187957598
0.530854381282
0.538211841931
0.544656097436
0.544214721094
0.541902987714
0.535304356612
0.529384225942
0.5199611383
0.509892196992
0.50011835839
0.492140010206
0.485583855244
0.478274538343
0.472291128427
0.466919132974
0.464454100239
0.462631153642
0.461735051684
0.460638920598
0.461274614781
0.461344776646
0.462097767083
0.462038389705
0.463664411008
0.466463011497
0.468812059314
0.472169976041
0.474802375156
0.478060330031
0.479930412343
0.482951979604
0.484625121554
0.487026704446
0.487638716969
0.489161675297
0.48895600871
0.490003316255
0.49147768794
0.492185947951
0.492686734926
0.492311497021
0.493084053775
0.491978776055
0.491466419762
0.489220810541
0.48774392569
0.485808489772
0.486050264114
0.483880589518
0.481972276885
0.478534976585
0.477922684259
0.476060167487
0.473662730028
0.470494137736
0.467302500713
0.464412738218
0.46140332701
0.459411673519
0.4564980027
0.454994065291
0.451107090018
0.449073057857
0.445754222678
0.444386031909
0.442368321426
0.440555085968
0.438768584423
0.436549877737
0.434432136031
0.432271857347
0.431098144669
0.429083942227
0.427464805687
0.426669925986
0.425163961748
0.422688383072
0.419340685897
0.416996160191
0.41531135756
0.414272935465
0.413062084786
0.412496011113
0.410818957836
0.409786480369
0.409632589548
0.410304092755
0.410807930998
0.410702338048
0.409627137476
0.409369692752
0.409312917592
0.410542144759
0.412505867964
0.412025777727
0.412423412684
0.412919267236
0.415528758315
0.416903240722
0.416221207747
0.415946846175
0.415008269529
0.415659718122
0.416140511578
0.420350354488
0.422692066411
0.424840249808
0.424302738631
0.424516482032
0.426569752582
0.42750429568
0.429704859379
0.430741068158
0.431575934288
0.433015797873
0.433206472473
0.434892583728
0.435439877964
0.437480886823
0.438841384314
0.440182241742
0.441565207372
0.443350536759
0.44657673369
0.446960071772
0.447976228496
0.447168847011
0.449046401789
0.450202412248
0.452267348711
0.453043480104
0.455791975248
0.457711814102
0.458130441215
0.457329700195
0.455603907654
0.455737535206
0.455029729155
0.455768709063
0.456105541252
0.456385064685
0.456981398274
0.456846959213
0.456421596775
0.455703288435
0.455665268964
0.455799657413
0.454635256591
0.455106446706
0.454626621638
0.454330586622
0.452425249613
0.45205049825
0.451110507136
0.450113818892
0.448918415973
0.448476160771
0.448089886839
0.447543252466
0.447670706139
0.447319645659
0.447414890266
0.44740660952
0.447934106333
0.446547295625
0.445442131945
0.443819586723
0.442843043379
0.439778556608
0.437171668985
0.434803190951
0.433071621923
0.432586906832
0.431463993638
0.431284069962
0.429910246057
0.428837387257
0.426751656284
0.425458051145
0.425492894222
0.424791574727
0.421923681818
0.41868739131
0.417065083738
0.416001340899
0.413154091249
0.410695016035
0.407593124377
0.405579144315
0.401231622741
0.397530922574
0.394284395282
0.391995005022
0.38924813492
0.386697743455
0.384192975754
0.382443615854
0.379171322067
0.376402360699
0.3735659904
0.372231472133
0.370277969763
0.367246534206
0.364037323169
0.359614790021
0.355743418546
0.350868138368
0.347474219796
0.343693293459
0.340772929154
0.337316479293
0.334760143655
0.33099135811
0.328354609358
0.325245703925
0.321890863454
0.31863656089
0.314764191141
0.312774620376
0.309341611904
0.306551065491
0.302605848126
0.299054721944
0.295694379892
0.292843836017
0.289523093358
0.286596503773
0.282335727762
0.278214004451
0.274307070364
0.270823556457
0.267641948672
0.263948325257
0.260903053391
0.258274680424
0.255898867788
0.254021291173
0.251762136974
0.249345530723
0.245571837242
0.241841213997
0.238076429316
0.234972115466
0.232098438789
0.228598119859
0.226394012516
0.22306932967
0.220374469462
0.216815629555
0.214579257267
0.212640614543
0.210167667259
0.207049441073
0.20405489316
0.201114843906
0.200177379555
0.199127015071
0.198849485423
0.197209473966
0.195606378473
0.194165310879
0.193612599577
0.192735321435
0.19130149233
0.188329856752
0.185414636349
0.183947221875
0.18276464971
0.180613136693
0.177729344417
0.175852179143
0.175831093903
0.174360590877
0.17237068182
0.169059453122
0.168331933575
0.166855011946
0.167243097876
0.165984791606
0.165739084708
0.164925326745
0.16502880977
0.165256211879
0.165160283359
0.164079601485
0.162702242803
0.162219254153
0.162608185921
0.161925489701
0.160291348009
0.158155969928
0.156883859788
0.15626549211
0.155151661698
0.153430618414
0.151699701075
0.149348753925
0.14874573692
0.147889301768
0.148279399657
0.146467153779
0.144807684613
0.143904975189
0.14400071648
0.14450669448
0.143461462585
0.143125454838
0.141471420151
0.14067196924
0.139824867342
0.140431857919
0.139603284443
0.139385302158
0.137434644342
0.137733568536
0.136381459364
0.136886330989
0.135134860148
0.13539772976
0.132701024527
0.132523029959
0.130802550515
0.13204714505
0.131715984104
0.132099217631
0.130716586904
0.130738634761
0.130588711366
0.132127801872
0.132397160848
0.131702235421
0.131065400278
0.130500061065
0.131497218602
0.132428120889
0.133689538204
0.133798171742
0.133166848532
0.132271551875
0.132881432615
0.133513342885
0.135523849631
0.136203678333
0.136366965291
0.135628227417
0.136661478931
0.139180509386
0.142406770324
0.144709228842
0.14530557043
0.146109222077
0.147160162842
0.149613993861
0.151823917693
0.153910381868
0.155617136565
0.156493421395
0.157000845513
0.157234778025
0.158395114433
0.159509761686
0.161450996283
0.161873437038
0.161174449926
0.159226440736
0.157864122582
0.157988978095
0.158305936257
0.158882763625
0.157485126303
0.155219447947
0.152119423273
0.149912104207
0.150161486615
0.149450386716
0.149687388612
0.146875283121
0.144567597316
0.1416141893
0.139479651889
0.139283094974
0.138373981836
0.138324550011
0.136553227798
0.134915337135
0.132017084699
0.130063365118
0.129247466756
0.129823535997
0.130906645264
0.13011281673
0.128396999268
0.124503185651
0.122703950492
0.121091469282
0.12207943108
0.122861976806
0.123103457358
0.122029849156
0.119558565269
0.118887730437
0.118001055328
0.118652525259
0.120063593593
0.121167152764
0.122371065977
0.121007133653
0.120384714574
0.119510883939
0.119798192167
0.121240393663
0.122617845964
0.123814808461
0.123642921543
0.123425014009
0.123068906499
0.122117865062
0.121538972539
0.121188925771
0.122776880911
0.123401224654
0.123962104567
0.122862672582
0.122113211062
0.120750730677
0.120454540146
0.120828311682
0.122195875774
0.122516883204
0.12316827503
0.122407343388
0.121952222253
0.12074444174
0.120201985841
0.120013189103
0.120300551437
0.121029153968
0.122283564554
0.122239547598
0.121985784862
0.120915085895
0.120259182885
0.119877961085
0.120225173349
0.121699291683
0.122968805244
0.12414162958
0.123549868751
0.123507776686
0.122244978505
0.122435199542
0.122616371743
0.124426926347
0.125932236529
0.127465842928
0.127402021661
0.127591120288
0.126486859412
0.125655539952
0.124718697966
0.125115375782
0.127046339527
0.128822263116
0.129915639882
0.130126495397
0.129592228348
0.12812733098
0.126517152517
0.125800055776
0.126210483278
0.127045911984
0.127741879399
0.128827553585
0.130243710137
0.130536693953
0.130378207601
0.129341062568
0.129155214977
0.129285475961
0.129649930593
0.131336754933
0.132633955997
0.133768447982
0.133944322046
0.13425788864
0.135240525579
0.134865974327
0.135147234854
0.134382571402
0.135491111409
0.136854644564
0.138615481394
0.140495898285
0.140988615182
0.141383216079
0.14051271982
0.140330657337
0.140747617188
0.141857359924
0.142859844671
0.144009942207
0.144517297179
0.145939847601
0.145966100789
0.146955218457
0.144910162948
0.144359068137
0.142094545898
0.142961008433
0.14218716133
0.142701860074
0.14329586627
0.14455811561
0.146422593295
0.145792808807
0.146764067041
0.146770513985
0.147272159058
0.146760109102
0.146968069394
0.14914865933
0.151942189501
0.154511261561
0.156643112682
0.158214423552
0.160284106699
0.16130169336
0.161099746921
0.160324681558
0.159520073641
0.160092089849
0.16000410659
0.160812316026
0.162171580647
0.163724866539
0.163819887316
0.163123102195
0.162075233495
0.162495739335
0.16043631857
0.158702519469
0.156471088788
0.156561450421
0.157450105865
0.158377760928
0.160066489764
0.161739435438
0.16332242038
0.163902906614
0.163521715083
0.162463345345
0.161815535335
0.160924738711
0.160678947818
0.161051258096
0.162082331742
0.163531029566
0.164050271793
0.165572552436
0.167143861645
0.168293701826
0.168481018487
0.167976030096
0.167684618294
0.167894381425
0.168637294187
0.169729897548
0.170871237241
0.173073997973
0.175381102326
0.177683500871
0.178104862455
0.178113825732
0.176931975246
0.176794593242
0.175837698792
0.176169579446
0.175140255074
0.17536950246
0.174549857046
0.17489439521
0.175448622576
0.175321250343
0.175697729541
0.175458487799
0.17507527937
0.173365826939
0.17175694281
0.170707616028
0.170645119506
0.170244730264
0.170613365102
0.170235908283
0.170938576895
0.171134072406
0.171745699765
0.171394085848
0.17077950765
0.170020587196
0.168201629146
0.167957964844
0.167711080948
0.168362418861
0.167817111918
0.166947389136
0.165952117795
0.165425523854
0.164891160397
0.165350232408
0.165320796895
0.164791811242
0.163485948599
0.163027268504
0.163765171016
0.162555663134
0.161973363879
0.159608541359
0.158700009958
0.156324894149
0.155540707576
0.153440600951
0.151104683491
0.148477525566
0.146733202
0.144980944833
0.142013775068
0.140609318846
0.138253165523
0.137047369199
0.135497402079
0.134103210792
0.132229491637
0.130488889136
0.128411012326
0.126934633862
0.124707738234
0.123832757341
END
