380.3
381.1
381.9
382.7
383.5
384.4
385.2
386.0
386.8
387.6
388.4
389.2
390.1
390.9
391.7
392.5
393.3
394.1
394.9
395.8
396.6
397.4
398.2
399.0
399.8
400.6
401.5
402.3
403.1
403.9
404.7
405.5
406.3
407.2
408.0
408.8
409.6
410.4
411.2
412.0
412.8
413.7
414.5
415.3
416.1
416.9
417.7
418.5
419.4
420.2
421.0
421.8
422.6
423.4
424.2
425.1
425.9
426.7
427.5
428.3
429.1
429.9
430.8
431.6
432.4
433.2
434.0
434.8
435.6
436.4
437.3
438.1
438.9
439.7
440.5
441.3
442.1
443.0
443.8
444.6
445.4
446.2
447.0
447.8
448.7
449.5
450.3
451.1
451.9
452.7
453.5
454.4
455.2
456.0
456.8
457.6
458.4
459.2
460.0
460.9
461.7
462.5
463.3
464.1
464.9
465.7
466.6
467.4
468.2
469.0
469.8
470.6
471.4
472.3
473.1
473.9
474.7
475.5
476.3
477.1
478.0
478.8
479.6
480.4
481.2
482.0
482.8
483.6
484.5
485.3
486.1
486.9
487.7
488.5
489.3
490.2
491.0
491.8
492.6
493.4
494.2
495.0
495.9
496.7
497.5
498.3
499.1
499.9
500.7
501.6
502.4
503.2
504.0
504.8
505.6
506.4
507.2
508.1
508.9
509.7
510.5
511.3
512.1
512.9
513.7
514.5
515.3
516.1
516.8
517.6
518.4
519.2
520.0
520.8
521.5
522.3
523.1
523.9
524.7
525.5
526.2
527.0
527.8
528.6
529.4
530.2
530.9
531.7
532.5
533.3
534.1
534.9
535.6
536.4
537.2
538.0
538.8
539.6
540.3
541.1
541.9
542.7
543.5
544.3
545.0
545.8
546.6
547.4
548.2
549.0
549.7
550.5
551.3
552.1
552.9
553.7
554.4
555.2
556.0
556.8
557.6
558.4
559.1
559.9
560.7
561.5
562.3
563.1
563.8
564.6
565.4
566.2
567.0
567.8
568.5
569.3
570.1
570.9
571.7
572.5
573.2
574.0
574.8
575.6
576.4
577.2
577.9
578.7
579.5
580.3
581.1
581.9
582.6
583.4
584.2
585.0
585.8
586.6
587.3
588.1
588.9
589.6
590.3
591.1
591.8
592.6
593.3
594.0
594.8
595.5
596.3
597.0
597.7
598.5
599.2
600.0
600.7
601.5
602.2
602.9
603.7
604.4
605.2
605.9
606.6
607.4
608.1
608.9
609.6
610.3
611.1
611.8
612.6
613.3
614.0
614.8
615.5
616.3
617.0
617.7
618.5
619.2
620.0
620.7
621.4
622.2
622.9
623.7
624.4
625.2
625.9
626.6
627.4
628.1
628.9
629.6
630.3
631.1
631.8
632.6
633.3
634.0
634.8
635.5
636.3
637.0
637.7
638.5
639.2
640.0
640.7
641.4
642.2
642.9
643.7
644.4
645.1
645.9
646.6
647.4
648.1
648.8
649.6
650.3
651.1
651.8
652.6
653.3
654.0
654.8
655.5
656.3
657.0
657.7
658.5
659.2
660.0
660.7
661.4
662.2
662.9
663.7
664.4
665.1
665.9
666.6
667.4
668.1
668.9
669.6
670.4
671.2
671.9
672.7
673.4
674.2
674.9
675.7
676.5
677.2
678.0
678.7
679.5
680.2
681.0
681.8
682.5
683.3
684.0
684.8
685.5
686.3
687.1
687.8
688.6
689.3
690.1
690.8
691.6
692.4
693.1
693.9
694.6
695.4
696.1
696.9
697.7
698.4
699.2
699.9
700.7
701.4
702.2
703.0
703.7
704.5
705.2
706.0
706.8
707.6
708.4
709.2
710.0
710.8
711.6
712.4
713.2
714.0
714.8
715.6
716.4
717.2
718.0
718.8
719.6
720.4
721.2
722.0
722.8
723.6
724.4
725.2
726.0
726.8
727.6
728.4
729.2
730.0
730.8
731.6
732.4
733.2
734.0
734.8
735.6
736.4
737.2
738.0
738.8
739.6
740.4
741.2
742.0
742.8
743.6
744.4
745.2
746.0
746.8
747.6
748.4
749.2
750.0
750.8
751.6
752.4
753.2
754.0
754.8
755.6
756.4
757.2
758.0
758.8
759.6
760.4
761.2
762.0
762.8
763.6
764.4
765.2
766.0
766.8
767.6
768.4
769.2
770.0
770.8
771.6
772.4
773.2
774.1
774.9
775.7
776.5
777.3
778.1
778.9
779.7
780.5
781.3
782.1
782.9
783.7
784.5
785.3
786.1
786.9
787.7
788.5
789.3
790.1
790.9
791.7
792.5
793.3
794.1
794.9
795.7
796.5
797.3
798.1
798.9
799.7
800.5
801.3
802.1
802.9
803.7
804.5
805.3
806.1
806.9
807.7
808.5
809.3
810.1
810.9
811.7
812.5
813.3
814.1
814.9
815.7
816.5
817.3
818.1
818.9
819.7
820.5
821.3
822.1
822.9
823.7
824.5
825.3
826.1
826.9
827.7
828.5
829.3
830.1
830.9
831.7
832.6
833.4
834.3
835.1
835.9
836.8
837.6
838.5
839.3
840.2
841.0
841.9
842.7
843.5
844.4
845.2
846.1
846.9
847.8
848.6
849.4
850.3
851.1
852.0
852.8
853.7
854.5
855.3
856.2
857.0
857.9
858.7
859.6
860.4
861.3
862.1
862.9
863.8
864.6
865.5
866.3
867.2
868.0
868.8
869.7
870.5
871.4
872.2
873.1
873.9
874.8
875.6
876.4
877.3
878.1
879.0
879.8
880.7
881.5
882.3
883.2
884.0
884.9
885.7
886.6
887.4
888.2
889.1
889.9
890.8
891.6
892.5
893.3
894.2
895.0
895.8
896.7
897.5
898.4
899.2
NEXT_SERIES
0.215260002148
0.213741028564
0.210914843323
0.208366018032
0.20737439484
0.206918579505
0.210648808677
0.217781007915
0.227617209857
0.236184150665
0.246062146696
0.256052908943
0.269924113563
0.283593860512
0.296998266404
0.307758736831
0.317040071495
0.324497597269
0.331195441295
0.3341575087
0.335318124118
0.332979917297
0.330457381513
0.325543067993
0.320674790868
0.313991852059
0.309086499304
0.302626126002
0.297957752844
0.292372304953
0.288337502467
0.284623298847
0.28346182165
0.283898584112
0.283963159703
0.283577052395
0.283607603423
0.284913719548
0.285691684322
0.286351995254
0.287482648805
0.289994036775
0.291760391587
0.294239516117
0.296591404196
0.299721765037
0.30222229739
0.303839495859
0.306307353974
0.307165663655
0.309359159074
0.310303552546
0.311641388423
0.311661482274
0.311639570477
0.312202412939
0.313493454086
0.31446313288
0.314970683944
0.313733535167
0.314055699089
0.313673860464
0.31360365086
0.311409516247
0.310172642967
0.309239533431
0.308380974889
0.306244232994
0.304628535962
0.303213297917
0.302214285169
0.301021952617
0.298842604566
0.296687265448
0.293670850131
0.291255899047
0.289092629225
0.287829048832
0.28742589443
0.286364384959
0.285670018681
0.283895280707
0.282593605389
0.281126339781
0.280156704994
0.279982075764
0.279345105562
0.27878670102
0.27825738494
0.278478404804
0.278827391074
0.278791507124
0.277919268703
0.277194775328
0.276698355697
0.277029206431
0.277109577081
0.276669394172
0.275267052971
0.274894466587
0.274924185017
0.27636276888
0.277113538344
0.278490606489
0.279275591498
0.280608088542
0.28223367285
0.284474948157
0.285613983144
0.285477356788
0.286051847664
0.287558016659
0.290480823249
0.292267598678
0.294191106783
0.297443285395
0.299742941271
0.301699141727
0.302756186642
0.304761974248
0.306412912197
0.308553002057
0.310748460761
0.313032962692
0.31408474408
0.316013197783
0.318740364112
0.322534124959
0.325080702894
0.328411382616
0.330286783276
0.331907777616
0.334161126137
0.336122016743
0.339470344187
0.340758877209
0.343299228149
0.345595102475
0.348384273839
0.351293980341
0.353806982242
0.356704020666
0.359189997127
0.361782508299
0.364190038685
0.366979484646
0.369452383625
0.372734734819
0.375939313622
0.378722840816
0.380954600218
0.382252506665
0.384285480586
0.385278160476
0.386783688706
0.388424976601
0.390893604746
0.393340851051
0.394976626311
0.397085231932
0.399792076765
0.401619800011
0.40341004547
0.404743074915
0.406870122914
0.40789739543
0.408940483858
0.409393924465
0.410195474916
0.410758979775
0.413375096358
0.414647821147
0.415629140035
0.416311010443
0.416611421833
0.417357862464
0.416631841434
0.418274767414
0.419363508169
0.420807129474
0.421000153216
0.421605971806
0.420688115889
0.420659671279
0.419879603377
0.419745865941
0.418235539642
0.41716133545
0.41684177199
0.416591566438
0.415555817313
0.414738221624
0.414938066084
0.414110981846
0.412360618333
0.409943384132
0.408840683844
0.407834494341
0.405581753046
0.403365996264
0.400972157159
0.398711894426
0.396336189692
0.393991696933
0.392793703359
0.390361406529
0.387375445224
0.383059845478
0.379318483084
0.376928299775
0.37389204157
0.370389832875
0.366138690611
0.363067381849
0.360263411591
0.35740677365
0.35449309109
0.351295076358
0.347496843485
0.343977789526
0.340435369909
0.33589132372
0.332024345394
0.327513505365
0.323098305954
0.318046187787
0.313955133896
0.310460735749
0.306647612615
0.302354667893
0.298301330057
0.294506919898
0.29056293
0.286457751318
0.28138166607
0.276738544856
0.272188384405
0.268105255537
0.263621497897
0.260090475613
0.256133025832
0.252213058134
0.247373326834
0.242682807548
0.238551773206
0.233820824652
0.22961513382
0.224751412668
0.220930350844
0.215753424888
0.212092899113
0.207603571931
0.203923511806
0.199688164244
0.196109818309
0.192679031432
0.189474073557
0.184905048873
0.18074436427
0.176039518986
0.17247009968
0.16893844051
0.165435020815
0.162765750853
0.159151252011
0.156189705439
0.152309127892
0.149567112285
0.146060164863
0.142607397888
0.139734518982
0.136721166126
0.134722094514
0.132745566503
0.131491925807
0.129848463115
0.127087928883
0.124639884822
0.122147825377
0.12102330209
0.119176692016
0.117032639032
0.114197038331
0.111619513878
0.11063198865
0.10936485759
0.107321842959
0.104015993793
0.101748799379
0.101063104293
0.0997196431674
0.0974812032992
0.0939359949887
0.0926430609178
0.0915751352563
0.0914146903123
0.0898053759507
0.0889162009792
0.0876508737202
0.0874103040649
0.086582964173
0.0859381496476
0.0841551607823
0.0829017234598
0.0821470543665
0.0827457205442
0.0819980922095
0.0805288955678
0.078335399979
0.0771230626524
0.0763841514927
0.0750926390093
0.0739098378133
0.0725554297317
0.0711491007417
0.0699604299806
0.068960748778
0.0688126979473
0.067523822531
0.0666353461622
0.065364578308
0.0652908986431
0.0654514460501
0.0654443878271
0.0646097017238
0.0631184596482
0.0625614136758
0.0627746695558
0.0630065293408
0.0618331733973
0.0605957426175
0.0596211652563
0.0599819861585
0.0600319904918
0.0597715003359
0.0585833130541
0.0577952110709
0.0565698358516
0.0564428362834
0.0560693361143
0.0561948996396
0.0556930056553
0.0557097720214
0.0553059014994
0.0552637339504
0.0545799194048
0.0549355854147
0.0548121472209
0.0538648490803
0.0528820435454
0.0519808840686
0.0527231167509
0.0530761728655
0.0532608462955
0.0526017122303
0.0520840885849
0.0513338975763
0.0512965557743
0.0508819857863
0.0509433635544
0.0502370965514
0.0494327660306
0.0486325596313
0.0486825555351
0.0497353985552
0.0508758822456
0.0516372131104
0.0503877552059
0.0497696761921
0.0494488342138
0.0508529833564
0.0516993974948
0.0522989008054
0.051888646602
0.0510722848227
0.0502522687645
0.0505220691586
0.0507757010859
0.0511283193043
0.0515022971192
0.0518091571038
0.0510636597235
0.0494729514171
0.0488153301108
0.0495138583271
0.0505046153308
0.0504376452585
0.0497739845977
0.0481740764821
0.0474342457251
0.0465491450555
0.04806700369
0.048163225616
0.0488040973772
0.0479813811136
0.0475644240052
0.0471443277731
0.0468543279617
0.0482319488277
0.0487136741381
0.0495450007842
0.049396173671
0.0494017335571
0.0487037746878
0.0484736935097
0.0487029880087
0.0493478959488
0.0500710872064
0.04960261348
0.0489837998592
0.0473242708194
0.0471722876813
0.047247717912
0.0478400030142
0.0486265654252
0.0487696391052
0.0488267035043
0.0474952483291
0.0470342115414
0.0468271871585
0.047280997203
0.048395547988
0.0485372016531
0.0492855580043
0.0488854526651
0.0493139955838
0.0491658360344
0.049181729604
0.0498597828756
0.0511808545809
0.0525489435559
0.0525472193819
0.0522223886062
0.0515967352057
0.0510427592689
0.0508667407317
0.0509835343251
0.0522714342681
0.0524706106122
0.0530548251036
0.0527148346287
0.0527397247316
0.0517040536404
0.0512721810472
0.0510224892602
0.0518585816285
0.0522822439523
0.0531399506528
0.0526973062183
0.0519895951218
0.0512982458852
0.0513200114765
0.0510062029209
0.051048204019
0.0512458462759
0.0526212411877
0.0526882167978
0.0527425371388
0.0518847404575
0.0514497913944
0.0509231727253
0.0508594172792
0.0509946105236
0.0514810998582
0.0526256716322
0.0528082375076
0.0531508242405
0.0523017675996
0.0519879007782
0.0519838809601
0.0528639221927
0.0540773063522
0.0547308778008
0.0550363608495
0.0558711453985
0.0548120300786
0.0545228066542
0.0530367332974
0.053626138588
0.0539399977395
0.0555059931748
0.0564348497171
0.0569414834116
0.0564871797087
0.0555775723759
0.0546357824258
0.0543240474836
0.0542093716613
0.0543974052764
0.0551279589264
0.0563135085706
0.0572111571531
0.0565178323514
0.0561154204232
0.0552840021798
0.0555958899718
0.0560149451621
0.0562567675055
0.0569922547959
0.057466937319
0.058251206647
0.058561697513
0.0583865986273
0.0585357470903
0.0576561037698
0.0580451636256
0.0578362790599
0.0584292488073
0.0589039392565
0.059869436851
0.0612366163487
0.0609972887742
0.0608739688417
0.0596797934009
0.0597592320177
0.0596281438304
0.0601159717311
0.0609161260372
0.0617494849438
0.0615882131552
0.061804385459
0.0615084609362
0.0621396415088
0.0609857442629
0.0604607236959
0.0593726013005
0.0591401010216
0.0590812862176
0.0592080185024
0.0595681670104
0.0596995252701
0.0605423870032
0.0601312903693
0.0608403128642
0.0608597754513
0.061266640278
0.0614515378387
0.0614276114671
0.0625370001154
0.063410283306
0.0649707341553
0.0657261746348
0.0663306152333
0.0667158535996
0.0670269284939
0.0663235972492
0.0662774581241
0.0660188164571
0.0664555991673
0.0656178319705
0.0656664030445
0.065600935208
0.0664928347197
0.0664616017527
0.0662510642232
0.0656331311539
0.0656951022261
0.0646056648295
0.0635993231002
0.0620982680006
0.0619608026271
0.0617606957386
0.0622075167629
0.0628216751796
0.0641110064485
0.0655817670976
0.0663227632378
0.0656332113142
0.0644284908052
0.0637228004922
0.0636963841729
0.0636558837587
0.0635589674191
0.0646765111327
0.0653288681404
0.066070059766
0.0663782319468
0.0670297892431
0.0670453345326
0.0669823926634
0.0662756874948
0.0663423783447
0.0658864749548
0.066802480369
0.067247214193
0.0678240260595
0.0684056389717
0.0693793657268
0.0703748036013
0.0706343321749
0.0701636035853
0.0695191097573
0.0691734763667
0.0686897425901
0.0682260684593
0.0674157670287
0.0671923841469
0.0666504904868
0.0661595523387
0.0664855308534
0.0666777804872
0.067609244806
0.0669708900248
0.066636577936
0.0648561083931
0.0644041123194
0.0632454809382
0.0635719464258
0.0632860819903
0.0632484264681
0.0632651348128
0.0632488559753
0.0635202244269
0.0632945353452
0.0629850129206
0.0625854916959
0.0620060301034
0.0613025676164
0.0614558859344
0.0607142789742
0.0601029145494
0.0593709988382
0.0590133639136
0.0584389283558
0.0577263634283
0.0574977007878
0.0574002931467
0.0570142820905
0.0561581554204
0.0560723420511
0.0560427720699
0.0556690278075
0.0545394135041
0.0537343317553
0.0528135866529
0.052191912881
0.0505487155955
0.0502536087153
0.0483731491652
0.0473701513753
0.0449042171618
0.0445796445847
0.0437332114606
0.0431314124375
0.042074526103
0.0408423862029
0.0409857157126
0.0403270056501
0.0399310608352
0.0381786611734
0.0377987934761
0.0364864231015
0.0372873472521
0.0363429262812
0.0353858486587
END
