380.3
381.1
381.9
382.7
383.5
384.4
385.2
386.0
386.8
387.6
388.4
389.2
390.1
390.9
391.7
392.5
393.3
394.1
394.9
395.8
396.6
397.4
398.2
399.0
399.8
400.6
401.5
402.3
403.1
403.9
404.7
405.5
406.3
407.2
408.0
408.8
409.6
410.4
411.2
412.0
412.8
413.7
414.5
415.3
416.1
416.9
417.7
418.5
419.4
420.2
421.0
421.8
422.6
423.4
424.2
425.1
425.9
426.7
427.5
428.3
429.1
429.9
430.8
431.6
432.4
433.2
434.0
434.8
435.6
436.4
437.3
438.1
438.9
439.7
440.5
441.3
442.1
443.0
443.8
444.6
445.4
446.2
447.0
447.8
448.7
449.5
450.3
451.1
451.9
452.7
453.5
454.4
455.2
456.0
456.8
457.6
458.4
459.2
460.0
460.9
461.7
462.5
463.3
464.1
464.9
465.7
466.6
467.4
468.2
469.0
469.8
470.6
471.4
472.3
473.1
473.9
474.7
475.5
476.3
477.1
478.0
478.8
479.6
480.4
481.2
482.0
482.8
483.6
484.5
485.3
486.1
486.9
487.7
488.5
489.3
490.2
491.0
491.8
492.6
493.4
494.2
495.0
495.9
496.7
497.5
498.3
499.1
499.9
500.7
501.6
502.4
503.2
504.0
504.8
505.6
506.4
507.2
508.1
508.9
509.7
510.5
511.3
512.1
512.9
513.7
514.5
515.3
516.1
516.8
517.6
518.4
519.2
520.0
520.8
521.5
522.3
523.1
523.9
524.7
525.5
526.2
527.0
527.8
528.6
529.4
530.2
530.9
531.7
532.5
533.3
534.1
534.9
535.6
536.4
537.2
538.0
538.8
539.6
540.3
541.1
541.9
542.7
543.5
544.3
545.0
545.8
546.6
547.4
548.2
549.0
549.7
550.5
551.3
552.1
552.9
553.7
554.4
555.2
556.0
556.8
557.6
558.4
559.1
559.9
560.7
561.5
562.3
563.1
563.8
564.6
565.4
566.2
567.0
567.8
568.5
569.3
570.1
570.9
571.7
572.5
573.2
574.0
574.8
575.6
576.4
577.2
577.9
578.7
579.5
580.3
581.1
581.9
582.6
583.4
584.2
585.0
585.8
586.6
587.3
588.1
588.9
589.6
590.3
591.1
591.8
592.6
593.3
594.0
594.8
595.5
596.3
597.0
597.7
598.5
599.2
600.0
600.7
601.5
602.2
602.9
603.7
604.4
605.2
605.9
606.6
607.4
608.1
608.9
609.6
610.3
611.1
611.8
612.6
613.3
614.0
614.8
615.5
616.3
617.0
617.7
618.5
619.2
620.0
620.7
621.4
622.2
622.9
623.7
624.4
625.2
625.9
626.6
627.4
628.1
628.9
629.6
630.3
631.1
631.8
632.6
633.3
634.0
634.8
635.5
636.3
637.0
637.7
638.5
639.2
640.0
640.7
641.4
642.2
642.9
643.7
644.4
645.1
645.9
646.6
647.4
648.1
648.8
649.6
650.3
651.1
651.8
652.6
653.3
654.0
654.8
655.5
656.3
657.0
657.7
658.5
659.2
660.0
660.7
661.4
662.2
662.9
663.7
664.4
665.1
665.9
666.6
667.4
668.1
668.9
669.6
670.4
671.2
671.9
672.7
673.4
674.2
674.9
675.7
676.5
677.2
678.0
678.7
679.5
680.2
681.0
681.8
682.5
683.3
684.0
684.8
685.5
686.3
687.1
687.8
688.6
689.3
690.1
690.8
691.6
692.4
693.1
693.9
694.6
695.4
696.1
696.9
697.7
698.4
699.2
699.9
700.7
701.4
702.2
703.0
703.7
704.5
705.2
706.0
706.8
707.6
708.4
709.2
710.0
710.8
711.6
712.4
713.2
714.0
714.8
715.6
716.4
717.2
718.0
718.8
719.6
720.4
721.2
722.0
722.8
723.6
724.4
725.2
726.0
726.8
727.6
728.4
729.2
730.0
730.8
731.6
732.4
733.2
734.0
734.8
735.6
736.4
737.2
738.0
738.8
739.6
740.4
741.2
742.0
742.8
743.6
744.4
745.2
746.0
746.8
747.6
748.4
749.2
750.0
750.8
751.6
752.4
753.2
754.0
754.8
755.6
756.4
757.2
758.0
758.8
759.6
760.4
761.2
762.0
762.8
763.6
764.4
765.2
766.0
766.8
767.6
768.4
769.2
770.0
770.8
771.6
772.4
773.2
774.1
774.9
775.7
776.5
777.3
778.1
778.9
779.7
780.5
781.3
782.1
782.9
783.7
784.5
785.3
786.1
786.9
787.7
788.5
789.3
790.1
790.9
791.7
792.5
793.3
794.1
794.9
795.7
796.5
797.3
798.1
798.9
799.7
800.5
801.3
802.1
802.9
803.7
804.5
805.3
806.1
806.9
807.7
808.5
809.3
810.1
810.9
811.7
812.5
813.3
814.1
814.9
815.7
816.5
817.3
818.1
818.9
819.7
820.5
821.3
822.1
822.9
823.7
824.5
825.3
826.1
826.9
827.7
828.5
829.3
830.1
830.9
831.7
832.6
833.4
834.3
835.1
835.9
836.8
837.6
838.5
839.3
840.2
841.0
841.9
842.7
843.5
844.4
845.2
846.1
846.9
847.8
848.6
849.4
850.3
851.1
852.0
852.8
853.7
854.5
855.3
856.2
857.0
857.9
858.7
859.6
860.4
861.3
862.1
862.9
863.8
864.6
865.5
866.3
867.2
868.0
868.8
869.7
870.5
871.4
872.2
873.1
873.9
874.8
875.6
876.4
877.3
878.1
879.0
879.8
880.7
881.5
882.3
883.2
884.0
884.9
885.7
886.6
887.4
888.2
889.1
889.9
890.8
891.6
892.5
893.3
894.2
895.0
895.8
896.7
897.5
898.4
899.2
NEXT_SERIES
0.120910642267
0.120452745995
0.119288300538
0.117831124111
0.117313581735
0.11509196954
0.119185955252
0.125849444556
0.138175322204
0.150542736712
0.16243892835
0.173254702528
0.185127363772
0.198366583601
0.211851892414
0.224806811028
0.236421976028
0.246656578518
0.254192117412
0.259662345396
0.262559398902
0.26267312615
0.2601651889
0.255254951994
0.24938623983
0.242912287295
0.237307732033
0.231070348523
0.224778575416
0.219312992043
0.214212585011
0.211342321878
0.209029132034
0.209565476848
0.209711665338
0.21058871912
0.210256206931
0.211844593354
0.213239811731
0.21597130877
0.217715197299
0.221076987139
0.223656031373
0.227489142495
0.229621727667
0.233126736716
0.235631086649
0.23898367309
0.241212241024
0.243823879813
0.245324880901
0.247574461934
0.249262884746
0.251133602884
0.252416627574
0.25247594221
0.253048180481
0.253866340165
0.255266114524
0.255513349291
0.25470388431
0.253484005697
0.252397781424
0.251245184853
0.250001413466
0.248944842287
0.247254387515
0.245214557949
0.242874128189
0.241713279972
0.240237103278
0.238281171934
0.234836610331
0.231410447213
0.227889892069
0.225051963644
0.222721077512
0.221076994216
0.219708757003
0.217001320685
0.214574324178
0.212564329071
0.210623940865
0.208487693195
0.20567644493
0.203912867145
0.201360345293
0.19922920621
0.197850881891
0.196712904071
0.19521053103
0.192890262025
0.191823123349
0.18983980811
0.188798022398
0.187029518564
0.185488176381
0.183086805507
0.180412144756
0.178470970905
0.176834688615
0.1754240971
0.174148895944
0.173974517078
0.172954350411
0.172551171463
0.171610844396
0.171469151972
0.170838899304
0.169789672784
0.169792649761
0.169509260031
0.168746688472
0.168068033524
0.168448255719
0.170007007009
0.170412639824
0.169908359492
0.169393045906
0.168963935828
0.168695929233
0.168846271032
0.16995106934
0.170796664622
0.17117594857
0.171508648921
0.172203681988
0.173026843085
0.174312268521
0.175420480805
0.176298182972
0.175828206384
0.176570111527
0.176944978691
0.178240567022
0.178333332582
0.178563564136
0.180054868785
0.181405343699
0.183126208118
0.184223250859
0.185729582408
0.18725665341
0.187785870732
0.188681606532
0.189384798045
0.190431073269
0.192452075614
0.194073464874
0.19609023812
0.196754993395
0.19747898421
0.197570103646
0.19694185622
0.196264028014
0.196144306539
0.196870731218
0.197810746584
0.198260657228
0.198397519114
0.198796712343
0.198759149413
0.19970995634
0.200238514581
0.200488098023
0.199415481352
0.199057365187
0.198385020486
0.197933159636
0.197583406484
0.1976855017
0.197115844692
0.196736645834
0.196607377496
0.196870078891
0.196382014228
0.195609991727
0.195407433559
0.195967798409
0.196524136651
0.196845627047
0.196199836926
0.195738009167
0.195289108819
0.194737084489
0.194175578194
0.193266583164
0.192456002441
0.191717364298
0.191504196696
0.191326621963
0.190939364322
0.190939576085
0.190314995895
0.189520610357
0.188669101786
0.188097557625
0.187861317782
0.186226439679
0.185416411951
0.184769337882
0.185099624088
0.184309466698
0.18262512241
0.181795019029
0.179992597081
0.179034692267
0.176430488084
0.17468022873
0.173434614837
0.171833056276
0.170424478091
0.168407393512
0.167373213902
0.1668559854
0.165285788974
0.164091768705
0.162686006186
0.162133813265
0.1606512832
0.158943602604
0.156957401339
0.155832172366
0.154195522701
0.152073970505
0.149504475549
0.14794947179
0.146789388689
0.145179444681
0.14295057771
0.141097199211
0.13937071319
0.138304196009
0.136647701191
0.135313247418
0.13320532079
0.131416908879
0.129321953733
0.127224823618
0.125773356898
0.124030640909
0.122911191909
0.121339775528
0.119892317179
0.117783524143
0.114628145019
0.112259219511
0.110319422921
0.109275669464
0.106962616816
0.105509837062
0.103934127532
0.10294914373
0.100824218767
0.0993297956181
0.0975655438107
0.0965493506941
0.0942827751541
0.0927713988058
0.0908419297041
0.0894321625065
0.0877781513701
0.0859104018031
0.08492856316
0.0829299840694
0.0811196011206
0.0789604407266
0.0774638313423
0.0762873137694
0.074656029109
0.0733936128907
0.0714842631524
0.0700289378962
0.069472821181
0.0694819225314
0.0693244672182
0.0676724817499
0.0662268017588
0.0654153344184
0.0655368827224
0.0654017441221
0.0643541811217
0.0629233481488
0.0614313994114
0.0607347852767
0.060482584282
0.0591736349186
0.057271735228
0.0550823947951
0.0548102962327
0.0541244803928
0.0535207965237
0.0513756295143
0.0501596849488
0.0491027416005
0.0493897908597
0.0487057925247
0.04824513245
0.0471279101467
0.0475775850293
0.047730169824
0.047876619805
0.0471695037066
0.0464575433489
0.0461937463901
0.0466096675435
0.0460099824877
0.0449044982862
0.0432072328252
0.0422178286346
0.0417256059131
0.0411697444964
0.0403924231293
0.0393810666735
0.0375694694338
0.0365776770701
0.0362268444698
0.0366815137512
0.0362591915785
0.0352036615074
0.034418184647
0.0346810826594
0.0352299209458
0.0348855169164
0.0338076491777
0.0325108750545
0.0320433548489
0.0323637083019
0.0328316526683
0.0324188299866
0.031736164372
0.0305320395335
0.0304708471849
0.0305352023121
0.0309415978556
0.030217455985
0.0299377115504
0.0284971985871
0.0287680704359
0.0278837563752
0.0288920713898
0.0282721274653
0.0286392264388
0.0273316605561
0.0278727573722
0.0277991734818
0.0288671600537
0.0287213136543
0.0278201332646
0.0272011269566
0.0260786581463
0.0267883870652
0.0273649808426
0.0286683477398
0.0284695413673
0.0279746575741
0.0269537654848
0.0273175222246
0.0272780434274
0.0280782693462
0.0272174167129
0.0264237801937
0.0255788962308
0.0260538846392
0.0277359061312
0.0287939657847
0.0294411796618
0.0283375869533
0.0282595660421
0.0287897754267
0.0302883091387
0.0319002965934
0.032669187932
0.0330427399956
0.0323146543373
0.031682360731
0.0315383703253
0.0320504729824
0.0327485885855
0.0332259705423
0.033217505373
0.0325901758822
0.0314219585577
0.030743683022
0.0311501261346
0.0320473033232
0.0322892799126
0.031445440481
0.0304917053311
0.029593000006
0.0291389553343
0.0297098598635
0.0298011795897
0.0304933871115
0.0297082140405
0.0292249219562
0.0277462033921
0.0271560320642
0.027798810506
0.0284845346152
0.0291933074578
0.0289806396462
0.0289732231404
0.0277537239151
0.0269945736564
0.0266877862415
0.0274079446051
0.0282787625756
0.0279933193018
0.0274995701882
0.0255140818452
0.0248210279201
0.0241299638615
0.0251686940429
0.026106368393
0.0264006116706
0.0257907381278
0.0245335849394
0.0244339638271
0.0239975662091
0.0243504533125
0.0258113196189
0.0266310988115
0.0272002242872
0.0261889983555
0.0264572187892
0.0260589931641
0.0261176730025
0.0265938781236
0.0280408463027
0.0288530355079
0.0289688648807
0.0289751171407
0.0283897243853
0.0278792184113
0.0275157580495
0.0280213337294
0.0290799521435
0.0294282259838
0.0299046685045
0.029746438527
0.0291112912404
0.0283486274955
0.0279639729964
0.028124192879
0.028706505394
0.0286867173916
0.0292598983443
0.0288015329072
0.0285168744409
0.0281814007185
0.0281223287267
0.0278034578817
0.0275108937299
0.0279291911177
0.0290412613389
0.0296383418125
0.0294867470446
0.0289202504003
0.0278993344405
0.0273275730199
0.027100966318
0.028058365675
0.0288276393706
0.0292444874877
0.0286512650369
0.028284274008
0.0278058115202
0.0279513866385
0.0280393309658
0.0293868686705
0.0302926460488
0.0315968762387
0.0312059271262
0.0314561154364
0.030314176221
0.0300751158581
0.0294818232599
0.0298015029308
0.0303540890669
0.0310597008471
0.0316724083667
0.0320609635535
0.0318250829253
0.0313490313301
0.0303887096799
0.0297652467695
0.0295742788675
0.0297928468482
0.0308870631625
0.0316869197288
0.0328580592738
0.0320965803799
0.0317515652821
0.0304174820436
0.0308542142363
0.0308177337684
0.0312860166073
0.0316779686926
0.0326781219882
0.0333218223638
0.0337745774732
0.0331856885382
0.0334014505736
0.032635039856
0.0330824124477
0.0328531897029
0.0334575789244
0.0339475595914
0.0349309126422
0.0360810730259
0.0360172416898
0.0357390528865
0.0343584913811
0.0343736366814
0.0345760423098
0.035299626588
0.0356698747213
0.0358589069076
0.0359661390178
0.0364521298905
0.0362670124889
0.0360148608251
0.0347445518698
0.0345113821472
0.033991520558
0.0340543275495
0.0332057320949
0.0337560086871
0.0341842456211
0.0351356253643
0.0358098613219
0.0353470907002
0.0355924296827
0.0350119267124
0.0353736083072
0.0355682823522
0.0362476748891
0.0368260211211
0.0378450322562
0.0383121452386
0.040003178223
0.0407159582851
0.0420205681853
0.0422477090167
0.0418814539844
0.041660932049
0.0411298697187
0.0412688744187
0.0406038595193
0.0408360374642
0.0411746439192
0.0417753924103
0.0417029214869
0.0415860090844
0.0413612576473
0.0412279130039
0.0398553013309
0.0385371754458
0.0370858507205
0.0369834432519
0.0369925186344
0.0374258343942
0.0381281196214
0.0392319068297
0.0405772125581
0.0413480405703
0.0415401914684
0.0406693563967
0.0402221519828
0.0393931676921
0.0394388686985
0.0390428824417
0.0396325309683
0.0400733347118
0.0404871372481
0.0417069993701
0.0425894959189
0.0434440241886
0.043471605469
0.0429238033092
0.0430425731809
0.0425297239784
0.0436637526017
0.0436151598843
0.0445125778069
0.0447885309169
0.0462230994054
0.047021933337
0.0474344074416
0.046972708151
0.0462768261257
0.0461651894335
0.0448844421862
0.0445815007495
0.0433840084979
0.0440777592842
0.0437918405787
0.043931730175
0.0439763796961
0.0437008067408
0.0437030517366
0.0429560276061
0.0422216623115
0.0415995364355
0.041127568557
0.0407801790608
0.0404416155911
0.0404412317553
0.0407124578348
0.0405828329003
0.0404537536144
0.0405286305607
0.0407165247803
0.0409623985131
0.040692336806
0.0405343206571
0.0396259487366
0.0392268264176
0.0380697146361
0.0376183172881
0.0380602366567
0.0377722133866
0.0370161448404
0.0356890506565
0.0356191145984
0.0360161828566
0.0360899400506
0.0356373759056
0.0354030400289
0.0350818992654
0.0349696534394
0.034260877314
0.0334786541793
0.0323538001792
0.0314437875798
0.0293348632539
0.028505815993
0.0265826155149
0.0257868886042
0.0244877806689
0.0237284506699
0.0224278909284
0.0210582293504
0.020359513369
0.0210493931979
0.0206097287497
0.0204637451235
0.0193797671028
0.0186696554388
0.017820591093
0.0164872518851
0.0163434256112
0.0154567866342
0.0155680947177
END
