380.3
381.1
381.9
382.7
383.5
384.4
385.2
386.0
386.8
387.6
388.4
389.2
390.1
390.9
391.7
392.5
393.3
394.1
394.9
395.8
396.6
397.4
398.2
399.0
399.8
400.6
401.5
402.3
403.1
403.9
404.7
405.5
406.3
407.2
408.0
408.8
409.6
410.4
411.2
412.0
412.8
413.7
414.5
415.3
416.1
416.9
417.7
418.5
419.4
420.2
421.0
421.8
422.6
423.4
424.2
425.1
425.9
426.7
427.5
428.3
429.1
429.9
430.8
431.6
432.4
433.2
434.0
434.8
435.6
436.4
437.3
438.1
438.9
439.7
440.5
441.3
442.1
443.0
443.8
444.6
445.4
446.2
447.0
447.8
448.7
449.5
450.3
451.1
451.9
452.7
453.5
454.4
455.2
456.0
456.8
457.6
458.4
459.2
460.0
460.9
461.7
462.5
463.3
464.1
464.9
465.7
466.6
467.4
468.2
469.0
469.8
470.6
471.4
472.3
473.1
473.9
474.7
475.5
476.3
477.1
478.0
478.8
479.6
480.4
481.2
482.0
482.8
483.6
484.5
485.3
486.1
486.9
487.7
488.5
489.3
490.2
491.0
491.8
492.6
493.4
494.2
495.0
495.9
496.7
497.5
498.3
499.1
499.9
500.7
501.6
502.4
503.2
504.0
504.8
505.6
506.4
507.2
508.1
508.9
509.7
510.5
511.3
512.1
512.9
513.7
514.5
515.3
516.1
516.8
517.6
518.4
519.2
520.0
520.8
521.5
522.3
523.1
523.9
524.7
525.5
526.2
527.0
527.8
528.6
529.4
530.2
530.9
531.7
532.5
533.3
534.1
534.9
535.6
536.4
537.2
538.0
538.8
539.6
540.3
541.1
541.9
542.7
543.5
544.3
545.0
545.8
546.6
547.4
548.2
549.0
549.7
550.5
551.3
552.1
552.9
553.7
554.4
555.2
556.0
556.8
557.6
558.4
559.1
559.9
560.7
561.5
562.3
563.1
563.8
564.6
565.4
566.2
567.0
567.8
568.5
569.3
570.1
570.9
571.7
572.5
573.2
574.0
574.8
575.6
576.4
577.2
577.9
578.7
579.5
580.3
581.1
581.9
582.6
583.4
584.2
585.0
585.8
586.6
587.3
588.1
588.9
589.6
590.3
591.1
591.8
592.6
593.3
594.0
594.8
595.5
596.3
597.0
597.7
598.5
599.2
600.0
600.7
601.5
602.2
602.9
603.7
604.4
605.2
605.9
606.6
607.4
608.1
608.9
609.6
610.3
611.1
611.8
612.6
613.3
614.0
614.8
615.5
616.3
617.0
617.7
618.5
619.2
620.0
620.7
621.4
622.2
622.9
623.7
624.4
625.2
625.9
626.6
627.4
628.1
628.9
629.6
630.3
631.1
631.8
632.6
633.3
634.0
634.8
635.5
636.3
637.0
637.7
638.5
639.2
640.0
640.7
641.4
642.2
642.9
643.7
644.4
645.1
645.9
646.6
647.4
648.1
648.8
649.6
650.3
651.1
651.8
652.6
653.3
654.0
654.8
655.5
656.3
657.0
657.7
658.5
659.2
660.0
660.7
661.4
662.2
662.9
663.7
664.4
665.1
665.9
666.6
667.4
668.1
668.9
669.6
670.4
671.2
671.9
672.7
673.4
674.2
674.9
675.7
676.5
677.2
678.0
678.7
679.5
680.2
681.0
681.8
682.5
683.3
684.0
684.8
685.5
686.3
687.1
687.8
688.6
689.3
690.1
690.8
691.6
692.4
693.1
693.9
694.6
695.4
696.1
696.9
697.7
698.4
699.2
699.9
700.7
701.4
702.2
703.0
703.7
704.5
705.2
706.0
706.8
707.6
708.4
709.2
710.0
710.8
711.6
712.4
713.2
714.0
714.8
715.6
716.4
717.2
718.0
718.8
719.6
720.4
721.2
722.0
722.8
723.6
724.4
725.2
726.0
726.8
727.6
728.4
729.2
730.0
730.8
731.6
732.4
733.2
734.0
734.8
735.6
736.4
737.2
738.0
738.8
739.6
740.4
741.2
742.0
742.8
743.6
744.4
745.2
746.0
746.8
747.6
748.4
749.2
750.0
750.8
751.6
752.4
753.2
754.0
754.8
755.6
756.4
757.2
758.0
758.8
759.6
760.4
761.2
762.0
762.8
763.6
764.4
765.2
766.0
766.8
767.6
768.4
769.2
770.0
770.8
771.6
772.4
773.2
774.1
774.9
775.7
776.5
777.3
778.1
778.9
779.7
780.5
781.3
782.1
782.9
783.7
784.5
785.3
786.1
786.9
787.7
788.5
789.3
790.1
790.9
791.7
792.5
793.3
794.1
794.9
795.7
796.5
797.3
798.1
798.9
799.7
800.5
801.3
802.1
802.9
803.7
804.5
805.3
806.1
806.9
807.7
808.5
809.3
810.1
810.9
811.7
812.5
813.3
814.1
814.9
815.7
816.5
817.3
818.1
818.9
819.7
820.5
821.3
822.1
822.9
823.7
824.5
825.3
826.1
826.9
827.7
828.5
829.3
830.1
830.9
831.7
832.6
833.4
834.3
835.1
835.9
836.8
837.6
838.5
839.3
840.2
841.0
841.9
842.7
843.5
844.4
845.2
846.1
846.9
847.8
848.6
849.4
850.3
851.1
852.0
852.8
853.7
854.5
855.3
856.2
857.0
857.9
858.7
859.6
860.4
861.3
862.1
862.9
863.8
864.6
865.5
866.3
867.2
868.0
868.8
869.7
870.5
871.4
872.2
873.1
873.9
874.8
875.6
876.4
877.3
878.1
879.0
879.8
880.7
881.5
882.3
883.2
884.0
884.9
885.7
886.6
887.4
888.2
889.1
889.9
890.8
891.6
892.5
893.3
894.2
895.0
895.8
896.7
897.5
898.4
899.2
NEXT_SERIES
0.595353334417
0.594998023434
0.593466102034
0.59021777101
0.587272316509
0.593093197769
0.604288992185
0.61838687818
0.634049141306
0.651269171399
0.67034962215
0.689970663794
0.711400045504
0.735703147794
0.759245253524
0.781530145718
0.803496994519
0.821247392379
0.834829407246
0.842624979422
0.849561709514
0.851904070106
0.852112868719
0.846425237518
0.839495661773
0.82930855757
0.8212423585
0.811269139952
0.803896466584
0.793285558649
0.785912706962
0.778183102422
0.773681196506
0.770732452921
0.768739821187
0.768443295233
0.766943253113
0.7664432807
0.765735883749
0.767034549848
0.767865608414
0.770042222716
0.773145931852
0.776808916909
0.782109462758
0.785193028674
0.790372316196
0.793985686132
0.797300392714
0.798736197679
0.798723050151
0.800833191213
0.802770374621
0.804980383584
0.805077452028
0.805728665768
0.806424813806
0.807541592442
0.80835715583
0.807337272706
0.808286638015
0.807970215347
0.80848562003
0.806208873874
0.804547954008
0.803311560901
0.801401064462
0.797621106018
0.794403683311
0.792186797633
0.791360352787
0.787751049016
0.783164234887
0.777670282438
0.77401575569
0.769866758186
0.766682673955
0.763196905878
0.759539644116
0.755665793873
0.751046006359
0.747965451614
0.742749339724
0.73912895703
0.734208043933
0.730181794545
0.72532813318
0.720065468076
0.717503258288
0.714473080822
0.711587120126
0.708622536304
0.706048606728
0.701978457976
0.697536071237
0.693727986733
0.6906718632
0.687236845471
0.683561286171
0.681257892049
0.677861394572
0.675246158426
0.673251031083
0.672702903317
0.67225980489
0.671511101874
0.670582295495
0.670624795052
0.668273651308
0.668272178306
0.666890145448
0.667464753221
0.666381303451
0.666175824798
0.668959854943
0.669983911358
0.67113043113
0.668492607162
0.670689104721
0.670087435767
0.671490963278
0.670756388149
0.674347092166
0.677017677646
0.679400397286
0.679000926404
0.680564930709
0.681850648227
0.685162650865
0.68871288379
0.690839126756
0.690401647945
0.688603119736
0.688925595757
0.690447808261
0.693900860249
0.696987993313
0.700123904802
0.701668328176
0.70314421252
0.705138859473
0.707070397065
0.708722793055
0.708424540454
0.710285161909
0.712755469422
0.715497216714
0.717099020601
0.714685112749
0.71581693422
0.714873148079
0.715817119485
0.713104303616
0.710342787356
0.70766024876
0.705836626826
0.704431354279
0.702040442813
0.700801135098
0.699790595864
0.699871808734
0.697823709369
0.694483873655
0.692242877502
0.690375162621
0.68804103278
0.68472998479
0.680058556336
0.67620726876
0.672958661495
0.670743324068
0.669113881829
0.665730526126
0.663277680862
0.660213252113
0.658305018709
0.655995079487
0.655156038628
0.654860902948
0.653999333584
0.652766863042
0.649056105476
0.645500622986
0.642238565968
0.640832963232
0.637844722579
0.633521575284
0.630106819684
0.627683606317
0.625743840115
0.62273512956
0.620007704845
0.618586118421
0.615884517763
0.614217633873
0.61137373561
0.610588237441
0.609239735214
0.606645429055
0.602722548041
0.599898309325
0.598791512656
0.596583358792
0.593274187133
0.587900232742
0.584782207008
0.580643488725
0.57641362158
0.570998490945
0.566756657411
0.563972178507
0.560673288021
0.557296964723
0.554006352312
0.551338753751
0.547929749706
0.543883061368
0.541537564687
0.538440697458
0.536830027393
0.53243964957
0.529174747363
0.524579138837
0.520052470617
0.515225583108
0.509425119681
0.506093773318
0.50162096455
0.498668124409
0.494319998039
0.490811601631
0.488492590837
0.484349147192
0.481093947029
0.47636997524
0.473408125936
0.470115345184
0.466416977925
0.463666867443
0.460402574483
0.457623090356
0.453085720015
0.449256650066
0.444760902915
0.441289730468
0.436901810213
0.432426260914
0.428054668793
0.424374653824
0.421304825025
0.418214288861
0.414434094683
0.410985922572
0.408204587202
0.40620512965
0.403322799107
0.40099313678
0.397203123005
0.394874879655
0.390995621199
0.387663796213
0.383938769562
0.379938757239
0.377219310656
0.37362289852
0.370556138073
0.366322993031
0.363395833147
0.360335013653
0.357727980816
0.354956234285
0.351956486405
0.349315065602
0.347387594689
0.347283816056
0.34782984183
0.346672861224
0.344738777909
0.343192840765
0.343319889303
0.343429291214
0.342413533479
0.339913971298
0.336754596524
0.334598748935
0.333438108421
0.331617221047
0.329432167143
0.32646099828
0.325675007306
0.323383455875
0.321736733491
0.318870006562
0.318222570175
0.317477299301
0.317789090336
0.316636447349
0.316516405439
0.315674966925
0.316792945393
0.317701611007
0.318852788262
0.319239802557
0.31872494599
0.317940019638
0.318233703661
0.317652497896
0.316377193576
0.313821708447
0.312234955091
0.3113941111
0.310532564762
0.308380487743
0.306298078107
0.303013668459
0.301990228832
0.301285782889
0.30124504001
0.299890542826
0.297930754552
0.296690887224
0.296137403538
0.296901188212
0.295932116653
0.295593622464
0.29310870602
0.293007198702
0.291669694001
0.292851160564
0.290961382488
0.290851297614
0.287940382653
0.287573473026
0.285509421528
0.285544582355
0.284197138365
0.284788341155
0.28224953159
0.282119900801
0.2792004067
0.280385266013
0.279776896769
0.281706718455
0.281281276235
0.282483498162
0.282385555398
0.283716444824
0.284229483563
0.2844517301
0.284519540618
0.284464849258
0.285836642748
0.28769550067
0.290253777263
0.291932168643
0.293356187379
0.293447533155
0.295153470016
0.296723336363
0.300979368056
0.303668257096
0.306560504983
0.307605727231
0.31040499288
0.314016503732
0.319508665952
0.324350309575
0.327885546453
0.330995789189
0.334005654955
0.338809525333
0.343642069455
0.349842491191
0.354755152195
0.357843446404
0.358182846048
0.359559604727
0.361169290165
0.364591740324
0.367759336717
0.370365781654
0.370307883693
0.367313975296
0.364869537351
0.363607684478
0.363033493324
0.362195645968
0.359175344034
0.355470995196
0.350005489784
0.34506149159
0.342386245004
0.339220283386
0.337039603842
0.330958738195
0.325195507308
0.31807612984
0.312674449394
0.309548486274
0.306025507039
0.304049063133
0.299926254517
0.296273727772
0.289560890712
0.28408092221
0.28071865039
0.279926081468
0.280004796553
0.27735290733
0.274041832587
0.268469029899
0.264322597733
0.26096794948
0.260740215487
0.262178943169
0.261733212308
0.259683927633
0.255390516477
0.253755765531
0.25198262713
0.251746682845
0.252831523626
0.253790019693
0.255160144121
0.253221728327
0.251726488127
0.250079082769
0.24935728568
0.250290930971
0.252042272665
0.254046772672
0.25477627446
0.254083320733
0.252641367179
0.25044132585
0.248981038033
0.248760123729
0.250595498152
0.251762210062
0.253234532834
0.252110486275
0.250617928069
0.248152398773
0.246880334301
0.247301146989
0.248479486364
0.249530511779
0.249485148676
0.247903100734
0.24568923133
0.24358306334
0.242012429945
0.241973782196
0.242250158987
0.243666567398
0.244483445026
0.24464494323
0.243481813874
0.241936433061
0.240168457767
0.2393157629
0.239092557571
0.2410918822
0.24275444781
0.244030638178
0.242731729435
0.241469817723
0.239995058345
0.240308081034
0.241135964986
0.243534090561
0.244889553027
0.246579322242
0.246640064549
0.246697558272
0.243980300186
0.241963100926
0.239760753899
0.240719599605
0.241650490414
0.244030364785
0.24464062716
0.245174981497
0.24414140924
0.242260976338
0.239239852151
0.2374550079
0.237202969085
0.238386145058
0.239308002917
0.24075309492
0.242501532861
0.242365929954
0.242188620009
0.239842397781
0.238773976409
0.237502389775
0.23743356819
0.239522991015
0.24170702642
0.24338886454
0.243671423635
0.243392511587
0.243713971919
0.24217040678
0.241973833491
0.240991886257
0.242900822722
0.244058892815
0.246514976746
0.248585146166
0.248896448635
0.249346581636
0.247639445026
0.247287802594
0.247017730413
0.247156687865
0.247857852134
0.248721591127
0.249939544425
0.252722997622
0.252904082866
0.253250257804
0.249349422612
0.247726441055
0.244843010232
0.244520154021
0.243162345353
0.243328508519
0.244019144525
0.245297591757
0.247303932428
0.246633171003
0.24676272831
0.245761325796
0.246135990372
0.245825769222
0.246254930127
0.248876843597
0.252332564301
0.255426662818
0.258565277411
0.260753785928
0.262897318116
0.262663404174
0.261087494195
0.25980039639
0.25892259509
0.259892928611
0.259307694967
0.260384081313
0.260804673125
0.261847275939
0.26216094815
0.26181150312
0.261090042652
0.259673372576
0.25699919659
0.254484391329
0.251745766645
0.250942492984
0.251098517372
0.251870933088
0.253697949331
0.255860679752
0.257424213728
0.257824189201
0.256705244724
0.254470541404
0.252952380299
0.252165999631
0.251875313093
0.251329505823
0.251584357768
0.253570127637
0.254326619357
0.256616603141
0.257878589847
0.259461215495
0.25873446657
0.257486641513
0.256960713062
0.257132959458
0.258976507326
0.26020560543
0.262240408818
0.264129903006
0.266538287483
0.267851630193
0.268374256217
0.268619255725
0.267599196209
0.266300128903
0.263623980746
0.263073602756
0.262930493956
0.263943400907
0.263400086642
0.262669967598
0.263362776821
0.263550574648
0.264713910452
0.263295995104
0.262585765349
0.259170923205
0.257451846859
0.255628745352
0.255366156081
0.254824915381
0.255624758277
0.256222771321
0.257816422073
0.258318331522
0.259193683683
0.258967310715
0.257983172754
0.257094701328
0.256085910975
0.255607239529
0.254755236988
0.254163067142
0.253935370203
0.252778245716
0.252167667465
0.251719203327
0.251760861198
0.251039432624
0.251119690467
0.250402634461
0.251532363803
0.250551494821
0.250532377936
0.248226826599
0.247201535521
0.244986409738
0.242908755798
0.239834856912
0.238139585228
0.234858909953
0.234089001088
0.23101125773
0.22985985325
0.226502165815
0.223900623298
0.2215818289
0.218043356097
0.215908454595
0.213516036958
0.213564479539
0.21154108723
0.210645784541
0.206953074151
0.205793393598
0.203253933358
0.201999199091
END
