380.3
381.1
381.9
382.7
383.5
384.4
385.2
386.0
386.8
387.6
388.4
389.2
390.1
390.9
391.7
392.5
393.3
394.1
394.9
395.8
396.6
397.4
398.2
399.0
399.8
400.6
401.5
402.3
403.1
403.9
404.7
405.5
406.3
407.2
408.0
408.8
409.6
410.4
411.2
412.0
412.8
413.7
414.5
415.3
416.1
416.9
417.7
418.5
419.4
420.2
421.0
421.8
422.6
423.4
424.2
425.1
425.9
426.7
427.5
428.3
429.1
429.9
430.8
431.6
432.4
433.2
434.0
434.8
435.6
436.4
437.3
438.1
438.9
439.7
440.5
441.3
442.1
443.0
443.8
444.6
445.4
446.2
447.0
447.8
448.7
449.5
450.3
451.1
451.9
452.7
453.5
454.4
455.2
456.0
456.8
457.6
458.4
459.2
460.0
460.9
461.7
462.5
463.3
464.1
464.9
465.7
466.6
467.4
468.2
469.0
469.8
470.6
471.4
472.3
473.1
473.9
474.7
475.5
476.3
477.1
478.0
478.8
479.6
480.4
481.2
482.0
482.8
483.6
484.5
485.3
486.1
486.9
487.7
488.5
489.3
490.2
491.0
491.8
492.6
493.4
494.2
495.0
495.9
496.7
497.5
498.3
499.1
499.9
500.7
501.6
502.4
503.2
504.0
504.8
505.6
506.4
507.2
508.1
508.9
509.7
510.5
511.3
512.1
512.9
513.7
514.5
515.3
516.1
516.8
517.6
518.4
519.2
520.0
520.8
521.5
522.3
523.1
523.9
524.7
525.5
526.2
527.0
527.8
528.6
529.4
530.2
530.9
531.7
532.5
533.3
534.1
534.9
535.6
536.4
537.2
538.0
538.8
539.6
540.3
541.1
541.9
542.7
543.5
544.3
545.0
545.8
546.6
547.4
548.2
549.0
549.7
550.5
551.3
552.1
552.9
553.7
554.4
555.2
556.0
556.8
557.6
558.4
559.1
559.9
560.7
561.5
562.3
563.1
563.8
564.6
565.4
566.2
567.0
567.8
568.5
569.3
570.1
570.9
571.7
572.5
573.2
574.0
574.8
575.6
576.4
577.2
577.9
578.7
579.5
580.3
581.1
581.9
582.6
583.4
584.2
585.0
585.8
586.6
587.3
588.1
588.9
589.6
590.3
591.1
591.8
592.6
593.3
594.0
594.8
595.5
596.3
597.0
597.7
598.5
599.2
600.0
600.7
601.5
602.2
602.9
603.7
604.4
605.2
605.9
606.6
607.4
608.1
608.9
609.6
610.3
611.1
611.8
612.6
613.3
614.0
614.8
615.5
616.3
617.0
617.7
618.5
619.2
620.0
620.7
621.4
622.2
622.9
623.7
624.4
625.2
625.9
626.6
627.4
628.1
628.9
629.6
630.3
631.1
631.8
632.6
633.3
634.0
634.8
635.5
636.3
637.0
637.7
638.5
639.2
640.0
640.7
641.4
642.2
642.9
643.7
644.4
645.1
645.9
646.6
647.4
648.1
648.8
649.6
650.3
651.1
651.8
652.6
653.3
654.0
654.8
655.5
656.3
657.0
657.7
658.5
659.2
660.0
660.7
661.4
662.2
662.9
663.7
664.4
665.1
665.9
666.6
667.4
668.1
668.9
669.6
670.4
671.2
671.9
672.7
673.4
674.2
674.9
675.7
676.5
677.2
678.0
678.7
679.5
680.2
681.0
681.8
682.5
683.3
684.0
684.8
685.5
686.3
687.1
687.8
688.6
689.3
690.1
690.8
691.6
692.4
693.1
693.9
694.6
695.4
696.1
696.9
697.7
698.4
699.2
699.9
700.7
701.4
702.2
703.0
703.7
704.5
705.2
706.0
706.8
707.6
708.4
709.2
710.0
710.8
711.6
712.4
713.2
714.0
714.8
715.6
716.4
717.2
718.0
718.8
719.6
720.4
721.2
722.0
722.8
723.6
724.4
725.2
726.0
726.8
727.6
728.4
729.2
730.0
730.8
731.6
732.4
733.2
734.0
734.8
735.6
736.4
737.2
738.0
738.8
739.6
740.4
741.2
742.0
742.8
743.6
744.4
745.2
746.0
746.8
747.6
748.4
749.2
750.0
750.8
751.6
752.4
753.2
754.0
754.8
755.6
756.4
757.2
758.0
758.8
759.6
760.4
761.2
762.0
762.8
763.6
764.4
765.2
766.0
766.8
767.6
768.4
769.2
770.0
770.8
771.6
772.4
773.2
774.1
774.9
775.7
776.5
777.3
778.1
778.9
779.7
780.5
781.3
782.1
782.9
783.7
784.5
785.3
786.1
786.9
787.7
788.5
789.3
790.1
790.9
791.7
792.5
793.3
794.1
794.9
795.7
796.5
797.3
798.1
798.9
799.7
800.5
801.3
802.1
802.9
803.7
804.5
805.3
806.1
806.9
807.7
808.5
809.3
810.1
810.9
811.7
812.5
813.3
814.1
814.9
815.7
816.5
817.3
818.1
818.9
819.7
820.5
821.3
822.1
822.9
823.7
824.5
825.3
826.1
826.9
827.7
828.5
829.3
830.1
830.9
831.7
832.6
833.4
834.3
835.1
835.9
836.8
837.6
838.5
839.3
840.2
841.0
841.9
842.7
843.5
844.4
845.2
846.1
846.9
847.8
848.6
849.4
850.3
851.1
852.0
852.8
853.7
854.5
855.3
856.2
857.0
857.9
858.7
859.6
860.4
861.3
862.1
862.9
863.8
864.6
865.5
866.3
867.2
868.0
868.8
869.7
870.5
871.4
872.2
873.1
873.9
874.8
875.6
876.4
877.3
878.1
879.0
879.8
880.7
881.5
882.3
883.2
884.0
884.9
885.7
886.6
887.4
888.2
889.1
889.9
890.8
891.6
892.5
893.3
894.2
895.0
895.8
896.7
897.5
898.4
899.2
NEXT_SERIES
0.655514734666
0.663862288415
0.673307469355
0.671097147075
0.669951176335
0.674067926347
0.685256970218
0.701755857515
0.719475880822
0.737309001359
0.752658614432
0.769865735481
0.788825866884
0.810890025251
0.834087422598
0.858994165529
0.880677228843
0.901374008105
0.915628214537
0.925993649864
0.933127778969
0.935352771914
0.933832148935
0.928783881811
0.921906161058
0.913827494566
0.904953524593
0.894383056417
0.884920802617
0.873899717917
0.868074062804
0.861349903661
0.856851854702
0.8507069037
0.846934555988
0.843526019523
0.841956528013
0.84251294074
0.842193546579
0.84288905406
0.842741571756
0.845301441044
0.849393875934
0.852507385858
0.855257497124
0.857339290112
0.86261564834
0.867048472526
0.868838754872
0.870514214446
0.871563715388
0.87485509727
0.874783270778
0.876710356952
0.876718742581
0.877757953074
0.878763947964
0.88066465398
0.882587035195
0.88219614335
0.882610314508
0.882176037495
0.883269074177
0.882199551112
0.880614448495
0.878798893792
0.877180571304
0.874938829765
0.873276310872
0.870280136297
0.868295774947
0.863432601624
0.860045742618
0.854777887246
0.850175194812
0.846142449612
0.843779629891
0.84026179774
0.837054382879
0.832926153334
0.829559885858
0.825416615422
0.82240866636
0.819854004955
0.818042826231
0.814067405419
0.810163330484
0.805881634102
0.803914799539
0.801681866587
0.800351473786
0.797834345285
0.795080762591
0.791207811295
0.788483826066
0.787253894611
0.784648027311
0.780062062248
0.775837888825
0.774505202865
0.774412725549
0.772597446796
0.771745019002
0.772289594342
0.775384279556
0.774360127776
0.774214577732
0.773731461652
0.774491069027
0.775754407796
0.775402561832
0.777368788028
0.778523386883
0.780471278895
0.782929431621
0.783682514659
0.784127619096
0.784134958048
0.788734146396
0.792200602078
0.794117887657
0.792951111036
0.797478683893
0.801421386001
0.804520637252
0.806619280523
0.809986889949
0.814626888938
0.817608124571
0.820755749843
0.824607585191
0.82671213312
0.82829140101
0.831184349898
0.834566542284
0.838798916209
0.841337072059
0.844471530628
0.848219227047
0.852016716305
0.857328384199
0.860513019274
0.864438729664
0.865147224608
0.867931115394
0.870709534656
0.875928940538
0.879473101492
0.87925159663
0.881198869613
0.881433796041
0.883641096788
0.882662721343
0.882665962513
0.882203971598
0.881490862297
0.880356080051
0.876654922147
0.875129876699
0.873949508158
0.875524488413
0.874976970323
0.873810937296
0.873051613126
0.870854931072
0.868943336714
0.866038928645
0.861211348958
0.859088230237
0.855591432095
0.855348705019
0.85205313159
0.848500903194
0.844980257087
0.842290920749
0.840924582037
0.839060873134
0.838496911735
0.837456837751
0.838284820708
0.83683854607
0.836140353538
0.832746633055
0.830796207113
0.828313074146
0.825794850655
0.820869481583
0.815181746069
0.81097071383
0.807595661954
0.806203339459
0.802947283696
0.801085797022
0.797479412673
0.795377913955
0.792714156913
0.791368296754
0.789071733404
0.786007345529
0.781644904833
0.776932175973
0.773551096884
0.770699384677
0.766966741587
0.761566750658
0.755664726696
0.749844931739
0.742921180836
0.735731112613
0.730627260034
0.725544376528
0.720638030583
0.713985594719
0.708618655986
0.703717811286
0.698447919646
0.693162863481
0.687525451921
0.682636150101
0.678549056174
0.672588065398
0.665469815529
0.657309565128
0.650341385535
0.643563956045
0.63664283604
0.630992236499
0.624685254832
0.618743075831
0.611592350275
0.605465409719
0.59963131113
0.593033395107
0.586540864878
0.57960912774
0.574284243498
0.569385143099
0.562844553676
0.556937994395
0.550169577326
0.545006476817
0.538150558744
0.532057707123
0.525560298759
0.519809250723
0.51323847704
0.506879472984
0.500175307484
0.493355353401
0.487324343149
0.481712629739
0.477441734221
0.472322597115
0.466456466577
0.461417754326
0.456051159828
0.45262774947
0.447429533364
0.442851455532
0.437452806634
0.432077914552
0.42738214421
0.422128740746
0.418152838471
0.412800440143
0.407521899966
0.402232381316
0.398569922966
0.394252478122
0.389673309507
0.385221967191
0.381938937477
0.379084891127
0.376527910488
0.374041057469
0.371964288153
0.36961891022
0.367704748166
0.365862480112
0.365047186987
0.364482083239
0.362566378016
0.359171636936
0.355546759904
0.353278220884
0.350738226004
0.347617308921
0.344570728352
0.342194501895
0.34100581362
0.338784904676
0.337344139276
0.334343623355
0.332608951379
0.330306883893
0.331239559847
0.330442821583
0.33062185822
0.328856653756
0.330212393797
0.331249081486
0.332077685318
0.331576628689
0.330151646041
0.329614974069
0.329884673346
0.329870564744
0.328242408107
0.325677287105
0.323484316492
0.322695151958
0.321627673911
0.319779613186
0.317556636027
0.314985238578
0.313302238262
0.312284328909
0.311340261349
0.309729802414
0.307360350243
0.306372115009
0.306516301288
0.307843500374
0.306745124104
0.306449370858
0.304114419135
0.303725639108
0.302347870943
0.302882875966
0.301154187477
0.300572877819
0.297577840404
0.297299302285
0.295406590725
0.296028088608
0.294081907429
0.294139757059
0.291057313648
0.291098786981
0.288614910358
0.290085738027
0.29001312876
0.292430177685
0.291436507001
0.292330291682
0.291309894212
0.29337297359
0.29369737318
0.294280728017
0.294634320324
0.29417528958
0.296273833286
0.297390855048
0.301503274323
0.302784491402
0.305086332376
0.304502704879
0.306535730862
0.307653975659
0.312418153849
0.315792547874
0.319152755791
0.320563282157
0.3234245895
0.328123089312
0.333473204764
0.339238667415
0.342874238498
0.346238758001
0.349110393783
0.354559040386
0.36012987371
0.366201126063
0.371114755387
0.37391985935
0.375163134405
0.377213807769
0.380461505438
0.384099620666
0.386939338063
0.388919025039
0.388222466463
0.385252652058
0.382477491838
0.381523352776
0.381330170416
0.381044911969
0.378248814219
0.374065372622
0.368409858719
0.36297471282
0.360379577572
0.356564739338
0.353442651216
0.345887189507
0.339325786389
0.331750816294
0.325914946373
0.322694797571
0.319027626483
0.316008793192
0.31048355497
0.306057463568
0.299727765437
0.294384058544
0.290407130779
0.2887069372
0.288568799549
0.286046983267
0.283030665038
0.276536293979
0.272598288127
0.268981488001
0.268904060412
0.269416559587
0.268665993644
0.266226931154
0.262542455286
0.260637663353
0.259539598312
0.258937902119
0.260148492699
0.260478057621
0.261292619396
0.259775701783
0.258452922151
0.256768063838
0.25616447322
0.257321238041
0.259236668112
0.260621712421
0.260973304326
0.260168153257
0.258198046435
0.255605567565
0.254448943886
0.254362853102
0.257020730589
0.257852644703
0.259230594593
0.257741773816
0.25586616861
0.253702369755
0.252550659327
0.253352686899
0.254477333444
0.255131958736
0.255116745787
0.253360682309
0.25179001125
0.249821490244
0.248762329889
0.247823141616
0.248233622747
0.248937269689
0.250102362463
0.249797692264
0.249114431617
0.247809955813
0.246443030153
0.245665536283
0.245516767416
0.246993862141
0.248823249222
0.249254669118
0.248441030319
0.247012790012
0.246444735966
0.246392732947
0.247027903644
0.248623502969
0.250936837451
0.252217610751
0.252488878676
0.251065378413
0.248463017435
0.24692098938
0.245431689864
0.246801100037
0.247880927925
0.250025196786
0.250000742256
0.250315874165
0.249357878843
0.248144968962
0.245122183292
0.243003368796
0.242509356179
0.243194416854
0.244160574013
0.245212271389
0.246820848301
0.24689215496
0.246777360593
0.245351393509
0.244577863383
0.243792883938
0.243788157767
0.24550743652
0.247352841149
0.248327935045
0.249068739883
0.249206860836
0.249610525668
0.24799002833
0.247594216215
0.246403972977
0.24820887258
0.24919025161
0.252007544397
0.253502489987
0.254284880403
0.254632495933
0.253868759657
0.253235920713
0.25269209215
0.252810313444
0.253667455234
0.255420858084
0.256389310044
0.258971765925
0.259303326883
0.260084715641
0.256905197448
0.25481500658
0.252015174484
0.251639622485
0.250223722998
0.250229092324
0.25070421348
0.252313645145
0.253992446958
0.253687102271
0.254011801976
0.252860747564
0.253006056223
0.253208658856
0.254507332397
0.257168033437
0.26012715786
0.263692602259
0.266508123542
0.269145400287
0.271147474157
0.271053316132
0.269412292789
0.26837038227
0.267621786783
0.268204262873
0.267807220418
0.269629819152
0.270577896797
0.271720752237
0.271595142747
0.271240183898
0.270410857222
0.269280353953
0.266675800374
0.263746981468
0.261492655287
0.260745402157
0.26104006326
0.261480180667
0.263475165194
0.265910467266
0.267134099189
0.267391263885
0.266024727414
0.264337610677
0.263063120295
0.262020401438
0.261770280133
0.261413358063
0.262257452975
0.263468001165
0.263437356808
0.265527192128
0.267658146941
0.269843028734
0.270124483579
0.26949747069
0.269073936329
0.268910106243
0.269385618569
0.270409429858
0.272323355106
0.274792961486
0.278130791972
0.279577337106
0.280403009889
0.280203645506
0.27939055295
0.278948917834
0.277217540823
0.276306863847
0.27515913696
0.274965950981
0.274710834892
0.274802162142
0.275257989632
0.275665153165
0.276055301717
0.275471452516
0.274204678099
0.272030124641
0.271042600379
0.269455175813
0.269126620503
0.268744809264
0.268594584096
0.268927725853
0.268760536114
0.270180464966
0.270370531627
0.270645461261
0.270329208633
0.269837750348
0.269331214416
0.268414157509
0.26807356714
0.267406738013
0.266426541225
0.264523239526
0.263552667172
0.263313196678
0.263255712434
0.263370815792
0.264204965186
0.263708764659
0.263602388834
0.262973108002
0.26334834383
0.262500210921
0.261195085035
0.259326109728
0.256787420861
0.254140894963
0.252443977409
0.249882860778
0.246752865247
0.243322037367
0.240759765895
0.238824286239
0.235752172512
0.234195258137
0.231222904969
0.229962951088
0.227419312088
0.2266189837
0.224261236813
0.222553107268
0.219380334046
0.217816797874
0.214927915071
0.213266460596
END
