380.3
381.1
381.9
382.7
383.5
384.4
385.2
386.0
386.8
387.6
388.4
389.2
390.1
390.9
391.7
392.5
393.3
394.1
394.9
395.8
396.6
397.4
398.2
399.0
399.8
400.6
401.5
402.3
403.1
403.9
404.7
405.5
406.3
407.2
408.0
408.8
409.6
410.4
411.2
412.0
412.8
413.7
414.5
415.3
416.1
416.9
417.7
418.5
419.4
420.2
421.0
421.8
422.6
423.4
424.2
425.1
425.9
426.7
427.5
428.3
429.1
429.9
430.8
431.6
432.4
433.2
434.0
434.8
435.6
436.4
437.3
438.1
438.9
439.7
440.5
441.3
442.1
443.0
443.8
444.6
445.4
446.2
447.0
447.8
448.7
449.5
450.3
451.1
451.9
452.7
453.5
454.4
455.2
456.0
456.8
457.6
458.4
459.2
460.0
460.9
461.7
462.5
463.3
464.1
464.9
465.7
466.6
467.4
468.2
469.0
469.8
470.6
471.4
472.3
473.1
473.9
474.7
475.5
476.3
477.1
478.0
478.8
479.6
480.4
481.2
482.0
482.8
483.6
484.5
485.3
486.1
486.9
487.7
488.5
489.3
490.2
491.0
491.8
492.6
493.4
494.2
495.0
495.9
496.7
497.5
498.3
499.1
499.9
500.7
501.6
502.4
503.2
504.0
504.8
505.6
506.4
507.2
508.1
508.9
509.7
510.5
511.3
512.1
512.9
513.7
514.5
515.3
516.1
516.8
517.6
518.4
519.2
520.0
520.8
521.5
522.3
523.1
523.9
524.7
525.5
526.2
527.0
527.8
528.6
529.4
530.2
530.9
531.7
532.5
533.3
534.1
534.9
535.6
536.4
537.2
538.0
538.8
539.6
540.3
541.1
541.9
542.7
543.5
544.3
545.0
545.8
546.6
547.4
548.2
549.0
549.7
550.5
551.3
552.1
552.9
553.7
554.4
555.2
556.0
556.8
557.6
558.4
559.1
559.9
560.7
561.5
562.3
563.1
563.8
564.6
565.4
566.2
567.0
567.8
568.5
569.3
570.1
570.9
571.7
572.5
573.2
574.0
574.8
575.6
576.4
577.2
577.9
578.7
579.5
580.3
581.1
581.9
582.6
583.4
584.2
585.0
585.8
586.6
587.3
588.1
588.9
589.6
590.3
591.1
591.8
592.6
593.3
594.0
594.8
595.5
596.3
597.0
597.7
598.5
599.2
600.0
600.7
601.5
602.2
602.9
603.7
604.4
605.2
605.9
606.6
607.4
608.1
608.9
609.6
610.3
611.1
611.8
612.6
613.3
614.0
614.8
615.5
616.3
617.0
617.7
618.5
619.2
620.0
620.7
621.4
622.2
622.9
623.7
624.4
625.2
625.9
626.6
627.4
628.1
628.9
629.6
630.3
631.1
631.8
632.6
633.3
634.0
634.8
635.5
636.3
637.0
637.7
638.5
639.2
640.0
640.7
641.4
642.2
642.9
643.7
644.4
645.1
645.9
646.6
647.4
648.1
648.8
649.6
650.3
651.1
651.8
652.6
653.3
654.0
654.8
655.5
656.3
657.0
657.7
658.5
659.2
660.0
660.7
661.4
662.2
662.9
663.7
664.4
665.1
665.9
666.6
667.4
668.1
668.9
669.6
670.4
671.2
671.9
672.7
673.4
674.2
674.9
675.7
676.5
677.2
678.0
678.7
679.5
680.2
681.0
681.8
682.5
683.3
684.0
684.8
685.5
686.3
687.1
687.8
688.6
689.3
690.1
690.8
691.6
692.4
693.1
693.9
694.6
695.4
696.1
696.9
697.7
698.4
699.2
699.9
700.7
701.4
702.2
703.0
703.7
704.5
705.2
706.0
706.8
707.6
708.4
709.2
710.0
710.8
711.6
712.4
713.2
714.0
714.8
715.6
716.4
717.2
718.0
718.8
719.6
720.4
721.2
722.0
722.8
723.6
724.4
725.2
726.0
726.8
727.6
728.4
729.2
730.0
730.8
731.6
732.4
733.2
734.0
734.8
735.6
736.4
737.2
738.0
738.8
739.6
740.4
741.2
742.0
742.8
743.6
744.4
745.2
746.0
746.8
747.6
748.4
749.2
750.0
750.8
751.6
752.4
753.2
754.0
754.8
755.6
756.4
757.2
758.0
758.8
759.6
760.4
761.2
762.0
762.8
763.6
764.4
765.2
766.0
766.8
767.6
768.4
769.2
770.0
770.8
771.6
772.4
773.2
774.1
774.9
775.7
776.5
777.3
778.1
778.9
779.7
780.5
781.3
782.1
782.9
783.7
784.5
785.3
786.1
786.9
787.7
788.5
789.3
790.1
790.9
791.7
792.5
793.3
794.1
794.9
795.7
796.5
797.3
798.1
798.9
799.7
800.5
801.3
802.1
802.9
803.7
804.5
805.3
806.1
806.9
807.7
808.5
809.3
810.1
810.9
811.7
812.5
813.3
814.1
814.9
815.7
816.5
817.3
818.1
818.9
819.7
820.5
821.3
822.1
822.9
823.7
824.5
825.3
826.1
826.9
827.7
828.5
829.3
830.1
830.9
831.7
832.6
833.4
834.3
835.1
835.9
836.8
837.6
838.5
839.3
840.2
841.0
841.9
842.7
843.5
844.4
845.2
846.1
846.9
847.8
848.6
849.4
850.3
851.1
852.0
852.8
853.7
854.5
855.3
856.2
857.0
857.9
858.7
859.6
860.4
861.3
862.1
862.9
863.8
864.6
865.5
866.3
867.2
868.0
868.8
869.7
870.5
871.4
872.2
873.1
873.9
874.8
875.6
876.4
877.3
878.1
879.0
879.8
880.7
881.5
882.3
883.2
884.0
884.9
885.7
886.6
887.4
888.2
889.1
889.9
890.8
891.6
892.5
893.3
894.2
895.0
895.8
896.7
897.5
898.4
899.2
NEXT_SERIES
0.28815805587
0.287870000905
0.284623919813
0.282603869323
0.282358736971
0.28580651192
0.290146882811
0.297988721229
0.307790533798
0.321265044634
0.333579573384
0.34737101158
0.361528249111
0.377606580264
0.393108983661
0.4083954808
0.421913534041
0.433713427546
0.441999385186
0.446312760041
0.447868633625
0.445307221057
0.442409428411
0.437745631506
0.433060592626
0.424525339404
0.418069774734
0.410127567055
0.405054121749
0.398363296922
0.393647010814
0.389592675239
0.386134776571
0.385135027796
0.384775859479
0.384526315897
0.383920002441
0.38521519635
0.386751230865
0.38846494286
0.389529080386
0.391402775965
0.39370291585
0.396480094035
0.399744888527
0.402450377401
0.404582257915
0.406452995284
0.408583781202
0.409809825233
0.4116517543
0.412143434754
0.412782500056
0.412173914824
0.413473003079
0.413885997413
0.414423396543
0.415148200712
0.415558664384
0.414785416049
0.413132263647
0.411905350497
0.410621280487
0.408787220178
0.407444239471
0.406895757168
0.404891844646
0.402715618421
0.400054541439
0.398350371743
0.395611246275
0.393360193109
0.390601947511
0.387212464594
0.383961863727
0.381276132379
0.379196234605
0.377137206904
0.374795981425
0.37303372556
0.370654820157
0.368438664977
0.366242323391
0.36473052807
0.362818260253
0.361123120066
0.359739637288
0.358340725227
0.357229713606
0.355788415003
0.354820255891
0.354340549858
0.35370829454
0.352741563889
0.350623721891
0.348195812931
0.346367531509
0.345100494926
0.344590961019
0.343654753108
0.343310719856
0.342231876822
0.341946937962
0.34253587274
0.343125815079
0.344063443179
0.344268709067
0.345286509865
0.345180318865
0.34513798644
0.345447373164
0.346908659636
0.348394022235
0.349842976755
0.35165617749
0.353966540391
0.355216919065
0.356554933656
0.357535505026
0.358977849855
0.360358636549
0.362077887284
0.364593351971
0.366131823852
0.368513446102
0.370345794669
0.373028274629
0.374714177171
0.377615521532
0.380589615514
0.383852814216
0.385452720158
0.387433543835
0.388758330644
0.39081009799
0.392780388161
0.39588377057
0.398720313077
0.401047199859
0.403021705071
0.405674438435
0.409071673003
0.411952426815
0.413532695936
0.415772104686
0.417738249448
0.420554757575
0.422876672658
0.42553602626
0.429142793678
0.430989581604
0.433429278373
0.433994756429
0.434999943495
0.436066751366
0.436793463745
0.438661142105
0.43872853478
0.439970925791
0.441490207874
0.444030720874
0.446643984551
0.447409446044
0.44783950188
0.448456651346
0.449719765378
0.451098588998
0.45072082664
0.4497471178
0.448738555337
0.449358976763
0.450663130868
0.451213650213
0.45178425197
0.451751913314
0.452355955011
0.451644752825
0.451697838145
0.452652438146
0.453527405668
0.453952104895
0.453119689988
0.451916908099
0.450161908072
0.448924196172
0.448320644373
0.446335282304
0.444881222007
0.444069345482
0.443378154917
0.442425121487
0.441369179278
0.441127219624
0.439333446417
0.437147303344
0.436017416668
0.435183970004
0.434247525513
0.431872816789
0.430299508962
0.428565701465
0.427148728612
0.424647192303
0.421541786047
0.418201732937
0.414882360362
0.411263374699
0.407521771434
0.403579306941
0.400438417418
0.396808057671
0.393512882605
0.389580580211
0.387673793938
0.385109783058
0.382062339646
0.378372505752
0.37510616969
0.372841634141
0.369412652212
0.364686137261
0.360259697082
0.356311851043
0.35302518922
0.348403121072
0.343251154094
0.338511071818
0.334302604327
0.330478030395
0.326230918771
0.321704422428
0.317463485733
0.313989528682
0.310167044621
0.306296341741
0.30179739224
0.29818057257
0.293840415336
0.28964033463
0.285438610736
0.281332005202
0.276451570419
0.271655838053
0.266710814099
0.262595362952
0.257891145629
0.253508018803
0.249174262794
0.244589058331
0.239801276258
0.235675891133
0.232049728441
0.228634190088
0.224141635164
0.220419933864
0.216351142694
0.213845203992
0.209677903128
0.206463829311
0.20167978756
0.19813114154
0.194052255672
0.19020709801
0.186909517094
0.183294067377
0.179953309665
0.176361354053
0.173093922328
0.169779791197
0.166540965818
0.163773305824
0.16077972389
0.15781602546
0.155727924805
0.153978199296
0.152260163964
0.149143541438
0.146697749264
0.144567557595
0.143999020389
0.143090212341
0.141028309674
0.137764029985
0.134894583319
0.133340918222
0.13217511953
0.129411310611
0.12677947859
0.124357343767
0.123802030099
0.121631531366
0.11939951731
0.11645588197
0.115286371245
0.113696371275
0.113350799562
0.111591086848
0.11070921628
0.108894001752
0.109021019446
0.108472487517
0.108265458501
0.106880691931
0.106290798614
0.105532336915
0.105689920254
0.104339882635
0.102241424325
0.0997898713073
0.0987657156509
0.0983604610235
0.0975507999559
0.0958751765628
0.0940777941116
0.0918213112354
0.0904582003758
0.0898651873952
0.0900931709063
0.0884496025851
0.0869879307112
0.0852352366212
0.0857596260553
0.0856936244015
0.0852769455654
0.0837474181508
0.0826884415675
0.0825429610097
0.082597706853
0.0825974980965
0.0810660146636
0.0804855282221
0.0791815040709
0.079436805183
0.0786168205045
0.078131523785
0.0767015662049
0.0766260323645
0.0752748706457
0.0749978297128
0.0737176340119
0.0743983904704
0.0738217760016
0.0739531524139
0.0731852002742
0.0734366107138
0.073276985144
0.0730560265476
0.0730054856711
0.0717666000337
0.0713060414036
0.0699666091716
0.0705332786484
0.0710746381049
0.072199279915
0.071930414283
0.0713670054456
0.0703928910514
0.0705270882828
0.0704056641049
0.071167090659
0.0710279228164
0.0707043096622
0.0699021774243
0.0699441960495
0.0711731600575
0.0725687349537
0.0738424283369
0.0735152263549
0.0736107337608
0.0737577926048
0.0754849189663
0.0768433679041
0.0781552395686
0.0787442517919
0.0784944294183
0.0779815400021
0.0778176668138
0.0784704366988
0.0793166446692
0.0802076439119
0.080233332335
0.0794365330676
0.077629287745
0.0769670054664
0.077585011788
0.0784158863961
0.0786411014667
0.0771255791159
0.0752434551914
0.0734637175856
0.0725274061755
0.0735275297468
0.0732616115804
0.0735724426958
0.0720097927567
0.0712477488997
0.0698542247062
0.0689113672822
0.0689124156503
0.0684096985274
0.0689208461319
0.0682863582515
0.0678278669806
0.0660406353452
0.0649568761792
0.0651076236865
0.0654300211128
0.0665040307858
0.0651224776406
0.0643624169011
0.0619342633247
0.0611253023617
0.0602485315902
0.060883130925
0.0615978892536
0.0615603908176
0.0606647307159
0.0592123010331
0.0586699696671
0.0583249914938
0.058327322736
0.0595998028655
0.0600688226528
0.0616290227608
0.0609324788732
0.061392779928
0.0605640102785
0.0605915786193
0.0609700321792
0.0621556936552
0.0633592990505
0.0635063877511
0.0633955800023
0.0621526562362
0.0613186823737
0.0611063533092
0.0616516263924
0.0629635479499
0.0631437538322
0.0633316450662
0.0622651671461
0.061626323769
0.0607541660371
0.0605606059945
0.0606562178616
0.0612900503296
0.0616259726161
0.0618414286452
0.0615432607841
0.0609794722696
0.0599418930895
0.059399015922
0.0586799591388
0.0588193111183
0.0591055214966
0.0606014895055
0.0608454185732
0.0608812249979
0.0599421744144
0.0592232731019
0.0584665523374
0.0583714733528
0.0596295657498
0.0606807217016
0.0616312100413
0.060704446673
0.0605540071973
0.059681757468
0.0600487603212
0.0600863664393
0.0613244996898
0.0625072235487
0.0635846989643
0.0635571420893
0.0632330691477
0.061875355781
0.0607754524097
0.0601539190067
0.0607386709402
0.0617867454285
0.0627234577266
0.0635836800717
0.0637267114569
0.0634919602145
0.0621055458249
0.0613054583687
0.0607381114641
0.0608905425556
0.0610827833944
0.061768917186
0.0624626908414
0.0632982712107
0.062894287775
0.0627585573536
0.0616691551746
0.0616027859405
0.0617201522681
0.0622614502045
0.0636453841752
0.0639495059593
0.0651844549434
0.0652168195652
0.0650480760566
0.0645940845201
0.0633688413555
0.0640042068339
0.0638546262524
0.064780020269
0.0652936618519
0.0662803088698
0.0675779999866
0.0674999718193
0.0673955461916
0.0661031013852
0.0660376234309
0.0658351673665
0.0668134261651
0.0675924313407
0.0686111920466
0.0684335169515
0.0688582895929
0.068621638357
0.0687955225116
0.0675104704231
0.0670760822173
0.0660857295152
0.0660657336319
0.0653970616768
0.0657474853276
0.0658308100153
0.0660913595019
0.0668757032927
0.0667375234206
0.0672418250514
0.0671089623713
0.0670989797209
0.0669282609389
0.0669943815573
0.0689200099632
0.0709754665056
0.0724259506917
0.0733734767552
0.0740838405634
0.0753884313638
0.0755180217632
0.0749762071379
0.0743887953741
0.0741761799972
0.0740062206365
0.0729014226155
0.0725295572916
0.0733835009002
0.0742969627449
0.0749811158974
0.0745781264442
0.0745430534044
0.0742086292322
0.0721856635194
0.0703419767261
0.0680876820213
0.0686407241737
0.0696902967825
0.07083686759
0.0721174292548
0.0723503154685
0.073414435776
0.0733705818207
0.0735442184968
0.073032204119
0.0725508952664
0.0722848584006
0.0724929194837
0.0725158168088
0.0730538878067
0.0735179494394
0.0737973037286
0.0744970201571
0.0748561095395
0.0756136440834
0.0759020672045
0.0756190906223
0.0757602781057
0.0746124114849
0.0753875469785
0.0753435139891
0.0771908094048
0.0778635803367
0.079740179862
0.0801919721031
0.0808479600953
0.0803129868344
0.080070165157
0.0795138133606
0.0786787411186
0.0781652027146
0.0777871546922
0.077361736879
0.0770034611153
0.0768823590534
0.0779487170309
0.0781956821677
0.0780303127536
0.0767788223495
0.0761645280477
0.0752142421091
0.0749600976188
0.0737645803612
0.0734672762799
0.0731029959751
0.0738846489587
0.0743691469627
0.0745365557224
0.0744245989608
0.0739530012075
0.0743048210884
0.0738585510219
0.0735384943283
0.0723366323394
0.0720438084209
0.0723822373009
0.0726043160709
0.0725916989845
0.0711114514719
0.0701842636012
0.0695531257489
0.0694045921781
0.0690161264324
0.0685137264967
0.0682414822233
0.0684270752862
0.0688437458196
0.0680381947555
0.0671019033872
0.0660566884088
0.0656441668225
0.0646450314644
0.0633445041606
0.0624338518556
0.0605598411474
0.0591694575895
0.0577788036629
0.0565613782872
0.0551794918356
0.053369114476
0.0522186996456
0.0513833188718
0.051173698928
0.0506178928305
0.0496124666618
0.0489701329853
0.0485894730869
0.0466847188832
0.0453274756993
0.0447244616413
0.0448134425503
END
