380.3
381.1
381.9
382.7
383.5
384.4
385.2
386.0
386.8
387.6
388.4
389.2
390.1
390.9
391.7
392.5
393.3
394.1
394.9
395.8
396.6
397.4
398.2
399.0
399.8
400.6
401.5
402.3
403.1
403.9
404.7
405.5
406.3
407.2
408.0
408.8
409.6
410.4
411.2
412.0
412.8
413.7
414.5
415.3
416.1
416.9
417.7
418.5
419.4
420.2
421.0
421.8
422.6
423.4
424.2
425.1
425.9
426.7
427.5
428.3
429.1
429.9
430.8
431.6
432.4
433.2
434.0
434.8
435.6
436.4
437.3
438.1
438.9
439.7
440.5
441.3
442.1
443.0
443.8
444.6
445.4
446.2
447.0
447.8
448.7
449.5
450.3
451.1
451.9
452.7
453.5
454.4
455.2
456.0
456.8
457.6
458.4
459.2
460.0
460.9
461.7
462.5
463.3
464.1
464.9
465.7
466.6
467.4
468.2
469.0
469.8
470.6
471.4
472.3
473.1
473.9
474.7
475.5
476.3
477.1
478.0
478.8
479.6
480.4
481.2
482.0
482.8
483.6
484.5
485.3
486.1
486.9
487.7
488.5
489.3
490.2
491.0
491.8
492.6
493.4
494.2
495.0
495.9
496.7
497.5
498.3
499.1
499.9
500.7
501.6
502.4
503.2
504.0
504.8
505.6
506.4
507.2
508.1
508.9
509.7
510.5
511.3
512.1
512.9
513.7
514.5
515.3
516.1
516.8
517.6
518.4
519.2
520.0
520.8
521.5
522.3
523.1
523.9
524.7
525.5
526.2
527.0
527.8
528.6
529.4
530.2
530.9
531.7
532.5
533.3
534.1
534.9
535.6
536.4
537.2
538.0
538.8
539.6
540.3
541.1
541.9
542.7
543.5
544.3
545.0
545.8
546.6
547.4
548.2
549.0
549.7
550.5
551.3
552.1
552.9
553.7
554.4
555.2
556.0
556.8
557.6
558.4
559.1
559.9
560.7
561.5
562.3
563.1
563.8
564.6
565.4
566.2
567.0
567.8
568.5
569.3
570.1
570.9
571.7
572.5
573.2
574.0
574.8
575.6
576.4
577.2
577.9
578.7
579.5
580.3
581.1
581.9
582.6
583.4
584.2
585.0
585.8
586.6
587.3
588.1
588.9
589.6
590.3
591.1
591.8
592.6
593.3
594.0
594.8
595.5
596.3
597.0
597.7
598.5
599.2
600.0
600.7
601.5
602.2
602.9
603.7
604.4
605.2
605.9
606.6
607.4
608.1
608.9
609.6
610.3
611.1
611.8
612.6
613.3
614.0
614.8
615.5
616.3
617.0
617.7
618.5
619.2
620.0
620.7
621.4
622.2
622.9
623.7
624.4
625.2
625.9
626.6
627.4
628.1
628.9
629.6
630.3
631.1
631.8
632.6
633.3
634.0
634.8
635.5
636.3
637.0
637.7
638.5
639.2
640.0
640.7
641.4
642.2
642.9
643.7
644.4
645.1
645.9
646.6
647.4
648.1
648.8
649.6
650.3
651.1
651.8
652.6
653.3
654.0
654.8
655.5
656.3
657.0
657.7
658.5
659.2
660.0
660.7
661.4
662.2
662.9
663.7
664.4
665.1
665.9
666.6
667.4
668.1
668.9
669.6
670.4
671.2
671.9
672.7
673.4
674.2
674.9
675.7
676.5
677.2
678.0
678.7
679.5
680.2
681.0
681.8
682.5
683.3
684.0
684.8
685.5
686.3
687.1
687.8
688.6
689.3
690.1
690.8
691.6
692.4
693.1
693.9
694.6
695.4
696.1
696.9
697.7
698.4
699.2
699.9
700.7
701.4
702.2
703.0
703.7
704.5
705.2
706.0
706.8
707.6
708.4
709.2
710.0
710.8
711.6
712.4
713.2
714.0
714.8
715.6
716.4
717.2
718.0
718.8
719.6
720.4
721.2
722.0
722.8
723.6
724.4
725.2
726.0
726.8
727.6
728.4
729.2
730.0
730.8
731.6
732.4
733.2
734.0
734.8
735.6
736.4
737.2
738.0
738.8
739.6
740.4
741.2
742.0
742.8
743.6
744.4
745.2
746.0
746.8
747.6
748.4
749.2
750.0
750.8
751.6
752.4
753.2
754.0
754.8
755.6
756.4
757.2
758.0
758.8
759.6
760.4
761.2
762.0
762.8
763.6
764.4
765.2
766.0
766.8
767.6
768.4
769.2
770.0
770.8
771.6
772.4
773.2
774.1
774.9
775.7
776.5
777.3
778.1
778.9
779.7
780.5
781.3
782.1
782.9
783.7
784.5
785.3
786.1
786.9
787.7
788.5
789.3
790.1
790.9
791.7
792.5
793.3
794.1
794.9
795.7
796.5
797.3
798.1
798.9
799.7
800.5
801.3
802.1
802.9
803.7
804.5
805.3
806.1
806.9
807.7
808.5
809.3
810.1
810.9
811.7
812.5
813.3
814.1
814.9
815.7
816.5
817.3
818.1
818.9
819.7
820.5
821.3
822.1
822.9
823.7
824.5
825.3
826.1
826.9
827.7
828.5
829.3
830.1
830.9
831.7
832.6
833.4
834.3
835.1
835.9
836.8
837.6
838.5
839.3
840.2
841.0
841.9
842.7
843.5
844.4
845.2
846.1
846.9
847.8
848.6
849.4
850.3
851.1
852.0
852.8
853.7
854.5
855.3
856.2
857.0
857.9
858.7
859.6
860.4
861.3
862.1
862.9
863.8
864.6
865.5
866.3
867.2
868.0
868.8
869.7
870.5
871.4
872.2
873.1
873.9
874.8
875.6
876.4
877.3
878.1
879.0
879.8
880.7
881.5
882.3
883.2
884.0
884.9
885.7
886.6
887.4
888.2
889.1
889.9
890.8
891.6
892.5
893.3
894.2
895.0
895.8
896.7
897.5
898.4
899.2
NEXT_SERIES
0.307719205923
0.311554323463
0.315755074898
0.319946257402
0.321117118119
0.323689443178
0.329756905158
0.338722730422
0.348925567358
0.360430480379
0.372194181648
0.385415840148
0.398847207702
0.413893801173
0.429601974689
0.444921959345
0.459653954456
0.471333430049
0.479951100363
0.484481926828
0.487600306002
0.486525545286
0.484221203319
0.478336796129
0.473287688948
0.466001212912
0.459653625808
0.452295976719
0.445374213174
0.438921043104
0.433148463137
0.42784526228
0.422407558183
0.41951949337
0.41794006966
0.416703904269
0.414782456813
0.414188618269
0.414339862427
0.415200366165
0.415336506163
0.416070790399
0.416821350837
0.417826440436
0.419646315436
0.41964365273
0.421012532867
0.420905736139
0.421765748518
0.421509259757
0.420756896948
0.421446259873
0.420989540727
0.421096466548
0.420668058627
0.419386224801
0.41921711688
0.419552374495
0.419973160561
0.418631778054
0.416358172388
0.414751634048
0.414240242947
0.413401424381
0.413210812265
0.413336580837
0.412036775449
0.409773227967
0.406981221327
0.405613296484
0.405015941327
0.403541421184
0.402273132097
0.399921682068
0.397953822463
0.39456722203
0.392415573961
0.390456919324
0.39039351322
0.389696284787
0.388928172527
0.386826049142
0.384511669657
0.382529994999
0.379845746164
0.378710267492
0.377098026787
0.375277078493
0.374038357237
0.372652383976
0.372074195676
0.369865653328
0.368593393607
0.366755755464
0.366443692052
0.364651288201
0.363633095302
0.361488545994
0.359930961297
0.358940952877
0.35830149141
0.357234204113
0.356568056304
0.355529628617
0.355333679355
0.355068017552
0.354945778978
0.354772696359
0.35414172623
0.352573171573
0.352485244267
0.353030376588
0.354433170851
0.353915808232
0.35459065703
0.354526859078
0.355919852499
0.355207636661
0.356332229736
0.356341183231
0.3564474952
0.355828683829
0.356282105888
0.357128344402
0.358461268223
0.359694340282
0.361254099661
0.36165460676
0.362772065855
0.364203746336
0.366199839886
0.365630312439
0.366102705694
0.365972025304
0.368251244384
0.368243586368
0.369950781094
0.370896919539
0.37356209229
0.374630954094
0.3766614801
0.377558600014
0.379272303978
0.379080050292
0.379261955486
0.379913234937
0.381299401178
0.383302498892
0.383287583226
0.38435294014
0.384616365237
0.384740608835
0.384081222477
0.382447970634
0.382286751621
0.382074236069
0.382116245784
0.380810389063
0.378970921281
0.37822906918
0.377783981486
0.377146952531
0.376279079278
0.375833320328
0.37505172827
0.373535911509
0.371275677342
0.369760587062
0.36729232446
0.366028100543
0.364573630917
0.362865165944
0.361512867135
0.360229327169
0.360094315192
0.359048002006
0.357239350711
0.355759097559
0.354636947948
0.354268427112
0.354236580606
0.352450450524
0.350818572941
0.349228653005
0.348270796374
0.347284209978
0.344578106094
0.341907750557
0.339357594852
0.337327124719
0.336242699693
0.33425263225
0.332700901919
0.332022531082
0.331086668268
0.329389651204
0.327748728091
0.327153812718
0.326089187002
0.324513433091
0.322094270484
0.321498461455
0.319274327563
0.317167619085
0.314736985522
0.312508863088
0.309483989842
0.306100747124
0.303206175465
0.301933857991
0.300187201109
0.297531175854
0.295073316558
0.293172690163
0.291984524483
0.290005813382
0.287819092594
0.285774454943
0.283296262022
0.281537990278
0.27895251365
0.276817871023
0.27349533813
0.271465336437
0.267341812232
0.263919070649
0.260278795659
0.258414555568
0.256213582706
0.25322578722
0.250255998893
0.24738138345
0.244942044657
0.24264975558
0.240133952292
0.237807499219
0.235111625627
0.232343737226
0.229377864279
0.227127924196
0.224627251498
0.222045379391
0.219560387406
0.216821627307
0.214888875659
0.211914795357
0.20936058255
0.206125355297
0.203377126098
0.200799665591
0.198617840541
0.196053464691
0.194051954266
0.191504605859
0.190322477918
0.188304155896
0.186660910846
0.183500607246
0.180861127863
0.178623787953
0.176854085517
0.17483842518
0.172552266017
0.170515026714
0.168290419849
0.166424955324
0.164587358227
0.162880196503
0.160120383356
0.157778656543
0.155687856385
0.153833804115
0.151689257203
0.150769980309
0.150390355386
0.150289195076
0.148302143726
0.146734225265
0.144928360414
0.144340806617
0.143727505968
0.142899172975
0.141534126892
0.139711756172
0.138339102887
0.137793215114
0.135905186206
0.134349600502
0.131993090455
0.131700261746
0.130318830597
0.129323456126
0.127187786731
0.12655172051
0.12579236499
0.126439271566
0.125693625648
0.125217577521
0.124022115053
0.124374781534
0.124649327719
0.125359985957
0.12486616011
0.124717162506
0.12356034202
0.124316469509
0.123647925869
0.123659191341
0.121552879423
0.120433514426
0.119993790763
0.119415495715
0.118769882342
0.116775104528
0.11529415099
0.113940735176
0.113567906028
0.113474214611
0.112999468505
0.11180697225
0.111010466583
0.110477917802
0.111132390666
0.110764755159
0.110866143028
0.109698275375
0.109581602918
0.108862480731
0.108890864532
0.107792271637
0.107330528016
0.106107171593
0.105558792658
0.10441366365
0.104512893102
0.103890294916
0.104228879461
0.102890354231
0.102460457289
0.100990787843
0.101374205563
0.10088570608
0.101974336016
0.100895135348
0.101451191711
0.100460960421
0.10146903375
0.101725423922
0.102100639624
0.101570218327
0.101133968839
0.10161916306
0.102822450165
0.104205631798
0.104881032727
0.105146361837
0.104729341441
0.105378123763
0.106090708858
0.108220698705
0.109466546739
0.110408051974
0.111018442685
0.111904768796
0.113884441476
0.116516654178
0.118926384609
0.120478412904
0.121466216087
0.123172517932
0.125411384738
0.127679252077
0.130055245967
0.132499323164
0.13404977749
0.134749706212
0.134907881614
0.135880699887
0.13699287272
0.13924724288
0.140305596607
0.140420836302
0.138804668096
0.137413810223
0.137786854153
0.138236293936
0.138428434283
0.136781986678
0.134326575299
0.132079105966
0.130346379472
0.129789718645
0.128170816254
0.126542246084
0.123131293501
0.120244245583
0.116392229122
0.113948225309
0.113213288156
0.112579447048
0.111893204066
0.109065378627
0.107026790259
0.104128646915
0.102353475926
0.101185977783
0.100883749566
0.101070447458
0.0996353018119
0.0980425358567
0.094933757054
0.0930904653896
0.0915982576755
0.0921274550745
0.092586921194
0.0923135065033
0.0909719662924
0.08883097935
0.0879499624802
0.0871163593153
0.0871239346122
0.0880606203655
0.0887542727482
0.0895484990135
0.0886520652627
0.087819018632
0.0873029390806
0.0872298157209
0.0881264534351
0.089164122241
0.08996358267
0.0899475963585
0.0892994805142
0.0888341655754
0.0879439464833
0.0877038707252
0.0878066259075
0.0895894230293
0.0902009993891
0.0904431525219
0.0890894063193
0.0879446051224
0.0869373866146
0.0866620171658
0.0874753817319
0.0886450836142
0.0891333932638
0.0893500863043
0.0883769554159
0.0874195809382
0.0861770391916
0.086099533751
0.0862086534357
0.0867589316318
0.0870807528813
0.0880186124835
0.0878818663097
0.0875637830836
0.0869251045368
0.0869241950554
0.0868661231548
0.0869345255496
0.0876345671926
0.0883983518592
0.0888570633043
0.0882505129018
0.0872649861791
0.0870095801929
0.0875568858088
0.088755441024
0.090062811258
0.0908596503087
0.0916001335629
0.0911943076113
0.0910360037253
0.0897920469844
0.0893218292882
0.0892526572536
0.0901145355894
0.0905359373594
0.0911634728717
0.0914066920311
0.0916816403427
0.0909543595078
0.0900505311119
0.0888373811657
0.0885324561885
0.0884295911611
0.0895084519727
0.0899497063614
0.0911940849506
0.0918255822779
0.0919365219445
0.0920221486467
0.0913436092978
0.0911600153873
0.091033662768
0.0908257058602
0.0917525539307
0.092144940331
0.0931901527905
0.0934885275117
0.0938799893046
0.0943517363059
0.0935338550273
0.0934687328049
0.0928463650255
0.0934434475018
0.0934874452509
0.0945832070694
0.0964918596911
0.0969203173426
0.0973905651356
0.0961280773663
0.0963373020916
0.096076184056
0.096633355171
0.0973800143391
0.0981312845021
0.0988186503676
0.0999048107233
0.100648257873
0.100676405545
0.0990368982231
0.0978327872038
0.0966682701766
0.0965882152857
0.0960593643568
0.096244231484
0.0968415460072
0.097860234006
0.099176402116
0.0987486094875
0.0991421736593
0.0990128550625
0.099424090427
0.0988179986433
0.0987616268632
0.100396719338
0.102708968932
0.105242748287
0.106412944912
0.107221865294
0.107797196081
0.108625767486
0.108312341758
0.107689976567
0.107275631028
0.10759983126
0.107286316966
0.107425173896
0.108138571367
0.109718153619
0.110298082975
0.110596402559
0.109355815234
0.108554203424
0.106784939276
0.105435990726
0.104081009013
0.103153880639
0.103515313364
0.104550626421
0.105930292707
0.107450516714
0.108490084577
0.109279013586
0.108531693588
0.107157417774
0.106352140629
0.106247376073
0.106477244207
0.106682194689
0.107425172619
0.108182217343
0.108301670903
0.108698717393
0.109331729793
0.110081196504
0.110222914893
0.109860132563
0.109602643028
0.109614607321
0.110704122447
0.111616385677
0.112735192379
0.113652946575
0.115116098633
0.116421265219
0.11698587741
0.116809359182
0.115779062152
0.11515845397
0.113734061752
0.113939681941
0.113296910741
0.113975342738
0.113320087348
0.113545295886
0.114220592999
0.114468989995
0.115322518139
0.114194366957
0.113955491529
0.112017778025
0.111171738658
0.110203438886
0.11028220605
0.110887045471
0.111253268956
0.111188592688
0.111210805549
0.111530616515
0.112141419656
0.112236920414
0.112179673841
0.111877404147
0.111370608734
0.111070006623
0.110618875157
0.109936363224
0.109695550306
0.109037860151
0.109575399968
0.109356712792
0.108884912641
0.108807275613
0.108709495713
0.109298870855
0.109541640473
0.109709076631
0.110089782248
0.109410604254
0.108123818526
0.106655832144
0.105310014487
0.104778510982
0.103914634722
0.101917183801
0.100125648426
0.0983137819813
0.0978553892324
0.0960893403625
0.0945795441095
0.0938441531237
0.0934717643903
0.0921677462643
0.0904255599829
0.0900651462295
0.0892973880832
0.0886269101171
0.08718723513
0.0868343802028
0.0865612455557
0.0851889266397
END
