380.3
381.1
381.9
382.7
383.5
384.4
385.2
386.0
386.8
387.6
388.4
389.2
390.1
390.9
391.7
392.5
393.3
394.1
394.9
395.8
396.6
397.4
398.2
399.0
399.8
400.6
401.5
402.3
403.1
403.9
404.7
405.5
406.3
407.2
408.0
408.8
409.6
410.4
411.2
412.0
412.8
413.7
414.5
415.3
416.1
416.9
417.7
418.5
419.4
420.2
421.0
421.8
422.6
423.4
424.2
425.1
425.9
426.7
427.5
428.3
429.1
429.9
430.8
431.6
432.4
433.2
434.0
434.8
435.6
436.4
437.3
438.1
438.9
439.7
440.5
441.3
442.1
443.0
443.8
444.6
445.4
446.2
447.0
447.8
448.7
449.5
450.3
451.1
451.9
452.7
453.5
454.4
455.2
456.0
456.8
457.6
458.4
459.2
460.0
460.9
461.7
462.5
463.3
464.1
464.9
465.7
466.6
467.4
468.2
469.0
469.8
470.6
471.4
472.3
473.1
473.9
474.7
475.5
476.3
477.1
478.0
478.8
479.6
480.4
481.2
482.0
482.8
483.6
484.5
485.3
486.1
486.9
487.7
488.5
489.3
490.2
491.0
491.8
492.6
493.4
494.2
495.0
495.9
496.7
497.5
498.3
499.1
499.9
500.7
501.6
502.4
503.2
504.0
504.8
505.6
506.4
507.2
508.1
508.9
509.7
510.5
511.3
512.1
512.9
513.7
514.5
515.3
516.1
516.8
517.6
518.4
519.2
520.0
520.8
521.5
522.3
523.1
523.9
524.7
525.5
526.2
527.0
527.8
528.6
529.4
530.2
530.9
531.7
532.5
533.3
534.1
534.9
535.6
536.4
537.2
538.0
538.8
539.6
540.3
541.1
541.9
542.7
543.5
544.3
545.0
545.8
546.6
547.4
548.2
549.0
549.7
550.5
551.3
552.1
552.9
553.7
554.4
555.2
556.0
556.8
557.6
558.4
559.1
559.9
560.7
561.5
562.3
563.1
563.8
564.6
565.4
566.2
567.0
567.8
568.5
569.3
570.1
570.9
571.7
572.5
573.2
574.0
574.8
575.6
576.4
577.2
577.9
578.7
579.5
580.3
581.1
581.9
582.6
583.4
584.2
585.0
585.8
586.6
587.3
588.1
588.9
589.6
590.3
591.1
591.8
592.6
593.3
594.0
594.8
595.5
596.3
597.0
597.7
598.5
599.2
600.0
600.7
601.5
602.2
602.9
603.7
604.4
605.2
605.9
606.6
607.4
608.1
608.9
609.6
610.3
611.1
611.8
612.6
613.3
614.0
614.8
615.5
616.3
617.0
617.7
618.5
619.2
620.0
620.7
621.4
622.2
622.9
623.7
624.4
625.2
625.9
626.6
627.4
628.1
628.9
629.6
630.3
631.1
631.8
632.6
633.3
634.0
634.8
635.5
636.3
637.0
637.7
638.5
639.2
640.0
640.7
641.4
642.2
642.9
643.7
644.4
645.1
645.9
646.6
647.4
648.1
648.8
649.6
650.3
651.1
651.8
652.6
653.3
654.0
654.8
655.5
656.3
657.0
657.7
658.5
659.2
660.0
660.7
661.4
662.2
662.9
663.7
664.4
665.1
665.9
666.6
667.4
668.1
668.9
669.6
670.4
671.2
671.9
672.7
673.4
674.2
674.9
675.7
676.5
677.2
678.0
678.7
679.5
680.2
681.0
681.8
682.5
683.3
684.0
684.8
685.5
686.3
687.1
687.8
688.6
689.3
690.1
690.8
691.6
692.4
693.1
693.9
694.6
695.4
696.1
696.9
697.7
698.4
699.2
699.9
700.7
701.4
702.2
703.0
703.7
704.5
705.2
706.0
706.8
707.6
708.4
709.2
710.0
710.8
711.6
712.4
713.2
714.0
714.8
715.6
716.4
717.2
718.0
718.8
719.6
720.4
721.2
722.0
722.8
723.6
724.4
725.2
726.0
726.8
727.6
728.4
729.2
730.0
730.8
731.6
732.4
733.2
734.0
734.8
735.6
736.4
737.2
738.0
738.8
739.6
740.4
741.2
742.0
742.8
743.6
744.4
745.2
746.0
746.8
747.6
748.4
749.2
750.0
750.8
751.6
752.4
753.2
754.0
754.8
755.6
756.4
757.2
758.0
758.8
759.6
760.4
761.2
762.0
762.8
763.6
764.4
765.2
766.0
766.8
767.6
768.4
769.2
770.0
770.8
771.6
772.4
773.2
774.1
774.9
775.7
776.5
777.3
778.1
778.9
779.7
780.5
781.3
782.1
782.9
783.7
784.5
785.3
786.1
786.9
787.7
788.5
789.3
790.1
790.9
791.7
792.5
793.3
794.1
794.9
795.7
796.5
797.3
798.1
798.9
799.7
800.5
801.3
802.1
802.9
803.7
804.5
805.3
806.1
806.9
807.7
808.5
809.3
810.1
810.9
811.7
812.5
813.3
814.1
814.9
815.7
816.5
817.3
818.1
818.9
819.7
820.5
821.3
822.1
822.9
823.7
824.5
825.3
826.1
826.9
827.7
828.5
829.3
830.1
830.9
831.7
832.6
833.4
834.3
835.1
835.9
836.8
837.6
838.5
839.3
840.2
841.0
841.9
842.7
843.5
844.4
845.2
846.1
846.9
847.8
848.6
849.4
850.3
851.1
852.0
852.8
853.7
854.5
855.3
856.2
857.0
857.9
858.7
859.6
860.4
861.3
862.1
862.9
863.8
864.6
865.5
866.3
867.2
868.0
868.8
869.7
870.5
871.4
872.2
873.1
873.9
874.8
875.6
876.4
877.3
878.1
879.0
879.8
880.7
881.5
882.3
883.2
884.0
884.9
885.7
886.6
887.4
888.2
889.1
889.9
890.8
891.6
892.5
893.3
894.2
895.0
895.8
896.7
897.5
898.4
899.2
NEXT_SERIES
0.00899762666213
0.00834554383707
0.00660686501156
0.00414761373043
0.00182960308983
-0.000285908273042
0.00366431547194
0.00924996080349
0.0182280964372
0.0267989714976
0.0364205560877
0.0463283605007
0.0583011370159
0.0719854846158
0.0849723580767
0.0978331350693
0.109028342199
0.119570250057
0.127704309413
0.132122038727
0.134346430593
0.133097079588
0.131340020536
0.127427810247
0.122919356736
0.116688209791
0.111484735804
0.106087005406
0.101728779169
0.0972170143246
0.0937500494269
0.0918677934528
0.0907567326078
0.0914298242988
0.0922107123508
0.0941219797165
0.0954025256822
0.0978915726052
0.0995856728171
0.102780871554
0.105576691556
0.10955106874
0.113188041656
0.11699204281
0.120919959044
0.124366795906
0.127873770012
0.130718628352
0.133430204507
0.135657420912
0.13845810903
0.141059843655
0.143140541536
0.144425929626
0.146090110462
0.14722869762
0.148975464197
0.15003797099
0.151790751194
0.151733527928
0.151952204214
0.151669793258
0.150781123897
0.149592721989
0.148430769379
0.148118648584
0.146733188946
0.144652360328
0.142656370944
0.140839014876
0.139573374987
0.137515866289
0.135244099448
0.131714378124
0.129109793627
0.126751873267
0.12505540802
0.122581233055
0.120449060088
0.118048602173
0.115861426359
0.11353718469
0.111088168195
0.108969884738
0.106550861895
0.103959629516
0.101078333295
0.0989782215276
0.0980871336787
0.0964697347385
0.094492188412
0.092077526898
0.0906675483228
0.0888083913179
0.0866382106772
0.0838190219433
0.0815032963116
0.0789759834407
0.0772972397004
0.0755166132401
0.0739688963736
0.0720053616899
0.0701516217037
0.0690615185471
0.0671486181166
0.065838034161
0.0640571658708
0.0640552630589
0.0616853150405
0.0601566255485
0.0586012693229
0.0583973487002
0.0573374500702
0.0563451277305
0.0558026706785
0.0562233170671
0.0557365665705
0.0548476320767
0.0540068153802
0.0537251491834
0.0531714891727
0.0525417519471
0.0520748961482
0.0514897306896
0.0510306539865
0.0502494050901
0.0502950026033
0.0499155107334
0.0500073786337
0.0503273163722
0.0508794543108
0.0502153088097
0.0490903523891
0.0475008437548
0.0476844725628
0.0481892434282
0.0487226320204
0.0493001032764
0.0487447729208
0.0493379180848
0.0496556125468
0.0507711817171
0.0509016519317
0.0506398924477
0.0508919130312
0.0515454217345
0.0523527528711
0.054259460642
0.0548818947546
0.0559556112219
0.0552639411225
0.0549932476143
0.0545012771918
0.0537885025464
0.0534389697908
0.052589372125
0.0525754543458
0.0519878306699
0.0513196295244
0.0507290903196
0.0510504460536
0.0509681668278
0.0509984484337
0.0508918485577
0.0502519286115
0.0491373839653
0.048018020563
0.0472211831323
0.0456831821572
0.0454883851561
0.0451493805755
0.044877914312
0.043113066581
0.0426081370848
0.0423969270845
0.0418372481567
0.0409201746852
0.0410314576114
0.0418649334053
0.0427757684254
0.0427912367303
0.0425453562702
0.0420781447136
0.0414443120964
0.040535807466
0.0395965583766
0.0386060777594
0.0380298123104
0.0373283606337
0.0373850623916
0.0374727007301
0.0368246704789
0.0369194990325
0.0364282951513
0.037113194495
0.0365720395598
0.0373327521585
0.0378050543451
0.037220670981
0.0361932223983
0.0359631311811
0.0368000740511
0.0365720281381
0.0358008694424
0.0355860606683
0.0346894474506
0.0340135122266
0.0324625192192
0.0319934629493
0.0318702760804
0.0316565731768
0.0311758364377
0.0298988225973
0.0294484323234
0.0299707808662
0.0298748163216
0.0296707097967
0.0291088876929
0.0293970881297
0.0295981199575
0.0291545903196
0.0291587409638
0.0289262609965
0.0291113256097
0.0278546436845
0.027251176784
0.0262052771489
0.0259328507282
0.0249437682748
0.0247963896883
0.0241913072049
0.0244747852901
0.0243970433235
0.0244281854387
0.0238375681554
0.0236925014792
0.0240671538194
0.0240942676534
0.023239283825
0.02257187016
0.0219555456189
0.0218908607716
0.0218212692837
0.0212692434082
0.0213349214825
0.0203534207925
0.0202075152461
0.0193119815473
0.01910373516
0.0179027607795
0.017630951172
0.0170032127929
0.0173587487704
0.016629156002
0.0168047455597
0.0165540971509
0.0171528813422
0.0165713094922
0.0163927870522
0.0155508500559
0.014963151034
0.0143586876393
0.0134302163141
0.013189145883
0.0123074916995
0.011932546708
0.0114224167271
0.0113288562005
0.0106440191311
0.0103417141827
0.0098403168933
0.00964043996042
0.00886289606263
0.00941972057968
0.0102217076418
0.0112570701489
0.0107573238065
0.0101720542312
0.0100902748584
0.0110219373739
0.0117948431087
0.0115406072872
0.0106368591822
0.0096009558334
0.00980836613645
0.00977916695096
0.00943005850601
0.00824483734681
0.00728978260417
0.00746584798548
0.00722657285859
0.00697748023712
0.00590362350855
0.00563488421461
0.0055767290235
0.00622663545745
0.00623642216604
0.00591437641919
0.00552914019714
0.00607012587178
0.00708736001446
0.00775101673264
0.00745419374154
0.00739254910794
0.00763004592925
0.00867987927887
0.00824184586097
0.00734476158116
0.00594635319048
0.0061590029
0.00608390172167
0.00586452641289
0.00510874063246
0.00438446431591
0.00313853543959
0.00238934081418
0.00230292212029
0.00309744572645
0.00263710968144
0.00219504279199
0.00170614563179
0.00212375320231
0.00269557262247
0.00254284208957
0.00257670916162
0.00206089435158
0.00283904988349
0.00316470062894
0.00412080229238
0.00335227753326
0.00317010987861
0.00219768377289
0.00246039636369
0.0023237047657
0.00292382404195
0.00254970913113
0.00250999705998
0.00146852513134
0.00198104533023
0.00192969595852
0.00276642375646
0.00265397491425
0.00312527091186
0.00269555080229
0.00312727064867
0.00295987785391
0.00335665514972
0.00344819484437
0.00318321524911
0.00297944761004
0.0023652446105
0.00283205406765
0.00368796227428
0.00459327445301
0.00437850381106
0.00424660373159
0.00378571380337
0.00456486445089
0.00426817964243
0.00486687672006
0.00455825258037
0.00445825231942
0.00383284848848
0.00408858999576
0.00509565626406
0.0063654511909
0.00731450500385
0.0071662810088
0.00684114364864
0.00685195945839
0.00787623109467
0.00915175262461
0.0101440694856
0.0105186107111
0.0104026280163
0.00981633965722
0.0102735151282
0.0105602000728
0.0112152523752
0.0114272334819
0.0114021002296
0.0108896166893
0.010094720406
0.00972259377809
0.0103917893099
0.0108504997391
0.0112180633056
0.0105201951099
0.00961525096123
0.00919881262314
0.00906884297238
0.0100543491338
0.010629135384
0.0111131747612
0.0106606625584
0.0101587033273
0.00968810121783
0.00963527916647
0.010258690177
0.0107374941731
0.0114383925452
0.0117340085249
0.011791811678
0.0110122863856
0.010206516677
0.0103744493669
0.0109428542945
0.0119316697034
0.011387322489
0.0110923059548
0.00937064585188
0.00917112639476
0.00870598824504
0.00994834383278
0.0106100580988
0.0107731373437
0.0106011998109
0.00957736969687
0.00939707804448
0.00900901188738
0.00952641307481
0.0109723636356
0.0114592623494
0.0124562992339
0.0119267502014
0.0125418767338
0.012355483269
0.0124933125332
0.0128367765207
0.0140290595892
0.0147183642162
0.0151691268548
0.0151394568031
0.0151352775262
0.0144171153401
0.0139915734579
0.014132412674
0.0148049107812
0.0155048787934
0.0162276455441
0.0160761472922
0.0156094709789
0.0148199441179
0.0146619608406
0.0144776364828
0.0152480534113
0.0155588194297
0.0162483228526
0.0160272797762
0.0157949644345
0.0155033497948
0.0150864954243
0.0150931183562
0.0150442592055
0.0155130173052
0.016512400666
0.0171248171965
0.017199398928
0.0169633293246
0.015924026227
0.0156532286485
0.0151670688495
0.0164353316788
0.0171883540774
0.0179884174337
0.0175359894997
0.0172968269499
0.0167323830509
0.0165625183656
0.0164600952365
0.0173151422212
0.0183275901155
0.0195483414466
0.0197417583672
0.020159769271
0.0194136555941
0.0190270740317
0.0181450056464
0.0187075796721
0.0193473022756
0.0208923151385
0.0212308832773
0.0222631054888
0.0216959460265
0.0209997624197
0.0196144422529
0.0192556863808
0.019256372139
0.0196645619221
0.0205022105766
0.0218525610426
0.022499444261
0.021852810762
0.0214063580981
0.0207281638333
0.0211575981364
0.0212024698508
0.0215113616059
0.0223852810027
0.0231922908507
0.024179443715
0.0241268372189
0.0241015619512
0.0240742207275
0.0232606339059
0.0224045041276
0.0217900019045
0.02263329524
0.0239400402174
0.0249157941712
0.0262761778094
0.0262948617627
0.0268090871901
0.0254879971286
0.0255257205819
0.0253019575234
0.026014189888
0.0265310233301
0.0273371396632
0.0271946832928
0.0279090855909
0.0277892909516
0.0279961220683
0.0267903841544
0.0262276269105
0.0257950893428
0.0261406124525
0.0260357965652
0.026213203195
0.0262837816682
0.0260378669263
0.0266121969552
0.0262469461649
0.0267541149827
0.0269843420014
0.0272009514013
0.0277677726831
0.0281266435732
0.0294221822791
0.0302673855953
0.0311568827265
0.0319640534772
0.0325934735884
0.0334817010129
0.0338753594551
0.0337835819855
0.0334547270485
0.0329452048205
0.033170388709
0.0326632117515
0.0324658367019
0.0325547903515
0.0332615587788
0.0340481877123
0.0339533418673
0.0331570180006
0.0327949134927
0.0316534409118
0.0307924349673
0.0296848924009
0.0297665299528
0.0301263956733
0.0308386763892
0.0318122181747
0.032824033572
0.033642548266
0.034389178131
0.03458614804
0.0340324012669
0.0334216636559
0.0328381678313
0.0327402688604
0.0327163516491
0.0337077505473
0.0342597474817
0.0344022995295
0.0349995319714
0.036218911235
0.037078558975
0.0375370849006
0.0363244709975
0.0360669719049
0.0348141946606
0.0361050172919
0.0360050251476
0.0373263865743
0.0375794447982
0.0388070800579
0.0396691083625
0.0402192638604
0.0403873209041
0.0396119437687
0.0392261909182
0.038356636185
0.0380988159127
0.0371736710206
0.0368543939273
0.0361937130001
0.0364518070323
0.0365879935978
0.0372017917088
0.0367963548856
0.0365624631964
0.035041896264
0.0345682779888
0.0344320318369
0.0340926723824
0.0339567153023
0.0337895699761
0.0342888180413
0.0344433325678
0.0342062447704
0.034399270899
0.0338163448712
0.0342570713503
0.033528817913
0.0336794710109
0.0324992107098
0.0323414455705
0.0318933965934
0.0313233953391
0.0314340273157
0.0308208071511
0.0308157089204
0.0301194374528
0.0298562951542
0.0297492607286
0.0294766837721
0.029406119859
0.0291038523548
0.0291636174223
0.0290363065601
0.0284095467333
0.0277092712853
0.026454877856
0.0260953716055
0.024407396275
0.0234054576218
0.0212743675893
0.0203507376749
0.0195272799053
0.019044568913
0.0178316136186
0.0163685503004
0.0158579783137
0.0155622351034
0.0151642455337
0.0144539842669
0.0143059110516
0.0138287708184
0.0134604581491
0.0125875307327
0.0123575302912
0.0115180241899
0.0107903630685
END
