380.3
381.1
381.9
382.7
383.5
384.4
385.2
386.0
386.8
387.6
388.4
389.2
390.1
390.9
391.7
392.5
393.3
394.1
394.9
395.8
396.6
397.4
398.2
399.0
399.8
400.6
401.5
402.3
403.1
403.9
404.7
405.5
406.3
407.2
408.0
408.8
409.6
410.4
411.2
412.0
412.8
413.7
414.5
415.3
416.1
416.9
417.7
418.5
419.4
420.2
421.0
421.8
422.6
423.4
424.2
425.1
425.9
426.7
427.5
428.3
429.1
429.9
430.8
431.6
432.4
433.2
434.0
434.8
435.6
436.4
437.3
438.1
438.9
439.7
440.5
441.3
442.1
443.0
443.8
444.6
445.4
446.2
447.0
447.8
448.7
449.5
450.3
451.1
451.9
452.7
453.5
454.4
455.2
456.0
456.8
457.6
458.4
459.2
460.0
460.9
461.7
462.5
463.3
464.1
464.9
465.7
466.6
467.4
468.2
469.0
469.8
470.6
471.4
472.3
473.1
473.9
474.7
475.5
476.3
477.1
478.0
478.8
479.6
480.4
481.2
482.0
482.8
483.6
484.5
485.3
486.1
486.9
487.7
488.5
489.3
490.2
491.0
491.8
492.6
493.4
494.2
495.0
495.9
496.7
497.5
498.3
499.1
499.9
500.7
501.6
502.4
503.2
504.0
504.8
505.6
506.4
507.2
508.1
508.9
509.7
510.5
511.3
512.1
512.9
513.7
514.5
515.3
516.1
516.8
517.6
518.4
519.2
520.0
520.8
521.5
522.3
523.1
523.9
524.7
525.5
526.2
527.0
527.8
528.6
529.4
530.2
530.9
531.7
532.5
533.3
534.1
534.9
535.6
536.4
537.2
538.0
538.8
539.6
540.3
541.1
541.9
542.7
543.5
544.3
545.0
545.8
546.6
547.4
548.2
549.0
549.7
550.5
551.3
552.1
552.9
553.7
554.4
555.2
556.0
556.8
557.6
558.4
559.1
559.9
560.7
561.5
562.3
563.1
563.8
564.6
565.4
566.2
567.0
567.8
568.5
569.3
570.1
570.9
571.7
572.5
573.2
574.0
574.8
575.6
576.4
577.2
577.9
578.7
579.5
580.3
581.1
581.9
582.6
583.4
584.2
585.0
585.8
586.6
587.3
588.1
588.9
589.6
590.3
591.1
591.8
592.6
593.3
594.0
594.8
595.5
596.3
597.0
597.7
598.5
599.2
600.0
600.7
601.5
602.2
602.9
603.7
604.4
605.2
605.9
606.6
607.4
608.1
608.9
609.6
610.3
611.1
611.8
612.6
613.3
614.0
614.8
615.5
616.3
617.0
617.7
618.5
619.2
620.0
620.7
621.4
622.2
622.9
623.7
624.4
625.2
625.9
626.6
627.4
628.1
628.9
629.6
630.3
631.1
631.8
632.6
633.3
634.0
634.8
635.5
636.3
637.0
637.7
638.5
639.2
640.0
640.7
641.4
642.2
642.9
643.7
644.4
645.1
645.9
646.6
647.4
648.1
648.8
649.6
650.3
651.1
651.8
652.6
653.3
654.0
654.8
655.5
656.3
657.0
657.7
658.5
659.2
660.0
660.7
661.4
662.2
662.9
663.7
664.4
665.1
665.9
666.6
667.4
668.1
668.9
669.6
670.4
671.2
671.9
672.7
673.4
674.2
674.9
675.7
676.5
677.2
678.0
678.7
679.5
680.2
681.0
681.8
682.5
683.3
684.0
684.8
685.5
686.3
687.1
687.8
688.6
689.3
690.1
690.8
691.6
692.4
693.1
693.9
694.6
695.4
696.1
696.9
697.7
698.4
699.2
699.9
700.7
701.4
702.2
703.0
703.7
704.5
705.2
706.0
706.8
707.6
708.4
709.2
710.0
710.8
711.6
712.4
713.2
714.0
714.8
715.6
716.4
717.2
718.0
718.8
719.6
720.4
721.2
722.0
722.8
723.6
724.4
725.2
726.0
726.8
727.6
728.4
729.2
730.0
730.8
731.6
732.4
733.2
734.0
734.8
735.6
736.4
737.2
738.0
738.8
739.6
740.4
741.2
742.0
742.8
743.6
744.4
745.2
746.0
746.8
747.6
748.4
749.2
750.0
750.8
751.6
752.4
753.2
754.0
754.8
755.6
756.4
757.2
758.0
758.8
759.6
760.4
761.2
762.0
762.8
763.6
764.4
765.2
766.0
766.8
767.6
768.4
769.2
770.0
770.8
771.6
772.4
773.2
774.1
774.9
775.7
776.5
777.3
778.1
778.9
779.7
780.5
781.3
782.1
782.9
783.7
784.5
785.3
786.1
786.9
787.7
788.5
789.3
790.1
790.9
791.7
792.5
793.3
794.1
794.9
795.7
796.5
797.3
798.1
798.9
799.7
800.5
801.3
802.1
802.9
803.7
804.5
805.3
806.1
806.9
807.7
808.5
809.3
810.1
810.9
811.7
812.5
813.3
814.1
814.9
815.7
816.5
817.3
818.1
818.9
819.7
820.5
821.3
822.1
822.9
823.7
824.5
825.3
826.1
826.9
827.7
828.5
829.3
830.1
830.9
831.7
832.6
833.4
834.3
835.1
835.9
836.8
837.6
838.5
839.3
840.2
841.0
841.9
842.7
843.5
844.4
845.2
846.1
846.9
847.8
848.6
849.4
850.3
851.1
852.0
852.8
853.7
854.5
855.3
856.2
857.0
857.9
858.7
859.6
860.4
861.3
862.1
862.9
863.8
864.6
865.5
866.3
867.2
868.0
868.8
869.7
870.5
871.4
872.2
873.1
873.9
874.8
875.6
876.4
877.3
878.1
879.0
879.8
880.7
881.5
882.3
883.2
884.0
884.9
885.7
886.6
887.4
888.2
889.1
889.9
890.8
891.6
892.5
893.3
894.2
895.0
895.8
896.7
897.5
898.4
899.2
NEXT_SERIES
0.156747976095
0.155418242327
0.150775322075
0.148364462892
0.147411808582
0.148324606568
0.153067308578
0.159483227449
0.169644740983
0.180386686322
0.193262898869
0.204883949247
0.216938624414
0.227683050836
0.240358787189
0.252791271398
0.265130870898
0.274617279388
0.282252543556
0.285227818786
0.286695297834
0.284346859697
0.282912932183
0.278466933637
0.273566448031
0.266568418941
0.260457554044
0.254298276261
0.248045187343
0.242186150194
0.237539366812
0.234712419483
0.231763372436
0.230216092519
0.22975096626
0.230228270604
0.230171488156
0.229929977452
0.229938080472
0.230638071789
0.232772314296
0.235676821775
0.238300251072
0.240292421611
0.242981551136
0.24634456285
0.248666493282
0.250561207216
0.251990459028
0.254954922755
0.256673902076
0.259046732846
0.259212375814
0.260039967322
0.260242718629
0.260887052955
0.261451702936
0.262503358024
0.263293069194
0.26324597413
0.261784638723
0.261226181122
0.259790100473
0.25907051496
0.256876197577
0.25593218238
0.25458570621
0.252805145774
0.251172010061
0.24872005718
0.247203556713
0.245493942863
0.243152811131
0.24070546977
0.237209910096
0.234269083305
0.231319005438
0.229842026167
0.228934707502
0.227350384185
0.225150323128
0.222508448324
0.220612810116
0.218559200454
0.217217013014
0.214786726015
0.21370525964
0.212135876078
0.211803398675
0.210083763595
0.208318890394
0.207092405567
0.206963227266
0.206279450104
0.20469471958
0.202258129307
0.200224471914
0.199013628398
0.19852610681
0.198047503827
0.197213265197
0.195534846479
0.194526484199
0.193916422908
0.192392403973
0.192263338418
0.191700268896
0.192946387231
0.191589603777
0.191090478089
0.190742835802
0.19192357861
0.192614597618
0.192946360688
0.193147865274
0.193832899455
0.194936550756
0.195188793036
0.195945640318
0.195263057155
0.195683430307
0.196365065972
0.198116539844
0.199220192945
0.199548656031
0.20050140753
0.202573603222
0.204143028976
0.205192775391
0.206199878961
0.207024766295
0.207303895288
0.207221597225
0.208218490665
0.210069179014
0.210945690762
0.212008919864
0.213407241901
0.215349651032
0.216335771614
0.217324399147
0.219100732233
0.220627376002
0.222042830582
0.223156020037
0.224789955437
0.226077807591
0.227854921462
0.229004993266
0.230159933212
0.231081266389
0.232292128432
0.233856848845
0.233774221005
0.234699449599
0.234346865989
0.234925337823
0.234270184113
0.235248198429
0.236460110029
0.238251067026
0.238769629068
0.239993549378
0.240355530742
0.240492590521
0.24010443623
0.240151225894
0.240603653277
0.239755584764
0.240175408657
0.240810894412
0.241200607672
0.240713169609
0.23993950126
0.240412135217
0.239806270665
0.23964825129
0.240456019495
0.24163454906
0.242904677165
0.242900669416
0.242628628094
0.242120358563
0.241447637914
0.240815115868
0.240374855328
0.238601197539
0.237602443214
0.236594780129
0.236547603956
0.236445261621
0.235480236218
0.235327257232
0.233924746629
0.233977629475
0.233112271882
0.233375289408
0.232167370147
0.230919779666
0.229558370073
0.22796113564
0.226934805556
0.225566178399
0.224046456873
0.222852705894
0.221724067194
0.219860691209
0.217838822407
0.215744424299
0.214252385495
0.212359383243
0.210847520988
0.208872727039
0.206979510973
0.204691747794
0.203806646239
0.202322013871
0.200713145355
0.199188901145
0.198081913424
0.196261183043
0.194394305751
0.1917604264
0.190035249286
0.186983017661
0.184621300461
0.18207138667
0.180132038006
0.17827753853
0.175726300644
0.173410983756
0.171525263449
0.170248802992
0.168020546581
0.165581945482
0.163184815844
0.161479697387
0.159197620008
0.156578842635
0.15415104
0.152074554087
0.150466918828
0.148440085213
0.14577003592
0.142779649706
0.139794620857
0.137241165337
0.135302557432
0.133589771482
0.13124599522
0.128500150523
0.126264590341
0.124594441361
0.122902900339
0.12096168781
0.119049456108
0.117275543713
0.114773273121
0.112843383449
0.110434528916
0.10814605119
0.106085129144
0.103791428619
0.102258200826
0.0999643228632
0.0984946374275
0.096185633923
0.094331107388
0.0926541254289
0.0914551341776
0.0898246397223
0.0874792913444
0.0858609278002
0.0851076335555
0.0851607156791
0.0846393807749
0.0830857881058
0.0815270059313
0.0800823903268
0.0797896261177
0.0790568458324
0.0778207954463
0.0759282337756
0.074369739357
0.0739185962094
0.0730050675145
0.0713018548581
0.0690974837508
0.0675661068282
0.0675784679234
0.0664033643457
0.0650099597035
0.0623086114297
0.0613095881984
0.0604138378154
0.0607674454018
0.0600040112179
0.0596287560294
0.0585712984447
0.0588834724126
0.0587956900534
0.058428385786
0.0574794464937
0.0570233749955
0.0568253466868
0.0568615789596
0.0557486988675
0.0542793596734
0.0528630306036
0.0520928829763
0.0517428263028
0.0510568573358
0.0498541844877
0.0484483441854
0.046935502885
0.04652387103
0.0458478908421
0.0458447711814
0.0448778415214
0.044418539114
0.043524839982
0.0437454451563
0.0440084418625
0.0437097276971
0.0427576458558
0.0417610500447
0.0415525389543
0.0416187244835
0.0416330681073
0.0405611380919
0.0398073599453
0.0390951533091
0.0395651887316
0.0393356388868
0.0393167256105
0.0382011777049
0.038037732174
0.0363384849388
0.0360117624982
0.0353588684052
0.0362032232022
0.036089314452
0.0361635921845
0.0360321729429
0.0362836499484
0.0361233568309
0.0359914513904
0.0359265747882
0.0354880681847
0.0351023909324
0.0341579130515
0.033993785994
0.0345391096642
0.0351027239147
0.0350380723742
0.0340834755153
0.03340129109
0.0337346385402
0.0341092333157
0.0348521252253
0.034027424625
0.0333938932584
0.0323954942007
0.0324840198583
0.0330448980657
0.033935618784
0.0349843942651
0.0345022846612
0.0345566020297
0.0347725104352
0.036208687901
0.0374075577127
0.0376569750663
0.0375615053971
0.0367962073443
0.0363148181325
0.0365603261341
0.0371839757283
0.0378588046571
0.0383705169671
0.0380415154992
0.0372647391688
0.035672755707
0.0351086105895
0.0355444489285
0.0361246662001
0.0363595512542
0.0354186698438
0.0342920377118
0.0338152929128
0.0335182726002
0.0346353926673
0.0346357929499
0.0354274125856
0.0348696553021
0.0343593061586
0.0334429105202
0.0331623521558
0.0337853556266
0.0345296005806
0.0349943169056
0.0352246742362
0.0348899426438
0.0341030018558
0.0332421977532
0.0333515756376
0.0339618304493
0.0352064845483
0.0349991327162
0.034692268567
0.0325460878913
0.0316645538897
0.0312051902281
0.0322289646158
0.0331577356651
0.0334746584786
0.0328719063361
0.0318121231992
0.0311182699144
0.0313533975516
0.0313834981555
0.0327153470756
0.0332105429569
0.0342648378734
0.0340714637246
0.0342070050869
0.033773216595
0.0331359153851
0.0337755910815
0.034969030874
0.0359369584445
0.0360145819483
0.0362096498056
0.0361049716753
0.0357117486495
0.035153293541
0.0349664642364
0.0356650847985
0.0358306476206
0.0370064086123
0.0365428443396
0.0365875835718
0.035542534496
0.0352019770681
0.0350310565597
0.0351850870912
0.0354254358549
0.0358617167911
0.0363594569199
0.0359605502292
0.0352296511712
0.0346380773277
0.0344658656489
0.0347720194608
0.0352452053214
0.0365207740159
0.0367260212068
0.0363687936954
0.0360043145065
0.0354993551286
0.0349492331673
0.0342168232956
0.0350848642886
0.0360038073606
0.0372062953621
0.0368719325124
0.0366141496905
0.0355710861568
0.0353426857129
0.0356304152634
0.0370578718063
0.0382603432396
0.0391587669968
0.0390743769061
0.0389039641817
0.0384921449541
0.0377138876728
0.0376919979247
0.037804855205
0.0386482298483
0.0393584981442
0.040285826563
0.0408396749543
0.0404664370611
0.039468538043
0.0384606713431
0.0382507549401
0.038136475698
0.0387536899433
0.0390694576317
0.0400903371938
0.0407645356422
0.0409170196306
0.0406031706935
0.0399994851939
0.0396672654069
0.0396571945162
0.0404442508345
0.041400143866
0.0422939867855
0.042508195097
0.0426779871981
0.0422072336675
0.0421029670165
0.0414415334019
0.0417389123855
0.0417940836191
0.042760706454
0.0435340309228
0.04400709652
0.0450990580016
0.0450244506059
0.0452539891981
0.0438319071369
0.0434564864654
0.043198977075
0.0438867484443
0.0445047385558
0.0449039303637
0.0451552235128
0.0454267104824
0.0453976527257
0.0458586345862
0.0447468878557
0.044463853621
0.0431338263336
0.0433716624965
0.0430757308988
0.0434367598313
0.0435620965811
0.0439523351938
0.0443794890233
0.0448338833698
0.0452216940395
0.0455788482605
0.0453295663134
0.045358345706
0.0452205905046
0.046059266553
0.0469293403277
0.0481481798906
0.049458353325
0.0502697875498
0.0509020072004
0.0511032079218
0.0509985653436
0.0512011682985
0.0508606146273
0.0509312482087
0.0499659024624
0.0495343956787
0.0495215800323
0.0501152944343
0.0506494158105
0.0504317713121
0.0502585940482
0.0496555640225
0.0487575926167
0.0477144859471
0.0469640403264
0.0470022137352
0.0469960580486
0.0475362690277
0.0480948619147
0.0491965934728
0.0504658732788
0.0513896230052
0.051278752729
0.0505130026452
0.0498413375195
0.0491004468521
0.0488121167958
0.0486602326637
0.0496241862155
0.0505201744046
0.0510033290726
0.0522327183451
0.0533172599085
0.0538104223903
0.0535751069804
0.0524050324557
0.0521338915794
0.0515449451883
0.0524470541007
0.0529297122174
0.0538269482395
0.0545138608133
0.0558565694145
0.0563064389533
0.0560512825494
0.0560829555953
0.0559534199208
0.0560020509872
0.0547243826748
0.054622315732
0.0541774242095
0.0543020315908
0.0535472601632
0.0534848674398
0.0539087376663
0.0542969252901
0.0543441749594
0.0534753111854
0.0527255451578
0.051197308259
0.0509428843774
0.0506165339201
0.0514431922373
0.0511740511032
0.0508370758575
0.0508799806181
0.0508024845574
0.0504559367159
0.0492964956298
0.0491962967759
0.0493088344736
0.0498959573782
0.0498084447833
0.0492717488387
0.0484647022631
0.0477025842377
0.0478490952937
0.0474370797667
0.0468418856601
0.04585280811
0.0450303466335
0.0447850972717
0.0448917270045
0.0443730763767
0.0441265341834
0.0434411204073
0.043291052145
0.0421129595821
0.0414835001784
0.0406707454169
0.0400615238753
0.0391587161662
0.038523530816
0.036670138957
0.0353361533407
0.0338155702803
0.0338814019121
0.0325015381553
0.0315791062605
0.0300915585798
0.0293609892256
0.0287392592237
0.0280571642715
0.0276122673169
0.0267348918432
0.0265010870135
0.0256210305167
0.0260657793795
0.0248357080315
0.0241547376767
END
