380.3
381.1
381.9
382.7
383.5
384.4
385.2
386.0
386.8
387.6
388.4
389.2
390.1
390.9
391.7
392.5
393.3
394.1
394.9
395.8
396.6
397.4
398.2
399.0
399.8
400.6
401.5
402.3
403.1
403.9
404.7
405.5
406.3
407.2
408.0
408.8
409.6
410.4
411.2
412.0
412.8
413.7
414.5
415.3
416.1
416.9
417.7
418.5
419.4
420.2
421.0
421.8
422.6
423.4
424.2
425.1
425.9
426.7
427.5
428.3
429.1
429.9
430.8
431.6
432.4
433.2
434.0
434.8
435.6
436.4
437.3
438.1
438.9
439.7
440.5
441.3
442.1
443.0
443.8
444.6
445.4
446.2
447.0
447.8
448.7
449.5
450.3
451.1
451.9
452.7
453.5
454.4
455.2
456.0
456.8
457.6
458.4
459.2
460.0
460.9
461.7
462.5
463.3
464.1
464.9
465.7
466.6
467.4
468.2
469.0
469.8
470.6
471.4
472.3
473.1
473.9
474.7
475.5
476.3
477.1
478.0
478.8
479.6
480.4
481.2
482.0
482.8
483.6
484.5
485.3
486.1
486.9
487.7
488.5
489.3
490.2
491.0
491.8
492.6
493.4
494.2
495.0
495.9
496.7
497.5
498.3
499.1
499.9
500.7
501.6
502.4
503.2
504.0
504.8
505.6
506.4
507.2
508.1
508.9
509.7
510.5
511.3
512.1
512.9
513.7
514.5
515.3
516.1
516.8
517.6
518.4
519.2
520.0
520.8
521.5
522.3
523.1
523.9
524.7
525.5
526.2
527.0
527.8
528.6
529.4
530.2
530.9
531.7
532.5
533.3
534.1
534.9
535.6
536.4
537.2
538.0
538.8
539.6
540.3
541.1
541.9
542.7
543.5
544.3
545.0
545.8
546.6
547.4
548.2
549.0
549.7
550.5
551.3
552.1
552.9
553.7
554.4
555.2
556.0
556.8
557.6
558.4
559.1
559.9
560.7
561.5
562.3
563.1
563.8
564.6
565.4
566.2
567.0
567.8
568.5
569.3
570.1
570.9
571.7
572.5
573.2
574.0
574.8
575.6
576.4
577.2
577.9
578.7
579.5
580.3
581.1
581.9
582.6
583.4
584.2
585.0
585.8
586.6
587.3
588.1
588.9
589.6
590.3
591.1
591.8
592.6
593.3
594.0
594.8
595.5
596.3
597.0
597.7
598.5
599.2
600.0
600.7
601.5
602.2
602.9
603.7
604.4
605.2
605.9
606.6
607.4
608.1
608.9
609.6
610.3
611.1
611.8
612.6
613.3
614.0
614.8
615.5
616.3
617.0
617.7
618.5
619.2
620.0
620.7
621.4
622.2
622.9
623.7
624.4
625.2
625.9
626.6
627.4
628.1
628.9
629.6
630.3
631.1
631.8
632.6
633.3
634.0
634.8
635.5
636.3
637.0
637.7
638.5
639.2
640.0
640.7
641.4
642.2
642.9
643.7
644.4
645.1
645.9
646.6
647.4
648.1
648.8
649.6
650.3
651.1
651.8
652.6
653.3
654.0
654.8
655.5
656.3
657.0
657.7
658.5
659.2
660.0
660.7
661.4
662.2
662.9
663.7
664.4
665.1
665.9
666.6
667.4
668.1
668.9
669.6
670.4
671.2
671.9
672.7
673.4
674.2
674.9
675.7
676.5
677.2
678.0
678.7
679.5
680.2
681.0
681.8
682.5
683.3
684.0
684.8
685.5
686.3
687.1
687.8
688.6
689.3
690.1
690.8
691.6
692.4
693.1
693.9
694.6
695.4
696.1
696.9
697.7
698.4
699.2
699.9
700.7
701.4
702.2
703.0
703.7
704.5
705.2
706.0
706.8
707.6
708.4
709.2
710.0
710.8
711.6
712.4
713.2
714.0
714.8
715.6
716.4
717.2
718.0
718.8
719.6
720.4
721.2
722.0
722.8
723.6
724.4
725.2
726.0
726.8
727.6
728.4
729.2
730.0
730.8
731.6
732.4
733.2
734.0
734.8
735.6
736.4
737.2
738.0
738.8
739.6
740.4
741.2
742.0
742.8
743.6
744.4
745.2
746.0
746.8
747.6
748.4
749.2
750.0
750.8
751.6
752.4
753.2
754.0
754.8
755.6
756.4
757.2
758.0
758.8
759.6
760.4
761.2
762.0
762.8
763.6
764.4
765.2
766.0
766.8
767.6
768.4
769.2
770.0
770.8
771.6
772.4
773.2
774.1
774.9
775.7
776.5
777.3
778.1
778.9
779.7
780.5
781.3
782.1
782.9
783.7
784.5
785.3
786.1
786.9
787.7
788.5
789.3
790.1
790.9
791.7
792.5
793.3
794.1
794.9
795.7
796.5
797.3
798.1
798.9
799.7
800.5
801.3
802.1
802.9
803.7
804.5
805.3
806.1
806.9
807.7
808.5
809.3
810.1
810.9
811.7
812.5
813.3
814.1
814.9
815.7
816.5
817.3
818.1
818.9
819.7
820.5
821.3
822.1
822.9
823.7
824.5
825.3
826.1
826.9
827.7
828.5
829.3
830.1
830.9
831.7
832.6
833.4
834.3
835.1
835.9
836.8
837.6
838.5
839.3
840.2
841.0
841.9
842.7
843.5
844.4
845.2
846.1
846.9
847.8
848.6
849.4
850.3
851.1
852.0
852.8
853.7
854.5
855.3
856.2
857.0
857.9
858.7
859.6
860.4
861.3
862.1
862.9
863.8
864.6
865.5
866.3
867.2
868.0
868.8
869.7
870.5
871.4
872.2
873.1
873.9
874.8
875.6
876.4
877.3
878.1
879.0
879.8
880.7
881.5
882.3
883.2
884.0
884.9
885.7
886.6
887.4
888.2
889.1
889.9
890.8
891.6
892.5
893.3
894.2
895.0
895.8
896.7
897.5
898.4
899.2
NEXT_SERIES
0.615026733499
0.612304510697
0.613415298604
0.610228687115
0.614408328706
0.620166866274
0.630939393621
0.643219792354
0.659514518353
0.676709526974
0.694728913962
0.715151447555
0.737324094252
0.762757788934
0.786192521717
0.807151495034
0.826237088546
0.843509538983
0.858881413147
0.86863145568
0.873338371905
0.875438806899
0.874657011565
0.871065509142
0.863042968715
0.854036255749
0.845635628937
0.837631499729
0.830301742806
0.822116104839
0.813097992254
0.806540765478
0.799410964635
0.797724261698
0.794406206439
0.793345247765
0.791631339943
0.791505151902
0.792539248615
0.792546437834
0.794748016517
0.796601034512
0.800364996859
0.802710279704
0.806930509934
0.809037678115
0.812649093822
0.816572377886
0.821168477095
0.824258302566
0.825339398204
0.827228873926
0.827180558655
0.827882611261
0.828082004282
0.829209317788
0.829947389602
0.831486874564
0.832869683973
0.833337765168
0.834262635895
0.834697323919
0.835725663152
0.83346460913
0.832889275852
0.83015591128
0.828690526594
0.824359972903
0.822421001923
0.819293357816
0.816817990177
0.812176584244
0.808872938103
0.804767663343
0.80094864471
0.79472883347
0.790854620735
0.786199165884
0.784341276098
0.780357251277
0.777599394713
0.774343858202
0.770081782836
0.767212809373
0.76358387325
0.761195861374
0.756569542307
0.752289637782
0.74769616134
0.745180937548
0.741143689646
0.739382407796
0.736012548292
0.733935030402
0.731742668074
0.729035787867
0.724920216477
0.720154042223
0.716150394118
0.714883495146
0.713600572057
0.711656754554
0.71070927234
0.709606930094
0.710243088242
0.708502697601
0.706735774841
0.706580847056
0.706233228196
0.707135925921
0.705337981777
0.70466969308
0.704982184125
0.706726844591
0.709545749826
0.710981195576
0.711658750159
0.711857605257
0.714235309945
0.717171623795
0.717872472062
0.717350114727
0.719976847864
0.723123374885
0.726951243857
0.72714550622
0.73018466196
0.733320993162
0.736338085078
0.738195758708
0.740041480932
0.741070798269
0.74294513098
0.743333807586
0.74617139453
0.749556562525
0.754022436784
0.757145754949
0.75896919065
0.759985596941
0.762922293236
0.765559354568
0.768718507921
0.770933639236
0.773048311928
0.776432271888
0.778992744312
0.783023758375
0.78352130786
0.785824822444
0.786542702671
0.787482279623
0.786740027351
0.784121131865
0.782371938877
0.781726852793
0.781914006442
0.780855727267
0.778340050073
0.77740767067
0.775967677806
0.775974826606
0.773675192582
0.773410732661
0.769960471891
0.767907518173
0.764844781602
0.761364052361
0.756661942477
0.753345833243
0.752465231793
0.751098894787
0.747692383326
0.744743480621
0.74294664044
0.743222090906
0.741028729062
0.741509533646
0.739669565347
0.739169256745
0.737311910402
0.737886925525
0.73603521938
0.734164314336
0.730567983943
0.728417902157
0.724541002998
0.719073348702
0.713714779129
0.710205207232
0.707670810554
0.705263123352
0.703271779633
0.701958002097
0.700985957618
0.697686507428
0.694925586981
0.69062308446
0.687827514656
0.683542329713
0.68131086092
0.677958284027
0.674772702354
0.670358583465
0.665877572534
0.660968681196
0.657832982366
0.651827795989
0.64729803053
0.641485665111
0.638326540999
0.633243058216
0.628940872537
0.624297693396
0.621607357702
0.61688579869
0.612838845139
0.607513714918
0.60388096438
0.600480396107
0.595324844532
0.590289109853
0.584545905891
0.580723720116
0.574992371434
0.569842863238
0.563279863392
0.557943517437
0.551364218552
0.547204892279
0.542875869309
0.539669680031
0.53559078752
0.530952648047
0.526095312072
0.52041794578
0.515299711326
0.510047958087
0.504897232291
0.499872954792
0.495938008374
0.491732077401
0.48879164554
0.482801416268
0.478054452338
0.471130421802
0.465373074219
0.460012352952
0.45491344475
0.450643137803
0.44600674722
0.441648704479
0.438264005529
0.433821377112
0.431032083059
0.426964544116
0.424450294216
0.420061012979
0.41568714577
0.410864250683
0.405831913286
0.40225801736
0.39703295009
0.394163984626
0.389043418688
0.385808572347
0.381167701859
0.37779982345
0.373922585092
0.370059054748
0.366826967232
0.363573893882
0.360675941045
0.358675679695
0.357652675339
0.35676366746
0.354526763483
0.352611535724
0.351063033989
0.350109465516
0.349125885607
0.34747121271
0.345241179435
0.341690288191
0.339440853775
0.337022399287
0.334502100955
0.331457953595
0.328491775637
0.327492402517
0.325704439605
0.324328594105
0.321280964747
0.319481279593
0.317814769568
0.318442125353
0.317717304934
0.318023471536
0.316989784733
0.317672787985
0.318085414774
0.318571283075
0.318585725596
0.317883360037
0.317268446814
0.317739918099
0.317294943807
0.315768683086
0.312841690335
0.310508100258
0.30921856028
0.308301989711
0.306486174883
0.304252853814
0.301239269757
0.299485544015
0.298600865192
0.298091780721
0.296841571341
0.295903191067
0.294844260697
0.294184259354
0.293841597569
0.292759796899
0.293312594068
0.29101340469
0.290198709609
0.288494384432
0.289287398031
0.287577132988
0.286859626425
0.284463679726
0.284500190131
0.282845722772
0.282657014416
0.280700099451
0.281022216846
0.278473454041
0.278243832514
0.275050811023
0.276070221693
0.275609166124
0.278307736252
0.277609322073
0.278297845375
0.277134726644
0.278623542123
0.279721021187
0.280470215447
0.280686129724
0.280326991007
0.281637656647
0.283178076476
0.286528159431
0.28787539771
0.289494198613
0.289020224778
0.291350076097
0.292531909853
0.296151736385
0.297681555847
0.300974164533
0.302326767081
0.304923157569
0.308642068126
0.313961285056
0.31958829731
0.322376883842
0.32507285903
0.328341348532
0.33366504203
0.33942931942
0.344883527479
0.34868046607
0.350977173981
0.352388163808
0.353434502674
0.355382358205
0.358447411869
0.362078328627
0.363787588885
0.362223345855
0.35942298585
0.357108806186
0.357028370482
0.356869712508
0.357035876129
0.353952252884
0.349289119013
0.343759606195
0.338635363674
0.336633175014
0.332268796319
0.329731256988
0.323070883926
0.317631659267
0.309816569051
0.304176223338
0.301105527069
0.298577698273
0.29728415608
0.292510050871
0.288180681216
0.281211516228
0.276390828414
0.273111932552
0.271828434849
0.272049445034
0.269350316687
0.266343227627
0.260152954346
0.256746492893
0.253417641596
0.253270574098
0.25330037583
0.252771662619
0.2505713708
0.246474377564
0.244328988086
0.242642203371
0.243211705208
0.244570298577
0.245636957823
0.246676332397
0.245174770096
0.244175081071
0.241956026677
0.240821800199
0.241684586516
0.244102990024
0.246094909753
0.24665052013
0.245241093191
0.24357821784
0.240508089974
0.239535947736
0.240008877154
0.242565667078
0.243794885826
0.244224793381
0.242907137604
0.240914110878
0.238829352096
0.23749916643
0.238006256332
0.239668800565
0.240839947703
0.241010826626
0.239299788012
0.237232029684
0.234596472969
0.233171500304
0.23286787521
0.23349175654
0.234392833711
0.235145220448
0.234884541123
0.234040145066
0.232769254674
0.231433714087
0.230277225488
0.229712750352
0.231484924081
0.232965920546
0.233538876352
0.232350050579
0.231631582358
0.230702534577
0.23102159476
0.231754637078
0.233602713406
0.235492125688
0.237186454017
0.237183319682
0.236045723363
0.233173782292
0.231722497254
0.230490506568
0.231233904956
0.232158546473
0.233460241725
0.234463986591
0.234512624571
0.23394723617
0.231577370449
0.229402631962
0.227617538201
0.226671033542
0.227358800259
0.228414002975
0.230340475147
0.231634173025
0.231431371189
0.230980706189
0.229648092773
0.228434145878
0.227537319123
0.227104883356
0.228949873991
0.230736558403
0.232100967793
0.232929891133
0.233002867285
0.233370173188
0.23170047452
0.231367377859
0.230027277505
0.231586845888
0.232472923861
0.235291047446
0.237268569659
0.238363914086
0.238397175929
0.237330495545
0.237039530296
0.236810252953
0.237163814762
0.237493480889
0.238398761889
0.23895765411
0.241055245965
0.241342286747
0.241798113202
0.238725563399
0.237299953393
0.234802205846
0.234530753543
0.233018875106
0.233378554075
0.234363453634
0.235866670047
0.237397742503
0.236954442692
0.237363893892
0.236263146296
0.236198238029
0.235773935588
0.236653353791
0.238821510604
0.24248878969
0.245807978243
0.248832226246
0.251441857472
0.253116095746
0.253616025805
0.251879001313
0.251091844852
0.250137835922
0.250945813839
0.25011574947
0.250680445028
0.251152048007
0.252957855342
0.253483815865
0.253723971777
0.252212097261
0.250422160015
0.246836384077
0.244111656242
0.242074609041
0.24122375269
0.241517534564
0.242121563326
0.244266678471
0.246101511094
0.247661447706
0.247529030765
0.246052597025
0.243708746512
0.242877693616
0.242026479372
0.241721124048
0.24096053701
0.242495704033
0.243769563326
0.245050002647
0.246288652582
0.248218878187
0.24926123548
0.249313908906
0.248648019376
0.247818306834
0.247766098293
0.248735895408
0.250662532633
0.25296205488
0.255165128496
0.257104086208
0.258165010737
0.258984216295
0.258999404694
0.258359039713
0.257562926605
0.255265090489
0.254323005816
0.252453484681
0.253453436031
0.252924225126
0.253512556875
0.253278350484
0.253470146985
0.253942177105
0.253477751367
0.252337887074
0.250563827129
0.249269511815
0.24749029054
0.246544952291
0.245635825309
0.246061053548
0.246721115997
0.247359295768
0.248720453855
0.248292474052
0.248383101214
0.247444797237
0.2468629815
0.246549683084
0.245590873961
0.245538646107
0.244360533387
0.244523795298
0.242863255894
0.24168487171
0.241161278047
0.241289315276
0.242305525067
0.242133726781
0.241308191243
0.240366869216
0.240140603613
0.240453977751
0.238908201838
0.23727054132
0.235866286074
0.234070526117
0.232511908705
0.230329756045
0.227262228434
0.223919191752
0.220089124571
0.218514770033
0.215758551036
0.213309890063
0.211611520861
0.208970781479
0.206497909298
0.203513938767
0.201664240089
0.199730557596
0.198308901029
0.19650045951
0.195754719418
0.193791822474
0.191878421468
END
