380.3
381.1
381.9
382.7
383.5
384.4
385.2
386.0
386.8
387.6
388.4
389.2
390.1
390.9
391.7
392.5
393.3
394.1
394.9
395.8
396.6
397.4
398.2
399.0
399.8
400.6
401.5
402.3
403.1
403.9
404.7
405.5
406.3
407.2
408.0
408.8
409.6
410.4
411.2
412.0
412.8
413.7
414.5
415.3
416.1
416.9
417.7
418.5
419.4
420.2
421.0
421.8
422.6
423.4
424.2
425.1
425.9
426.7
427.5
428.3
429.1
429.9
430.8
431.6
432.4
433.2
434.0
434.8
435.6
436.4
437.3
438.1
438.9
439.7
440.5
441.3
442.1
443.0
443.8
444.6
445.4
446.2
447.0
447.8
448.7
449.5
450.3
451.1
451.9
452.7
453.5
454.4
455.2
456.0
456.8
457.6
458.4
459.2
460.0
460.9
461.7
462.5
463.3
464.1
464.9
465.7
466.6
467.4
468.2
469.0
469.8
470.6
471.4
472.3
473.1
473.9
474.7
475.5
476.3
477.1
478.0
478.8
479.6
480.4
481.2
482.0
482.8
483.6
484.5
485.3
486.1
486.9
487.7
488.5
489.3
490.2
491.0
491.8
492.6
493.4
494.2
495.0
495.9
496.7
497.5
498.3
499.1
499.9
500.7
501.6
502.4
503.2
504.0
504.8
505.6
506.4
507.2
508.1
508.9
509.7
510.5
511.3
512.1
512.9
513.7
514.5
515.3
516.1
516.8
517.6
518.4
519.2
520.0
520.8
521.5
522.3
523.1
523.9
524.7
525.5
526.2
527.0
527.8
528.6
529.4
530.2
530.9
531.7
532.5
533.3
534.1
534.9
535.6
536.4
537.2
538.0
538.8
539.6
540.3
541.1
541.9
542.7
543.5
544.3
545.0
545.8
546.6
547.4
548.2
549.0
549.7
550.5
551.3
552.1
552.9
553.7
554.4
555.2
556.0
556.8
557.6
558.4
559.1
559.9
560.7
561.5
562.3
563.1
563.8
564.6
565.4
566.2
567.0
567.8
568.5
569.3
570.1
570.9
571.7
572.5
573.2
574.0
574.8
575.6
576.4
577.2
577.9
578.7
579.5
580.3
581.1
581.9
582.6
583.4
584.2
585.0
585.8
586.6
587.3
588.1
588.9
589.6
590.3
591.1
591.8
592.6
593.3
594.0
594.8
595.5
596.3
597.0
597.7
598.5
599.2
600.0
600.7
601.5
602.2
602.9
603.7
604.4
605.2
605.9
606.6
607.4
608.1
608.9
609.6
610.3
611.1
611.8
612.6
613.3
614.0
614.8
615.5
616.3
617.0
617.7
618.5
619.2
620.0
620.7
621.4
622.2
622.9
623.7
624.4
625.2
625.9
626.6
627.4
628.1
628.9
629.6
630.3
631.1
631.8
632.6
633.3
634.0
634.8
635.5
636.3
637.0
637.7
638.5
639.2
640.0
640.7
641.4
642.2
642.9
643.7
644.4
645.1
645.9
646.6
647.4
648.1
648.8
649.6
650.3
651.1
651.8
652.6
653.3
654.0
654.8
655.5
656.3
657.0
657.7
658.5
659.2
660.0
660.7
661.4
662.2
662.9
663.7
664.4
665.1
665.9
666.6
667.4
668.1
668.9
669.6
670.4
671.2
671.9
672.7
673.4
674.2
674.9
675.7
676.5
677.2
678.0
678.7
679.5
680.2
681.0
681.8
682.5
683.3
684.0
684.8
685.5
686.3
687.1
687.8
688.6
689.3
690.1
690.8
691.6
692.4
693.1
693.9
694.6
695.4
696.1
696.9
697.7
698.4
699.2
699.9
700.7
701.4
702.2
703.0
703.7
704.5
705.2
706.0
706.8
707.6
708.4
709.2
710.0
710.8
711.6
712.4
713.2
714.0
714.8
715.6
716.4
717.2
718.0
718.8
719.6
720.4
721.2
722.0
722.8
723.6
724.4
725.2
726.0
726.8
727.6
728.4
729.2
730.0
730.8
731.6
732.4
733.2
734.0
734.8
735.6
736.4
737.2
738.0
738.8
739.6
740.4
741.2
742.0
742.8
743.6
744.4
745.2
746.0
746.8
747.6
748.4
749.2
750.0
750.8
751.6
752.4
753.2
754.0
754.8
755.6
756.4
757.2
758.0
758.8
759.6
760.4
761.2
762.0
762.8
763.6
764.4
765.2
766.0
766.8
767.6
768.4
769.2
770.0
770.8
771.6
772.4
773.2
774.1
774.9
775.7
776.5
777.3
778.1
778.9
779.7
780.5
781.3
782.1
782.9
783.7
784.5
785.3
786.1
786.9
787.7
788.5
789.3
790.1
790.9
791.7
792.5
793.3
794.1
794.9
795.7
796.5
797.3
798.1
798.9
799.7
800.5
801.3
802.1
802.9
803.7
804.5
805.3
806.1
806.9
807.7
808.5
809.3
810.1
810.9
811.7
812.5
813.3
814.1
814.9
815.7
816.5
817.3
818.1
818.9
819.7
820.5
821.3
822.1
822.9
823.7
824.5
825.3
826.1
826.9
827.7
828.5
829.3
830.1
830.9
831.7
832.6
833.4
834.3
835.1
835.9
836.8
837.6
838.5
839.3
840.2
841.0
841.9
842.7
843.5
844.4
845.2
846.1
846.9
847.8
848.6
849.4
850.3
851.1
852.0
852.8
853.7
854.5
855.3
856.2
857.0
857.9
858.7
859.6
860.4
861.3
862.1
862.9
863.8
864.6
865.5
866.3
867.2
868.0
868.8
869.7
870.5
871.4
872.2
873.1
873.9
874.8
875.6
876.4
877.3
878.1
879.0
879.8
880.7
881.5
882.3
883.2
884.0
884.9
885.7
886.6
887.4
888.2
889.1
889.9
890.8
891.6
892.5
893.3
894.2
895.0
895.8
896.7
897.5
898.4
899.2
NEXT_SERIES
0.31008839097
0.31408512405
0.31580564435
0.317799544278
0.315526600987
0.318101440037
0.324615146774
0.331944471217
0.340112143248
0.349827178345
0.360884359067
0.370815771174
0.382550052138
0.395660161817
0.410983644721
0.423798411444
0.435113255498
0.444044015679
0.451406188543
0.455478121511
0.457427201483
0.456000359413
0.453858234185
0.449079909302
0.443938944326
0.436317224133
0.430406695462
0.424520650735
0.419585203513
0.41360479004
0.407970610885
0.403476895769
0.400138159349
0.397992175205
0.395434882007
0.394418009506
0.393006604552
0.39269084542
0.390915186241
0.389682960626
0.388559335115
0.387925791892
0.387629943934
0.388306209622
0.389530643871
0.390270203013
0.390303396303
0.38881516878
0.388163138675
0.38737845739
0.386868299813
0.387013238789
0.386219781728
0.386152898756
0.384882000567
0.384036742204
0.383120410985
0.382177621779
0.382008375602
0.381141319525
0.381594604039
0.380633885792
0.379686538287
0.37713046801
0.376748717252
0.376684574931
0.376233827438
0.374973432489
0.374058728564
0.373666003775
0.373016750271
0.371231892412
0.36997967704
0.368504345033
0.368419551193
0.367117899896
0.366052957295
0.363647361742
0.363076362494
0.362417084423
0.362589348745
0.361241796438
0.360674155787
0.360287195267
0.360102060826
0.358651069929
0.356700307603
0.355951352282
0.356218174563
0.356806893403
0.356618696544
0.356446079195
0.356586170969
0.356539663095
0.356090052339
0.356339471407
0.355148890219
0.354619535892
0.354205542136
0.356278586152
0.358099059246
0.358061365468
0.357491762911
0.357740418452
0.358998866691
0.360605851368
0.360639939873
0.361423306222
0.362437917648
0.363777862069
0.365543271273
0.366320708101
0.36796625734
0.368670591726
0.371698464144
0.373581289509
0.374788960829
0.37450544822
0.375845325829
0.378231786875
0.379630993067
0.381687923614
0.384056206629
0.386410828981
0.388234534983
0.3887826917
0.390899516224
0.393520090607
0.397409431988
0.400271828198
0.402358161785
0.403838900807
0.406071691256
0.407849224066
0.410217808902
0.411808119406
0.414404675734
0.418115429376
0.421309983154
0.42487303386
0.426231996401
0.428884611617
0.430956761522
0.434115509322
0.435572712461
0.436711092134
0.438083277506
0.440618359341
0.442503192297
0.445219869634
0.446876301082
0.448755201609
0.448923166195
0.449597066513
0.450707956841
0.452856354547
0.454122806922
0.454366445626
0.453319164003
0.453947947937
0.454953124957
0.455237801207
0.455410394079
0.45642791236
0.457635545509
0.457958110863
0.457239987396
0.456781500559
0.455708430927
0.455323938903
0.455743807488
0.456577803585
0.455533763017
0.454757574252
0.453798642989
0.454889930144
0.453550769426
0.4545619171
0.454169935958
0.454936436163
0.454071331759
0.452684368953
0.451839820558
0.448853802953
0.44790709477
0.445821073275
0.445205913042
0.442385457603
0.440752051044
0.439258677402
0.438844417923
0.436932779193
0.434665354952
0.431618451424
0.430988376193
0.428697969466
0.427945074364
0.424933641507
0.422705456576
0.41973938643
0.417160482849
0.416101382254
0.413544272013
0.41005327166
0.406820861427
0.403445230645
0.400979379237
0.396976210764
0.39388905719
0.390826973475
0.387453625696
0.383850129822
0.379766932698
0.376210555982
0.372388846865
0.368619777357
0.36529537552
0.361844428578
0.35836818446
0.354280181426
0.350253601575
0.34633337025
0.342029664733
0.337833701428
0.332680271597
0.327558459322
0.322257369246
0.318014150708
0.313506400605
0.309273887414
0.304902810906
0.30110920231
0.297519460986
0.292917226732
0.28894208707
0.28461069212
0.280417066833
0.2757086222
0.270608427753
0.26624183309
0.261325302575
0.25682498298
0.251941117419
0.24733405695
0.24280807914
0.238567284696
0.233973070203
0.229512014379
0.225194941954
0.22082557895
0.216935925866
0.212589502269
0.209480776446
0.205558051585
0.202402281967
0.197891181401
0.194497468537
0.190452923703
0.187509522003
0.183697974017
0.179985984817
0.176363722576
0.17275423227
0.169774147645
0.166397063322
0.163300366843
0.159807513676
0.156580134956
0.152645838799
0.14976414933
0.146684718978
0.144107264321
0.141253068734
0.139479148965
0.138053142992
0.136668790815
0.133739647043
0.131366160436
0.128684596737
0.127639418514
0.126478968654
0.125409919111
0.123376843017
0.120822042556
0.119127701069
0.117400775972
0.115294815715
0.112461439019
0.110390929206
0.10895838446
0.107598400281
0.106059244819
0.104212046968
0.103340133666
0.10197309093
0.101515798226
0.100309089437
0.100025336283
0.0988387009009
0.0984153159351
0.0974355998301
0.0975449927107
0.0971245683714
0.0968140962203
0.0958789188058
0.0954341898253
0.0943255059446
0.0933602780785
0.0918378205029
0.0909178750502
0.0903180116766
0.089512368577
0.0887671164094
0.0876010196364
0.0861522248897
0.0848583733476
0.0842970395253
0.084143438151
0.0834767953407
0.0827687019052
0.0819963974229
0.081779301605
0.0818889005963
0.0814953381463
0.0811635825473
0.0798715629776
0.0792648792575
0.078009872576
0.0779406761064
0.0768817205406
0.0773569763939
0.0761249894212
0.0758605187385
0.0742714785747
0.0740443131044
0.073543328563
0.0737590207413
0.0727644928096
0.0720624510486
0.0711163059639
0.0715843002685
0.071674709559
0.072195029729
0.0713310443649
0.071025505667
0.0701023435098
0.0704503924284
0.0706153801103
0.0708775147079
0.0704366156883
0.0701011804589
0.0703983180578
0.0710517221134
0.0719944053403
0.0723827614031
0.0724733617774
0.0723870507269
0.0723482497199
0.0727088390069
0.0739060389734
0.0746539293192
0.0755550121891
0.0754723502045
0.076215198012
0.0773356942546
0.0790990852623
0.0812694471838
0.082723297398
0.0838079323913
0.084695882109
0.0861619841804
0.0876289184994
0.0893262479569
0.0902647958259
0.0911634516131
0.0915612998934
0.0920126678373
0.0927578743036
0.0937134401882
0.0950195213541
0.0960812123739
0.0956993575012
0.0941261357082
0.0929816886338
0.0931767769159
0.0937664705914
0.0939514523695
0.0930111240796
0.0916334884214
0.0894609793515
0.087881822134
0.0874788967318
0.0866763203809
0.0857461199853
0.0835127688543
0.0813534503676
0.0789061005842
0.0771670098158
0.0764844482524
0.0756821802846
0.0749922415293
0.0733361967444
0.0719868223803
0.0695417467039
0.0679836632187
0.066765234657
0.0667847844753
0.0670966091502
0.0661014102532
0.0644805446329
0.0621879794682
0.0612657245364
0.060817964426
0.0610811158216
0.0617733609973
0.0618569788679
0.0609938198297
0.0591756989442
0.0581661293136
0.0580969052896
0.0578022496295
0.0585217952945
0.0587720272758
0.0595944897745
0.0592481412372
0.0586222303981
0.0582061649449
0.0581026899785
0.0588119071224
0.0602546633285
0.061075356793
0.0610981432641
0.0596765442809
0.0589549298756
0.0581484045037
0.0584700302542
0.059084158392
0.0603076941382
0.0604047836966
0.0602374872226
0.0595316941993
0.0592693973484
0.0583717748959
0.0584480819948
0.0589329543072
0.0600465058601
0.0599609643694
0.0602652532492
0.0595839028793
0.0592864319505
0.0581515559976
0.0579174521026
0.057819594782
0.0585400345209
0.0590512087773
0.0592992377948
0.0590532435533
0.0591476476015
0.0586768356843
0.0583994609251
0.0581175528698
0.0585517662113
0.0594347934048
0.0596225721065
0.0600782722118
0.0595182303998
0.0595633135331
0.059186688145
0.0597544707381
0.0599448143463
0.0609273557594
0.061420422513
0.0620569218235
0.062216500855
0.0618547007323
0.0613521887984
0.0609896828833
0.0613483295215
0.0618238157075
0.0622043079281
0.0629206232565
0.0633899786561
0.0638346055952
0.0631955685538
0.0628352739382
0.0619245423481
0.0618545031195
0.0616582645527
0.0625012471606
0.0627674959914
0.063586207106
0.0637947480091
0.0639015729496
0.0637835005173
0.0634207442509
0.0632671019716
0.0636502271211
0.0640089421589
0.0643491063132
0.0645097598523
0.0646716113697
0.0653040787733
0.0653849853965
0.0655552882886
0.0651463958966
0.0655807449291
0.065567089574
0.0660282004335
0.0658902033892
0.0667124383615
0.0679949314433
0.0686124111048
0.0694870365034
0.0686755090008
0.0686414075642
0.0678060789713
0.0683515647871
0.0685896402702
0.0696069582501
0.0699990950848
0.0708221073063
0.0710481187328
0.0716050918419
0.0709148771882
0.0704644386717
0.0692867427188
0.0694557890853
0.0687383785653
0.0689432145658
0.0689186844245
0.0699285282557
0.0712895992496
0.0714894748919
0.0723044421869
0.0719955332648
0.0719360466069
0.0712377776803
0.0711181900275
0.0726488281551
0.0739022310228
0.0755489179228
0.0766184576529
0.0780042318
0.0788588967922
0.0791033156383
0.0785573409102
0.078533530474
0.0784923541914
0.0789490557116
0.0783434500879
0.0781946959548
0.078909797426
0.0800771324671
0.0802259469986
0.0800462778068
0.079346440927
0.0792569033696
0.0778040844286
0.0763689188629
0.0751848679016
0.0749743583993
0.0752725635422
0.0760577088739
0.0769621414623
0.0784519954607
0.0797814786071
0.0804579094994
0.0804270099608
0.0790160640544
0.0783446059205
0.0775827396975
0.0779203985984
0.0775387504756
0.0780156911348
0.0787963027075
0.0792151075358
0.0803968678831
0.0807329798616
0.0813425213578
0.0814402419649
0.0809572195582
0.0805743060554
0.0800226133433
0.0811176439389
0.0825439047524
0.0834029399141
0.0839460681843
0.0852126829831
0.086558019377
0.0875296546759
0.0873034673742
0.0869456697497
0.0864540221294
0.0858851491011
0.0853719529818
0.0849969466672
0.0844534788654
0.0842709849097
0.084169352804
0.0850689486938
0.0859509225565
0.0865782643307
0.086358812803
0.0853658399395
0.084147660032
0.0837155108697
0.0824600494718
0.0825031543224
0.0822223725828
0.0833013738764
0.08349238513
0.0840739978204
0.0845657562874
0.0844374905111
0.0841078125069
0.082824911112
0.0825833651174
0.0827805255506
0.0834023968515
0.08395380038
0.0836264263708
0.0840290136707
0.0835293221864
0.0830743637607
0.0829311036114
0.0831197391313
0.0837300623031
0.0838885728562
0.0837139661708
0.0839084087821
0.0839376942473
0.0845416243807
0.0837686349984
0.0833687107874
0.081524157522
0.081508771651
0.0799421532032
0.0802820587216
0.0793201016457
0.0782850268345
0.0767528641455
0.0755815074574
0.0739664343857
0.0731560631427
0.0726462179541
0.074029486534
0.0733593842394
0.0723922163877
0.0707277065794
0.0699795520308
0.0688127151491
0.0684253362419
0.0675212228734
0.0668572693808
0.0662261426777
END
