380.3
381.1
381.9
382.7
383.5
384.4
385.2
386.0
386.8
387.6
388.4
389.2
390.1
390.9
391.7
392.5
393.3
394.1
394.9
395.8
396.6
397.4
398.2
399.0
399.8
400.6
401.5
402.3
403.1
403.9
404.7
405.5
406.3
407.2
408.0
408.8
409.6
410.4
411.2
412.0
412.8
413.7
414.5
415.3
416.1
416.9
417.7
418.5
419.4
420.2
421.0
421.8
422.6
423.4
424.2
425.1
425.9
426.7
427.5
428.3
429.1
429.9
430.8
431.6
432.4
433.2
434.0
434.8
435.6
436.4
437.3
438.1
438.9
439.7
440.5
441.3
442.1
443.0
443.8
444.6
445.4
446.2
447.0
447.8
448.7
449.5
450.3
451.1
451.9
452.7
453.5
454.4
455.2
456.0
456.8
457.6
458.4
459.2
460.0
460.9
461.7
462.5
463.3
464.1
464.9
465.7
466.6
467.4
468.2
469.0
469.8
470.6
471.4
472.3
473.1
473.9
474.7
475.5
476.3
477.1
478.0
478.8
479.6
480.4
481.2
482.0
482.8
483.6
484.5
485.3
486.1
486.9
487.7
488.5
489.3
490.2
491.0
491.8
492.6
493.4
494.2
495.0
495.9
496.7
497.5
498.3
499.1
499.9
500.7
501.6
502.4
503.2
504.0
504.8
505.6
506.4
507.2
508.1
508.9
509.7
510.5
511.3
512.1
512.9
513.7
514.5
515.3
516.1
516.8
517.6
518.4
519.2
520.0
520.8
521.5
522.3
523.1
523.9
524.7
525.5
526.2
527.0
527.8
528.6
529.4
530.2
530.9
531.7
532.5
533.3
534.1
534.9
535.6
536.4
537.2
538.0
538.8
539.6
540.3
541.1
541.9
542.7
543.5
544.3
545.0
545.8
546.6
547.4
548.2
549.0
549.7
550.5
551.3
552.1
552.9
553.7
554.4
555.2
556.0
556.8
557.6
558.4
559.1
559.9
560.7
561.5
562.3
563.1
563.8
564.6
565.4
566.2
567.0
567.8
568.5
569.3
570.1
570.9
571.7
572.5
573.2
574.0
574.8
575.6
576.4
577.2
577.9
578.7
579.5
580.3
581.1
581.9
582.6
583.4
584.2
585.0
585.8
586.6
587.3
588.1
588.9
589.6
590.3
591.1
591.8
592.6
593.3
594.0
594.8
595.5
596.3
597.0
597.7
598.5
599.2
600.0
600.7
601.5
602.2
602.9
603.7
604.4
605.2
605.9
606.6
607.4
608.1
608.9
609.6
610.3
611.1
611.8
612.6
613.3
614.0
614.8
615.5
616.3
617.0
617.7
618.5
619.2
620.0
620.7
621.4
622.2
622.9
623.7
624.4
625.2
625.9
626.6
627.4
628.1
628.9
629.6
630.3
631.1
631.8
632.6
633.3
634.0
634.8
635.5
636.3
637.0
637.7
638.5
639.2
640.0
640.7
641.4
642.2
642.9
643.7
644.4
645.1
645.9
646.6
647.4
648.1
648.8
649.6
650.3
651.1
651.8
652.6
653.3
654.0
654.8
655.5
656.3
657.0
657.7
658.5
659.2
660.0
660.7
661.4
662.2
662.9
663.7
664.4
665.1
665.9
666.6
667.4
668.1
668.9
669.6
670.4
671.2
671.9
672.7
673.4
674.2
674.9
675.7
676.5
677.2
678.0
678.7
679.5
680.2
681.0
681.8
682.5
683.3
684.0
684.8
685.5
686.3
687.1
687.8
688.6
689.3
690.1
690.8
691.6
692.4
693.1
693.9
694.6
695.4
696.1
696.9
697.7
698.4
699.2
699.9
700.7
701.4
702.2
703.0
703.7
704.5
705.2
706.0
706.8
707.6
708.4
709.2
710.0
710.8
711.6
712.4
713.2
714.0
714.8
715.6
716.4
717.2
718.0
718.8
719.6
720.4
721.2
722.0
722.8
723.6
724.4
725.2
726.0
726.8
727.6
728.4
729.2
730.0
730.8
731.6
732.4
733.2
734.0
734.8
735.6
736.4
737.2
738.0
738.8
739.6
740.4
741.2
742.0
742.8
743.6
744.4
745.2
746.0
746.8
747.6
748.4
749.2
750.0
750.8
751.6
752.4
753.2
754.0
754.8
755.6
756.4
757.2
758.0
758.8
759.6
760.4
761.2
762.0
762.8
763.6
764.4
765.2
766.0
766.8
767.6
768.4
769.2
770.0
770.8
771.6
772.4
773.2
774.1
774.9
775.7
776.5
777.3
778.1
778.9
779.7
780.5
781.3
782.1
782.9
783.7
784.5
785.3
786.1
786.9
787.7
788.5
789.3
790.1
790.9
791.7
792.5
793.3
794.1
794.9
795.7
796.5
797.3
798.1
798.9
799.7
800.5
801.3
802.1
802.9
803.7
804.5
805.3
806.1
806.9
807.7
808.5
809.3
810.1
810.9
811.7
812.5
813.3
814.1
814.9
815.7
816.5
817.3
818.1
818.9
819.7
820.5
821.3
822.1
822.9
823.7
824.5
825.3
826.1
826.9
827.7
828.5
829.3
830.1
830.9
831.7
832.6
833.4
834.3
835.1
835.9
836.8
837.6
838.5
839.3
840.2
841.0
841.9
842.7
843.5
844.4
845.2
846.1
846.9
847.8
848.6
849.4
850.3
851.1
852.0
852.8
853.7
854.5
855.3
856.2
857.0
857.9
858.7
859.6
860.4
861.3
862.1
862.9
863.8
864.6
865.5
866.3
867.2
868.0
868.8
869.7
870.5
871.4
872.2
873.1
873.9
874.8
875.6
876.4
877.3
878.1
879.0
879.8
880.7
881.5
882.3
883.2
884.0
884.9
885.7
886.6
887.4
888.2
889.1
889.9
890.8
891.6
892.5
893.3
894.2
895.0
895.8
896.7
897.5
898.4
899.2
NEXT_SERIES
0.374789876924
0.373291838036
0.37301702482
0.375683668363
0.381172041225
0.385618337701
0.393785887232
0.403757332718
0.416772872427
0.430498727657
0.44520727401
0.460778123462
0.476636684467
0.493098625048
0.510685172551
0.528132212948
0.545248501653
0.559382874928
0.571371414865
0.577661205406
0.582080964422
0.583363869446
0.582544064217
0.579957825124
0.573052608194
0.565323221833
0.556198613808
0.548420036704
0.540954524255
0.533113684646
0.526644522255
0.520373439028
0.516633082506
0.513445333646
0.512423635458
0.509688091636
0.508115778407
0.505733500217
0.505404585296
0.50570724778
0.50725262303
0.507941257541
0.508830658885
0.509940820652
0.511660816155
0.512348358552
0.513354305571
0.514037909212
0.514501877287
0.514094774462
0.514325193003
0.514911998901
0.51553924193
0.514266985567
0.513349192052
0.512500608044
0.512984024293
0.513314838826
0.513087534063
0.511521311218
0.509579166589
0.508495495687
0.507706946377
0.507589606188
0.506913046187
0.506587326052
0.504918353227
0.502549372889
0.500616180911
0.498381627065
0.497461023687
0.49634450645
0.495062755137
0.492207928063
0.489047915159
0.487876920583
0.486714313597
0.485973113942
0.484444479513
0.48265946729
0.48111806323
0.478451773742
0.476077928776
0.473426894003
0.471683184193
0.469545574723
0.468146564812
0.465782453176
0.465219610217
0.463369844355
0.462503264629
0.461626880075
0.461437797396
0.459410703036
0.45686090504
0.454210382223
0.45308701079
0.451468895936
0.449957183698
0.448973319604
0.448407895479
0.447805483345
0.44663570752
0.446312852367
0.444762412839
0.44549007031
0.444560488826
0.445579090618
0.444333349999
0.444558377201
0.44514006335
0.445562170689
0.446347016529
0.4466159201
0.447548776361
0.448765867693
0.449008141441
0.448845098015
0.449328608139
0.450557042223
0.451413183517
0.452379725127
0.454089431022
0.456697998223
0.45762069243
0.457994412002
0.458918726507
0.460506316273
0.464209288237
0.466690616339
0.468482259674
0.466729264407
0.468130459871
0.468785122795
0.471321153303
0.472159564894
0.474431888668
0.47630741011
0.478126631744
0.47990181763
0.481600171066
0.483566250919
0.485496283333
0.486114314042
0.486810274554
0.486675192126
0.487365169214
0.489446080356
0.491168699093
0.494878460689
0.495224754899
0.496380010651
0.494823412123
0.493634471481
0.491528827224
0.491170278983
0.491209346365
0.490563347866
0.488513028299
0.488525723294
0.488853046586
0.488598847597
0.48590502945
0.485118839532
0.483917807866
0.483004644618
0.480869943714
0.47914347153
0.476612116344
0.474937313686
0.47339816028
0.47251535849
0.47102757921
0.47021878125
0.469564233073
0.468073692945
0.466552919684
0.465628395596
0.465052635536
0.464100887783
0.46199239997
0.460855382159
0.458754570321
0.457293525879
0.455121789663
0.453929004477
0.45098216616
0.447883182675
0.444470717252
0.442764099446
0.441237824673
0.438907278202
0.437753974309
0.436053692277
0.434954889014
0.432154798137
0.430669592868
0.429886755031
0.429079530085
0.42624112404
0.423367324078
0.420558000711
0.418721837163
0.415824778059
0.414032588944
0.410999247976
0.408359080426
0.404183878557
0.400485446425
0.398001641372
0.394522903312
0.391789423901
0.388063443822
0.386152445753
0.383701868669
0.381232465818
0.37808552413
0.374837612414
0.371635796407
0.368779846693
0.365909635693
0.363068738365
0.359191827052
0.354894443987
0.350098018545
0.346902307933
0.343551018932
0.340156373605
0.335981305241
0.331858698421
0.328560005642
0.325430679672
0.322430831846
0.31875320537
0.315025817063
0.312011581687
0.308742547912
0.305045610721
0.301420261095
0.297863780522
0.295041921179
0.291101820687
0.287711383999
0.283470208927
0.280445592744
0.27644085433
0.273121811611
0.268835238494
0.265929572617
0.261522234754
0.258811419256
0.255469813293
0.253530892068
0.250529791786
0.247877035684
0.244731351756
0.242333507814
0.239181529212
0.236559032478
0.233392007461
0.230464392252
0.227586925215
0.224168331231
0.221971823098
0.218407187812
0.215986630674
0.212919438536
0.210732858706
0.207198839164
0.203918746891
0.201222556321
0.199006329655
0.197232590367
0.195823944322
0.194566576137
0.193729723608
0.191966625388
0.190707643536
0.188673066818
0.187759000647
0.186972005379
0.185540287006
0.183563251845
0.181225923106
0.179662461298
0.178185035913
0.176249252311
0.174222482293
0.172223258947
0.171464557453
0.169852972812
0.168114425096
0.165407032696
0.164470444428
0.163822577032
0.164385512615
0.16391106957
0.163468808757
0.162738463532
0.162893127417
0.163255952597
0.162997357886
0.162939146736
0.162126486806
0.162467476301
0.161856658931
0.16084710607
0.15902949255
0.157651801565
0.157229567479
0.156420613102
0.154997612657
0.153712699773
0.152284562992
0.15095881205
0.149286975533
0.148816692512
0.148904560349
0.148009692745
0.147001083292
0.145753550697
0.145787519877
0.145938101441
0.145463946463
0.145258129323
0.143390174072
0.142975095081
0.141899545503
0.142471439682
0.140485423187
0.140473412793
0.138858084372
0.138966213524
0.137306035747
0.137142694031
0.136108943859
0.136370075177
0.134333844521
0.134242504459
0.132546368506
0.133892943513
0.133241714746
0.134006159345
0.132588108163
0.133254558935
0.132778787872
0.134099858278
0.134308227031
0.134412877649
0.133937097321
0.133474205523
0.134288063824
0.135375193231
0.136804634258
0.137745143559
0.13812666988
0.137512725028
0.138171695211
0.138964707162
0.14178663529
0.143070617832
0.144274490068
0.144671134417
0.146033196776
0.148937097972
0.15222329308
0.155392365004
0.156740360683
0.158440907979
0.159980122411
0.163285593455
0.166168678789
0.16911626236
0.171484457866
0.173117196575
0.174268657067
0.175158746254
0.176589110836
0.178572298219
0.180166466726
0.180985674588
0.180700516868
0.179553273852
0.178530276819
0.178282227903
0.178776193301
0.178646962204
0.17706346358
0.173923599308
0.171144246072
0.168301392479
0.167855933483
0.165634337177
0.163841031101
0.159371272683
0.156002358497
0.15193744498
0.14877374356
0.14756250487
0.146533934565
0.145526446146
0.142214754404
0.138988507503
0.134757748808
0.131789254309
0.130226388752
0.130496458596
0.131314456543
0.129493227035
0.126803597045
0.122226007225
0.119756946478
0.118651356609
0.11934591312
0.120807924558
0.12001497269
0.119186839687
0.115830976841
0.115252988014
0.114072331502
0.11428163208
0.114874481719
0.11498090169
0.116043197188
0.114963780363
0.114443021575
0.113429744145
0.113329404578
0.114497647669
0.116002099572
0.117319323394
0.117218318172
0.116122111231
0.114649805565
0.113325939448
0.11325502697
0.112995665661
0.114991728236
0.115926635164
0.116997941523
0.115596797418
0.114353312655
0.113170760597
0.112488641997
0.112993201066
0.114003353935
0.114913351835
0.115070012621
0.114037907803
0.112491144736
0.111646564848
0.111282871871
0.111379968413
0.111571235339
0.112144688504
0.11285172395
0.112241707231
0.111342769768
0.110744807796
0.110557458291
0.111220418347
0.111673555109
0.112779753377
0.113079816028
0.113149939695
0.112388576974
0.112204309425
0.111775231147
0.112084325083
0.112938261217
0.114861780541
0.115813882702
0.116574679979
0.116033310018
0.115700078534
0.114161546664
0.113331060225
0.112721270316
0.113047884757
0.113824828771
0.11538602121
0.116138106567
0.116488275876
0.115694446609
0.114835967373
0.113131263896
0.112451901549
0.112275914158
0.113060046172
0.113055048546
0.113812150338
0.114373740475
0.114898733387
0.115125336867
0.11439148513
0.113783325455
0.113205353095
0.113370093552
0.114703597728
0.115289668459
0.116448832958
0.11656648753
0.116610685143
0.116386442219
0.115689569835
0.115934089083
0.11540893629
0.115951039116
0.116445594419
0.118410125948
0.120202104385
0.12138561189
0.121311555774
0.120173238774
0.119345370336
0.118653567798
0.119455335375
0.119945049977
0.121397434657
0.121863491779
0.122966369448
0.122687188079
0.123136004331
0.121950575774
0.121369697298
0.119279657132
0.119211727496
0.118551265287
0.119172843766
0.119619310036
0.120842145643
0.122299897684
0.12205048896
0.122514952108
0.121953747218
0.122132333913
0.1220198238
0.121840326322
0.123353807468
0.125391200173
0.128094282381
0.130393690391
0.131853706722
0.133334165755
0.133400575757
0.132214516653
0.131309381767
0.130691656335
0.131648842768
0.131197269443
0.131652666907
0.132329267151
0.134172143338
0.134646244459
0.134506976069
0.133084841745
0.13283770551
0.131187700065
0.129694134921
0.127455657225
0.12714820596
0.127526140973
0.128721925993
0.129956061434
0.131306358494
0.132689115026
0.133006072745
0.133096995386
0.131728684876
0.131484962757
0.130806938122
0.130841576472
0.130191198995
0.130030346285
0.131236262545
0.131708175625
0.133519909617
0.133806455954
0.135042176257
0.134845282322
0.134570892101
0.133974588109
0.133934484736
0.134494100004
0.135438398026
0.136835690341
0.13899668433
0.140889717469
0.142394742017
0.142452361243
0.142001722751
0.141108525283
0.140701053156
0.139461842066
0.139444684699
0.13847627927
0.139251605151
0.138203757549
0.138289737243
0.138258912553
0.138628822563
0.139826563332
0.139309686392
0.139009804935
0.136882718219
0.136352581483
0.13515007344
0.134700165739
0.134258840742
0.134271429901
0.134710410344
0.135084378474
0.136462240063
0.136716393687
0.136464466297
0.135595382694
0.135817213565
0.135741660712
0.135451507587
0.13421503067
0.133594619988
0.133491250182
0.133303160792
0.133498907529
0.133764772741
0.134058998992
0.13449232594
0.13410953789
0.13401609861
0.133931050815
0.134644141382
0.13475788668
0.133921948615
0.133129106867
0.131922711138
0.130824801376
0.129414296004
0.129191903828
0.127402100968
0.125443687502
0.122500554789
0.121364969089
0.119211562614
0.118400068239
0.117484772046
0.117196927385
0.116043093054
0.115394481656
0.113798177092
0.112011736405
0.110482081878
0.110288679199
0.109942114498
0.108647345501
0.106404438938
END
