380.3
381.1
381.9
382.7
383.5
384.4
385.2
386.0
386.8
387.6
388.4
389.2
390.1
390.9
391.7
392.5
393.3
394.1
394.9
395.8
396.6
397.4
398.2
399.0
399.8
400.6
401.5
402.3
403.1
403.9
404.7
405.5
406.3
407.2
408.0
408.8
409.6
410.4
411.2
412.0
412.8
413.7
414.5
415.3
416.1
416.9
417.7
418.5
419.4
420.2
421.0
421.8
422.6
423.4
424.2
425.1
425.9
426.7
427.5
428.3
429.1
429.9
430.8
431.6
432.4
433.2
434.0
434.8
435.6
436.4
437.3
438.1
438.9
439.7
440.5
441.3
442.1
443.0
443.8
444.6
445.4
446.2
447.0
447.8
448.7
449.5
450.3
451.1
451.9
452.7
453.5
454.4
455.2
456.0
456.8
457.6
458.4
459.2
460.0
460.9
461.7
462.5
463.3
464.1
464.9
465.7
466.6
467.4
468.2
469.0
469.8
470.6
471.4
472.3
473.1
473.9
474.7
475.5
476.3
477.1
478.0
478.8
479.6
480.4
481.2
482.0
482.8
483.6
484.5
485.3
486.1
486.9
487.7
488.5
489.3
490.2
491.0
491.8
492.6
493.4
494.2
495.0
495.9
496.7
497.5
498.3
499.1
499.9
500.7
501.6
502.4
503.2
504.0
504.8
505.6
506.4
507.2
508.1
508.9
509.7
510.5
511.3
512.1
512.9
513.7
514.5
515.3
516.1
516.8
517.6
518.4
519.2
520.0
520.8
521.5
522.3
523.1
523.9
524.7
525.5
526.2
527.0
527.8
528.6
529.4
530.2
530.9
531.7
532.5
533.3
534.1
534.9
535.6
536.4
537.2
538.0
538.8
539.6
540.3
541.1
541.9
542.7
543.5
544.3
545.0
545.8
546.6
547.4
548.2
549.0
549.7
550.5
551.3
552.1
552.9
553.7
554.4
555.2
556.0
556.8
557.6
558.4
559.1
559.9
560.7
561.5
562.3
563.1
563.8
564.6
565.4
566.2
567.0
567.8
568.5
569.3
570.1
570.9
571.7
572.5
573.2
574.0
574.8
575.6
576.4
577.2
577.9
578.7
579.5
580.3
581.1
581.9
582.6
583.4
584.2
585.0
585.8
586.6
587.3
588.1
588.9
589.6
590.3
591.1
591.8
592.6
593.3
594.0
594.8
595.5
596.3
597.0
597.7
598.5
599.2
600.0
600.7
601.5
602.2
602.9
603.7
604.4
605.2
605.9
606.6
607.4
608.1
608.9
609.6
610.3
611.1
611.8
612.6
613.3
614.0
614.8
615.5
616.3
617.0
617.7
618.5
619.2
620.0
620.7
621.4
622.2
622.9
623.7
624.4
625.2
625.9
626.6
627.4
628.1
628.9
629.6
630.3
631.1
631.8
632.6
633.3
634.0
634.8
635.5
636.3
637.0
637.7
638.5
639.2
640.0
640.7
641.4
642.2
642.9
643.7
644.4
645.1
645.9
646.6
647.4
648.1
648.8
649.6
650.3
651.1
651.8
652.6
653.3
654.0
654.8
655.5
656.3
657.0
657.7
658.5
659.2
660.0
660.7
661.4
662.2
662.9
663.7
664.4
665.1
665.9
666.6
667.4
668.1
668.9
669.6
670.4
671.2
671.9
672.7
673.4
674.2
674.9
675.7
676.5
677.2
678.0
678.7
679.5
680.2
681.0
681.8
682.5
683.3
684.0
684.8
685.5
686.3
687.1
687.8
688.6
689.3
690.1
690.8
691.6
692.4
693.1
693.9
694.6
695.4
696.1
696.9
697.7
698.4
699.2
699.9
700.7
701.4
702.2
703.0
703.7
704.5
705.2
706.0
706.8
707.6
708.4
709.2
710.0
710.8
711.6
712.4
713.2
714.0
714.8
715.6
716.4
717.2
718.0
718.8
719.6
720.4
721.2
722.0
722.8
723.6
724.4
725.2
726.0
726.8
727.6
728.4
729.2
730.0
730.8
731.6
732.4
733.2
734.0
734.8
735.6
736.4
737.2
738.0
738.8
739.6
740.4
741.2
742.0
742.8
743.6
744.4
745.2
746.0
746.8
747.6
748.4
749.2
750.0
750.8
751.6
752.4
753.2
754.0
754.8
755.6
756.4
757.2
758.0
758.8
759.6
760.4
761.2
762.0
762.8
763.6
764.4
765.2
766.0
766.8
767.6
768.4
769.2
770.0
770.8
771.6
772.4
773.2
774.1
774.9
775.7
776.5
777.3
778.1
778.9
779.7
780.5
781.3
782.1
782.9
783.7
784.5
785.3
786.1
786.9
787.7
788.5
789.3
790.1
790.9
791.7
792.5
793.3
794.1
794.9
795.7
796.5
797.3
798.1
798.9
799.7
800.5
801.3
802.1
802.9
803.7
804.5
805.3
806.1
806.9
807.7
808.5
809.3
810.1
810.9
811.7
812.5
813.3
814.1
814.9
815.7
816.5
817.3
818.1
818.9
819.7
820.5
821.3
822.1
822.9
823.7
824.5
825.3
826.1
826.9
827.7
828.5
829.3
830.1
830.9
831.7
832.6
833.4
834.3
835.1
835.9
836.8
837.6
838.5
839.3
840.2
841.0
841.9
842.7
843.5
844.4
845.2
846.1
846.9
847.8
848.6
849.4
850.3
851.1
852.0
852.8
853.7
854.5
855.3
856.2
857.0
857.9
858.7
859.6
860.4
861.3
862.1
862.9
863.8
864.6
865.5
866.3
867.2
868.0
868.8
869.7
870.5
871.4
872.2
873.1
873.9
874.8
875.6
876.4
877.3
878.1
879.0
879.8
880.7
881.5
882.3
883.2
884.0
884.9
885.7
886.6
887.4
888.2
889.1
889.9
890.8
891.6
892.5
893.3
894.2
895.0
895.8
896.7
897.5
898.4
899.2
NEXT_SERIES
0.533397502133
0.531232093452
0.532787884717
0.533868976949
0.539077448498
0.545244461544
0.559072867761
0.575327419724
0.591747316117
0.610025570569
0.629239486699
0.65105264859
0.672098797546
0.694840654009
0.71476903553
0.736463687558
0.754605368373
0.773378662535
0.784781738143
0.794565636315
0.800276141551
0.803184543687
0.800640484568
0.794417021615
0.786706839021
0.779178130772
0.769457389672
0.760569619042
0.751544691372
0.745417478867
0.73889917764
0.733760417877
0.72823925437
0.72463606969
0.722151399528
0.719207308035
0.718752807713
0.718000975097
0.718826253656
0.719537771086
0.720679363765
0.722655618983
0.726344191446
0.730724162439
0.735307753547
0.73809139032
0.742020485408
0.745592735246
0.7495514766
0.751864966511
0.75419724532
0.755678597574
0.757209271491
0.760064835953
0.760237273623
0.760305634862
0.759211008952
0.760835407977
0.762589271832
0.764537724226
0.765533700417
0.764535595568
0.762168624943
0.759527436487
0.758667232894
0.75775263435
0.756766180223
0.755035276975
0.752740476138
0.749551795297
0.746332391307
0.742687039049
0.739324944227
0.733521102943
0.728203802472
0.723662244088
0.721181850711
0.717715094868
0.715134796868
0.710481630529
0.706558757679
0.701746135978
0.697802571246
0.694793881055
0.690531626717
0.685776800918
0.681401015979
0.675826540835
0.67277155206
0.668540642977
0.665447625014
0.662026162907
0.657794864425
0.654597835993
0.65085613858
0.647783875086
0.644085279745
0.639033380383
0.635235745231
0.631254230727
0.628949001769
0.625788128861
0.623224905231
0.621766636517
0.622194674386
0.621259771546
0.619917164344
0.61741549822
0.616721936903
0.615807112907
0.614946117858
0.612799760417
0.611967461727
0.611550904181
0.612966872074
0.6132718225
0.613774161947
0.612481996106
0.612413383742
0.611670627605
0.612827615961
0.612745852583
0.614880458515
0.61563619104
0.616300747435
0.615180575913
0.615533645268
0.617031226848
0.620214251812
0.622225478913
0.622863361616
0.621732895372
0.621652145865
0.623238861657
0.625203676127
0.627269027004
0.628469348849
0.628900989468
0.629049934411
0.630581695964
0.631172215786
0.633260877373
0.633516862492
0.632774360555
0.631763869486
0.63183240262
0.633268068399
0.63537371829
0.634083456364
0.634925147829
0.633013431023
0.633035970797
0.630812121874
0.628339699728
0.625677715514
0.622487925947
0.620475416342
0.61755127232
0.615955629121
0.613791701422
0.612310687281
0.608860827564
0.605926037374
0.603292862836
0.601257607591
0.597002699169
0.59369538119
0.589313053868
0.585739107534
0.581363210337
0.578997523702
0.576114030239
0.573493842738
0.570087324322
0.567391278746
0.56494984609
0.562898191341
0.562018212346
0.55985211053
0.559325177253
0.558463018703
0.557526422548
0.554122884195
0.551378234925
0.548826901301
0.548182623739
0.544542106778
0.540774561909
0.535956701708
0.533558976229
0.531338819574
0.528622435298
0.526901053727
0.524933596597
0.524125845765
0.521316746515
0.519970358936
0.518404873867
0.516854568279
0.514331736823
0.511934102907
0.510517146622
0.508504337969
0.504837912263
0.50208237689
0.499009079104
0.496100625777
0.491211637518
0.48687268719
0.484349870242
0.482006009965
0.478985363584
0.475307678518
0.47270469185
0.471518383353
0.469325627277
0.467486799952
0.465267692002
0.463759062326
0.461549840645
0.458388530662
0.455364445604
0.451413626972
0.448030212365
0.443761394893
0.440157391423
0.436918142507
0.433607889884
0.431193896681
0.428863640848
0.426969489584
0.424539067388
0.421563592318
0.418945624274
0.415672325599
0.41282244929
0.410049429064
0.407836715889
0.405387546182
0.403248404591
0.400783118257
0.398069912352
0.394585463017
0.391622522127
0.388792181247
0.385663912318
0.382178230887
0.378891611422
0.37631062624
0.373317206149
0.371661133021
0.368810096533
0.367238542795
0.364066375151
0.362882709862
0.360973126067
0.360047687312
0.357318632781
0.355234300893
0.352304711834
0.349952185152
0.347164828885
0.343583442754
0.340955691608
0.337804468657
0.336142645113
0.333267511506
0.330484273658
0.327576723083
0.325287114167
0.323344095252
0.320570505732
0.318707100677
0.318240666321
0.318359381783
0.318563492819
0.317314768338
0.316302357766
0.315923142032
0.316318999781
0.316886453532
0.315686913673
0.313876930293
0.311559548277
0.310411843059
0.308459260989
0.306467791833
0.304092979547
0.30188071234
0.301044393582
0.299736142311
0.299221990424
0.29712559202
0.296222612733
0.294611384974
0.295148478666
0.294316402803
0.294841017704
0.294258419104
0.295383817791
0.296666723171
0.297703870703
0.298401296217
0.298443191418
0.298242087517
0.298277823727
0.297523542083
0.296543224933
0.294716825043
0.293194187984
0.2925518007
0.291204464756
0.289977106667
0.287664599759
0.28508503573
0.283036123432
0.282578060426
0.282658231571
0.281484389854
0.279842308155
0.278767473787
0.278783905128
0.279089767534
0.2781188272
0.277713068423
0.275930456492
0.276155331707
0.275175152987
0.275388776472
0.272684607572
0.27263896417
0.270925225116
0.271226529651
0.268968098141
0.268675509232
0.267651897367
0.268001225757
0.26538944203
0.265009637338
0.262598198281
0.264451810633
0.264148417
0.266956509787
0.266105828144
0.267141969863
0.266364169226
0.268679599142
0.26912987497
0.269550371703
0.269338489012
0.269435103387
0.271083615631
0.272279391353
0.275369638848
0.277173266517
0.279016016632
0.27918577334
0.280672898854
0.281935140365
0.285665306847
0.287720921794
0.290558507251
0.291815826676
0.294785321342
0.299079678362
0.304400765805
0.309875998842
0.312822686915
0.315895491686
0.319017577243
0.324471407319
0.329718545591
0.335049470102
0.339634157616
0.342748493608
0.34488830118
0.346045713781
0.347880940102
0.350134185985
0.35331491519
0.355395190533
0.355311371132
0.352560640605
0.350136113692
0.349413824853
0.349493077105
0.349765578046
0.346909632511
0.342774848427
0.337145172767
0.331631760576
0.329101943796
0.325632848175
0.323568058315
0.316850847325
0.311052390901
0.303976124208
0.298524589287
0.295347438815
0.291931893523
0.290685659598
0.286490062206
0.282834201731
0.275740536614
0.270567133104
0.266827266381
0.266527621455
0.266813355255
0.264369439947
0.261144072686
0.255109092261
0.251655716889
0.248434789606
0.249028911998
0.249748846655
0.248680831418
0.246378881127
0.242334462938
0.241023201399
0.239218496563
0.239251233531
0.240867775938
0.24132508178
0.242815964281
0.240605295948
0.239621271011
0.237029740664
0.236514305594
0.237363759913
0.240034863201
0.241817063328
0.242135246636
0.241099523722
0.239501049222
0.237931965546
0.236552314894
0.236232015989
0.238283070763
0.239848803249
0.241342189556
0.239327668638
0.237674593691
0.235175535083
0.234015773389
0.233711783143
0.235030292782
0.236039854288
0.236572688467
0.234988918472
0.2328112271
0.230907353393
0.229884138666
0.229453496293
0.230296133688
0.23102559345
0.232812833801
0.232332670278
0.23170636027
0.229939932581
0.228602308595
0.227657991082
0.227949185882
0.229169691655
0.230831672511
0.231658686896
0.231192222457
0.230184539446
0.229120385121
0.228968270363
0.229404278843
0.230976682084
0.232766934901
0.234978289539
0.235002452885
0.234109478423
0.231070721507
0.229638120934
0.228395288921
0.229124260426
0.229634424251
0.231680496085
0.23282259835
0.23410729953
0.232847324304
0.230496913298
0.226916243299
0.225467274337
0.225048518198
0.22639544812
0.227413317911
0.228860562332
0.230554056499
0.229832256591
0.229819694097
0.227630400047
0.227043229946
0.225657758893
0.225415421537
0.226987276255
0.229114409065
0.230913883798
0.231319087727
0.230832121272
0.231227654183
0.230194416077
0.230145736144
0.229032820324
0.230280322376
0.231315503759
0.233827197829
0.236286026091
0.237277109806
0.237524281483
0.235861628033
0.235204039165
0.234801808494
0.235204601247
0.236517853884
0.237386253914
0.238005399034
0.239343961944
0.239674963249
0.23953819607
0.236996640493
0.235402622945
0.233041265374
0.232660337378
0.231968781325
0.232162467204
0.232470373174
0.233482546454
0.235226773705
0.234556538434
0.234233584451
0.233629566141
0.233855593567
0.234225080731
0.235265898878
0.238303503188
0.241769332801
0.244761834843
0.247423987888
0.248975898315
0.250309967156
0.24997273329
0.249122518864
0.248448460372
0.247601189712
0.248085503558
0.24772220642
0.248887331401
0.24964797343
0.251406145071
0.251642763102
0.250805208916
0.248532968873
0.247042703676
0.244596510409
0.242491759203
0.240263200514
0.239304913236
0.239872286046
0.240429179272
0.242005245871
0.24337884024
0.245021504916
0.245472921459
0.244735654734
0.242801705857
0.24183098665
0.240732625898
0.240307841507
0.239538783782
0.239996192939
0.24132079262
0.242616821394
0.244573124813
0.245723063896
0.246793890434
0.246925085972
0.246723401735
0.246367166126
0.245923960602
0.246993594024
0.247886529331
0.249864388804
0.251443876192
0.253876611334
0.255611430001
0.256460816683
0.255894423147
0.254905035681
0.254079104153
0.252658297783
0.252210937701
0.250442143044
0.250331238474
0.249378887799
0.250118774953
0.251710586417
0.252225433634
0.252951591367
0.25101560183
0.249901945834
0.248034607279
0.246212736465
0.244621487873
0.24320294056
0.243635249518
0.244058941527
0.244412586035
0.244505218419
0.244587481373
0.244563328791
0.245198176997
0.244911790038
0.244397845124
0.242591062676
0.24183110677
0.24113560679
0.240237810102
0.240079465405
0.239796218404
0.240065024906
0.239475252224
0.238732628589
0.238718755497
0.238461228441
0.23853104841
0.238452188576
0.238504871533
0.238059096401
0.235921461987
0.234279089902
0.232315137413
0.230650174542
0.228603378799
0.227095956545
0.223453360531
0.219837414638
0.217609536829
0.217115170662
0.215335912827
0.211099029735
0.20800641332
0.205602571548
0.20434705244
0.202750326606
0.200720517865
0.197806003743
0.196366405804
0.193808674649
0.192392500264
0.188543268465
0.186666414614
END
