380.3
381.1
381.9
382.7
383.5
384.4
385.2
386.0
386.8
387.6
388.4
389.2
390.1
390.9
391.7
392.5
393.3
394.1
394.9
395.8
396.6
397.4
398.2
399.0
399.8
400.6
401.5
402.3
403.1
403.9
404.7
405.5
406.3
407.2
408.0
408.8
409.6
410.4
411.2
412.0
412.8
413.7
414.5
415.3
416.1
416.9
417.7
418.5
419.4
420.2
421.0
421.8
422.6
423.4
424.2
425.1
425.9
426.7
427.5
428.3
429.1
429.9
430.8
431.6
432.4
433.2
434.0
434.8
435.6
436.4
437.3
438.1
438.9
439.7
440.5
441.3
442.1
443.0
443.8
444.6
445.4
446.2
447.0
447.8
448.7
449.5
450.3
451.1
451.9
452.7
453.5
454.4
455.2
456.0
456.8
457.6
458.4
459.2
460.0
460.9
461.7
462.5
463.3
464.1
464.9
465.7
466.6
467.4
468.2
469.0
469.8
470.6
471.4
472.3
473.1
473.9
474.7
475.5
476.3
477.1
478.0
478.8
479.6
480.4
481.2
482.0
482.8
483.6
484.5
485.3
486.1
486.9
487.7
488.5
489.3
490.2
491.0
491.8
492.6
493.4
494.2
495.0
495.9
496.7
497.5
498.3
499.1
499.9
500.7
501.6
502.4
503.2
504.0
504.8
505.6
506.4
507.2
508.1
508.9
509.7
510.5
511.3
512.1
512.9
513.7
514.5
515.3
516.1
516.8
517.6
518.4
519.2
520.0
520.8
521.5
522.3
523.1
523.9
524.7
525.5
526.2
527.0
527.8
528.6
529.4
530.2
530.9
531.7
532.5
533.3
534.1
534.9
535.6
536.4
537.2
538.0
538.8
539.6
540.3
541.1
541.9
542.7
543.5
544.3
545.0
545.8
546.6
547.4
548.2
549.0
549.7
550.5
551.3
552.1
552.9
553.7
554.4
555.2
556.0
556.8
557.6
558.4
559.1
559.9
560.7
561.5
562.3
563.1
563.8
564.6
565.4
566.2
567.0
567.8
568.5
569.3
570.1
570.9
571.7
572.5
573.2
574.0
574.8
575.6
576.4
577.2
577.9
578.7
579.5
580.3
581.1
581.9
582.6
583.4
584.2
585.0
585.8
586.6
587.3
588.1
588.9
589.6
590.3
591.1
591.8
592.6
593.3
594.0
594.8
595.5
596.3
597.0
597.7
598.5
599.2
600.0
600.7
601.5
602.2
602.9
603.7
604.4
605.2
605.9
606.6
607.4
608.1
608.9
609.6
610.3
611.1
611.8
612.6
613.3
614.0
614.8
615.5
616.3
617.0
617.7
618.5
619.2
620.0
620.7
621.4
622.2
622.9
623.7
624.4
625.2
625.9
626.6
627.4
628.1
628.9
629.6
630.3
631.1
631.8
632.6
633.3
634.0
634.8
635.5
636.3
637.0
637.7
638.5
639.2
640.0
640.7
641.4
642.2
642.9
643.7
644.4
645.1
645.9
646.6
647.4
648.1
648.8
649.6
650.3
651.1
651.8
652.6
653.3
654.0
654.8
655.5
656.3
657.0
657.7
658.5
659.2
660.0
660.7
661.4
662.2
662.9
663.7
664.4
665.1
665.9
666.6
667.4
668.1
668.9
669.6
670.4
671.2
671.9
672.7
673.4
674.2
674.9
675.7
676.5
677.2
678.0
678.7
679.5
680.2
681.0
681.8
682.5
683.3
684.0
684.8
685.5
686.3
687.1
687.8
688.6
689.3
690.1
690.8
691.6
692.4
693.1
693.9
694.6
695.4
696.1
696.9
697.7
698.4
699.2
699.9
700.7
701.4
702.2
703.0
703.7
704.5
705.2
706.0
706.8
707.6
708.4
709.2
710.0
710.8
711.6
712.4
713.2
714.0
714.8
715.6
716.4
717.2
718.0
718.8
719.6
720.4
721.2
722.0
722.8
723.6
724.4
725.2
726.0
726.8
727.6
728.4
729.2
730.0
730.8
731.6
732.4
733.2
734.0
734.8
735.6
736.4
737.2
738.0
738.8
739.6
740.4
741.2
742.0
742.8
743.6
744.4
745.2
746.0
746.8
747.6
748.4
749.2
750.0
750.8
751.6
752.4
753.2
754.0
754.8
755.6
756.4
757.2
758.0
758.8
759.6
760.4
761.2
762.0
762.8
763.6
764.4
765.2
766.0
766.8
767.6
768.4
769.2
770.0
770.8
771.6
772.4
773.2
774.1
774.9
775.7
776.5
777.3
778.1
778.9
779.7
780.5
781.3
782.1
782.9
783.7
784.5
785.3
786.1
786.9
787.7
788.5
789.3
790.1
790.9
791.7
792.5
793.3
794.1
794.9
795.7
796.5
797.3
798.1
798.9
799.7
800.5
801.3
802.1
802.9
803.7
804.5
805.3
806.1
806.9
807.7
808.5
809.3
810.1
810.9
811.7
812.5
813.3
814.1
814.9
815.7
816.5
817.3
818.1
818.9
819.7
820.5
821.3
822.1
822.9
823.7
824.5
825.3
826.1
826.9
827.7
828.5
829.3
830.1
830.9
831.7
832.6
833.4
834.3
835.1
835.9
836.8
837.6
838.5
839.3
840.2
841.0
841.9
842.7
843.5
844.4
845.2
846.1
846.9
847.8
848.6
849.4
850.3
851.1
852.0
852.8
853.7
854.5
855.3
856.2
857.0
857.9
858.7
859.6
860.4
861.3
862.1
862.9
863.8
864.6
865.5
866.3
867.2
868.0
868.8
869.7
870.5
871.4
872.2
873.1
873.9
874.8
875.6
876.4
877.3
878.1
879.0
879.8
880.7
881.5
882.3
883.2
884.0
884.9
885.7
886.6
887.4
888.2
889.1
889.9
890.8
891.6
892.5
893.3
894.2
895.0
895.8
896.7
897.5
898.4
899.2
NEXT_SERIES
0.329037696853
0.331073491945
0.331971947278
0.336506780515
0.336325692631
0.339763194341
0.344278028698
0.35247085074
0.364365317631
0.377309487345
0.391752301981
0.404750348984
0.419469393232
0.43637882634
0.45162649502
0.46741659929
0.481689396658
0.495699910891
0.50574886301
0.510462288254
0.513283129082
0.511857109582
0.510143301605
0.504832177324
0.498736622849
0.490474343861
0.483511331111
0.475551961421
0.46854552261
0.462072258224
0.456254198
0.451275430933
0.446213382292
0.443477364865
0.441011437952
0.438886036183
0.437473282871
0.43650416942
0.435998808974
0.436300565108
0.436378442817
0.437116891007
0.437318963013
0.438613167222
0.440254769624
0.44111683488
0.441956657665
0.442544386311
0.443215331401
0.444602516511
0.444606030301
0.444821585279
0.443430896884
0.44227154741
0.441555012436
0.440747015979
0.440802122541
0.440956864125
0.440669147788
0.439212472625
0.437855840422
0.437223760622
0.437078496235
0.436352637317
0.436129401177
0.435184038743
0.433683255579
0.432007903231
0.430474371594
0.429536565515
0.427591823726
0.426521893778
0.424637077816
0.422978980558
0.419841639913
0.417732811382
0.416508664085
0.416112022157
0.415773503587
0.414726159173
0.413553192984
0.411853128158
0.410037659113
0.408667500356
0.406773977815
0.405702609825
0.404796907754
0.404196828394
0.403144031615
0.402802986065
0.401790694471
0.401460572655
0.399746859521
0.398697871992
0.396858528242
0.39638444672
0.395593744645
0.395431695451
0.395415973798
0.394670157344
0.393990678815
0.392083232897
0.391790931262
0.391673375745
0.391629886862
0.392109924466
0.391719107623
0.392295678216
0.392581823737
0.394089574281
0.395113089091
0.395272974859
0.394975434459
0.395780609846
0.396857064464
0.398444729848
0.398030563102
0.398334032271
0.398252903271
0.399761844337
0.400815210903
0.402212058684
0.403294085777
0.405183742593
0.406194296186
0.407969166287
0.408657311466
0.409975851378
0.411559699449
0.414094415175
0.416414636111
0.416753028245
0.4168091702
0.417570774279
0.418754707964
0.420845283143
0.423248091214
0.425244006806
0.426814184421
0.427806964661
0.429696432901
0.431970280867
0.433794361361
0.434891125494
0.43551887511
0.435492610447
0.436504845432
0.437988415735
0.439503390931
0.441315857173
0.441923201064
0.442921527353
0.442727530032
0.44223118657
0.441839952099
0.44219212413
0.442210727705
0.441509012468
0.439828899113
0.439586255321
0.439718837116
0.440232523115
0.440200384636
0.440595169508
0.440604909475
0.439253166821
0.437293927303
0.435174373566
0.433659150394
0.432981116905
0.432607836032
0.43223470169
0.430274467457
0.429072608727
0.427722579281
0.427944224158
0.426773687863
0.426800117025
0.425766761045
0.425182136011
0.423960170104
0.424127449357
0.423687724496
0.421478839823
0.418728330794
0.416763087081
0.414754758345
0.412416396445
0.409516541037
0.408331737333
0.40697949241
0.405672895047
0.404925982283
0.403767915481
0.402981999882
0.400279886588
0.39878697027
0.397037533775
0.395329991926
0.392688050052
0.390482235267
0.389322789052
0.387868426953
0.385120184661
0.38249017762
0.379135365962
0.376863603908
0.373592988193
0.370046163076
0.366907690924
0.364113919779
0.362279822805
0.359437198619
0.356792802855
0.354320157658
0.351642539822
0.348379852489
0.345134800444
0.342320513642
0.34002588872
0.337429696283
0.334188960506
0.330681644
0.326151399198
0.32212485638
0.318905204141
0.315817454647
0.313327599514
0.308781677423
0.305263727046
0.300625794027
0.298189668974
0.295117398644
0.292054898495
0.288243605626
0.284992256891
0.282433200948
0.27879764677
0.275031507101
0.271171161709
0.268258500513
0.264557147136
0.261184652424
0.257507402059
0.254887840481
0.250709301384
0.246695822076
0.242727483664
0.239943594248
0.237137010868
0.234361002575
0.230707519355
0.227494322904
0.224097000382
0.221768678261
0.219344437692
0.216904024929
0.213920313318
0.210898085772
0.208360635954
0.205434325954
0.203016222357
0.199507190396
0.19689535154
0.193432927863
0.190999719103
0.188638951172
0.186272483527
0.183487010347
0.180577427964
0.178503118639
0.176155684654
0.174049619452
0.172054305918
0.170705310812
0.1697672205
0.16833908876
0.166785127225
0.164397912589
0.163444736167
0.162978212721
0.162498850021
0.160288188211
0.158235554781
0.15652466761
0.155101354325
0.152840542335
0.151271312787
0.149577474214
0.148539756229
0.146642953887
0.145503267302
0.143524050048
0.142747874604
0.141396471979
0.141519218288
0.140424420765
0.14027092124
0.139332412669
0.13963574858
0.139978593202
0.139991863415
0.139379740535
0.138549708728
0.138209232078
0.138439733442
0.137764350678
0.136791641072
0.135128874475
0.134259842556
0.133143130055
0.132283667376
0.131065619604
0.130063387449
0.128616131654
0.12734787591
0.12670991477
0.126628450321
0.125844936537
0.125195308821
0.124316302585
0.123971315279
0.123725354331
0.123326200755
0.123129355444
0.122201171091
0.121947439147
0.121215858139
0.121127424829
0.119971202307
0.119624386409
0.118021369951
0.117888320703
0.11693509151
0.116995686646
0.115745924952
0.115714644041
0.114438651011
0.114134157988
0.112852536381
0.113196803052
0.112966026549
0.113395849779
0.112658755082
0.112557609271
0.11219461683
0.113162125668
0.113936461071
0.113764051051
0.113031244895
0.112510117342
0.113462760136
0.114936411454
0.11620014432
0.116710745607
0.116452454844
0.115946047169
0.116534970871
0.11715344329
0.118804985549
0.119873209347
0.121066758716
0.12134132245
0.122184838243
0.124225358065
0.126803688744
0.129184630926
0.13035446595
0.131566914916
0.132817162665
0.135089984629
0.137281626615
0.13995060148
0.141632905541
0.143110206994
0.143197208161
0.144045722628
0.14485231424
0.14678566319
0.148568302248
0.149370664924
0.148881261828
0.147211153002
0.146359546295
0.146279594054
0.146999989952
0.147235701746
0.145898387204
0.143160423332
0.140724845813
0.139020094894
0.139158985249
0.137606769305
0.136191608594
0.132554481062
0.129610261222
0.126336772402
0.124136410652
0.123613280879
0.122856351796
0.121928377042
0.11967462103
0.117001205322
0.11406037161
0.111843223083
0.111172570005
0.111039299782
0.11156308788
0.110240817698
0.108546448989
0.104899700606
0.102892865046
0.102265806636
0.102919479112
0.103659211043
0.102380770925
0.101738831803
0.0996609770651
0.0994104515426
0.0983815958429
0.0983876269696
0.099321148396
0.0999079722286
0.100713059526
0.0997514428654
0.0993086311278
0.0983611776695
0.0981191400007
0.0988136651705
0.10038422828
0.101620471143
0.10182227829
0.100958997843
0.100018353859
0.0989139749486
0.0989604884264
0.0994652010019
0.100668454502
0.101134529271
0.101033766362
0.0997479657145
0.0990705692281
0.0984973336425
0.0985815232752
0.0990953730018
0.100401041216
0.10068160638
0.101072127784
0.0996375140258
0.098956519514
0.097614323432
0.0974267566024
0.097765618602
0.0985368349933
0.0993278851477
0.0999257990308
0.0999380387971
0.0991856518393
0.0985761886131
0.0977342256993
0.0973780457486
0.0974239537143
0.0987874906209
0.100088521151
0.10098229239
0.0998811573458
0.0996474484756
0.0988932218519
0.0997410791286
0.100077812338
0.101470836265
0.102481688566
0.10340629629
0.102975403709
0.102462771167
0.101131679705
0.100775765776
0.100221074476
0.100769840822
0.101440523703
0.102763238371
0.103779263784
0.104152278683
0.103378585439
0.102581711905
0.101631372812
0.101077196996
0.100757768855
0.10125633524
0.101808898004
0.102682427648
0.103083658989
0.103251018875
0.10286003876
0.102182956609
0.101602450584
0.101738111962
0.101724837147
0.103376413487
0.103982072751
0.104935343184
0.104774046
0.104984835841
0.105003816554
0.104714775699
0.104808529412
0.104718428413
0.105266724879
0.10537157063
0.10698674822
0.108572589021
0.109500136301
0.109275605491
0.108305083436
0.10853558211
0.108650586675
0.109387577857
0.109926670863
0.111492264137
0.111526111507
0.112944854907
0.113306598863
0.114003195619
0.112048071459
0.110790500057
0.10982653962
0.110124068938
0.109298059537
0.109278838392
0.109607301978
0.11070983297
0.111968778115
0.111563117967
0.111889683127
0.111451456817
0.112174618692
0.112338651594
0.112815144118
0.114221563505
0.115915268674
0.118127837237
0.119496740014
0.120920167356
0.12234551332
0.123045252141
0.122550439056
0.121657935084
0.12126434927
0.121731839073
0.121433497559
0.122067710411
0.122895394144
0.12443515445
0.124585541038
0.123977303912
0.123022193406
0.122296386373
0.120557078981
0.118585696117
0.116949267617
0.117184658775
0.118007298992
0.119298410231
0.120435420498
0.122169034883
0.123484217867
0.123805384312
0.122951202082
0.121807982413
0.121523733381
0.121326416074
0.12132127023
0.121100983765
0.12182813055
0.122710627714
0.122832548778
0.12373546886
0.124671002457
0.126232728059
0.126346530954
0.126182389423
0.12535343581
0.124729663971
0.124722740534
0.125758023338
0.127116158645
0.128921601579
0.130916018825
0.132197473171
0.132305676338
0.131953150998
0.131377313222
0.131182138344
0.130059007195
0.130075829699
0.129811635095
0.130012662285
0.129432735789
0.129092431341
0.130036362149
0.130691615049
0.131523483199
0.131451342387
0.131326093943
0.130145752247
0.128815860601
0.127398257924
0.127257737105
0.127562791115
0.128369773731
0.128150173288
0.127339604472
0.12743234573
0.127999925633
0.129557660117
0.129113860523
0.128468045928
0.127249202411
0.127282610486
0.126871167282
0.126842207386
0.126721266535
0.125994535422
0.125526631709
0.125289119232
0.126334583873
0.12757315113
0.127577948297
0.127551541126
0.127042891933
0.127228139288
0.127614670412
0.126283058726
0.126363930429
0.124919287471
0.124467827033
0.122352854171
0.121779194158
0.120525403395
0.118957593981
0.117071262643
0.114936459658
0.113625715775
0.11299275431
0.112801498052
0.111675948845
0.11036614474
0.109223417867
0.10940636071
0.106944039712
0.106248255587
0.104664516911
0.105798155091
0.104962059625
0.10396969925
END
