380.3
381.1
381.9
382.7
383.5
384.4
385.2
386.0
386.8
387.6
388.4
389.2
390.1
390.9
391.7
392.5
393.3
394.1
394.9
395.8
396.6
397.4
398.2
399.0
399.8
400.6
401.5
402.3
403.1
403.9
404.7
405.5
406.3
407.2
408.0
408.8
409.6
410.4
411.2
412.0
412.8
413.7
414.5
415.3
416.1
416.9
417.7
418.5
419.4
420.2
421.0
421.8
422.6
423.4
424.2
425.1
425.9
426.7
427.5
428.3
429.1
429.9
430.8
431.6
432.4
433.2
434.0
434.8
435.6
436.4
437.3
438.1
438.9
439.7
440.5
441.3
442.1
443.0
443.8
444.6
445.4
446.2
447.0
447.8
448.7
449.5
450.3
451.1
451.9
452.7
453.5
454.4
455.2
456.0
456.8
457.6
458.4
459.2
460.0
460.9
461.7
462.5
463.3
464.1
464.9
465.7
466.6
467.4
468.2
469.0
469.8
470.6
471.4
472.3
473.1
473.9
474.7
475.5
476.3
477.1
478.0
478.8
479.6
480.4
481.2
482.0
482.8
483.6
484.5
485.3
486.1
486.9
487.7
488.5
489.3
490.2
491.0
491.8
492.6
493.4
494.2
495.0
495.9
496.7
497.5
498.3
499.1
499.9
500.7
501.6
502.4
503.2
504.0
504.8
505.6
506.4
507.2
508.1
508.9
509.7
510.5
511.3
512.1
512.9
513.7
514.5
515.3
516.1
516.8
517.6
518.4
519.2
520.0
520.8
521.5
522.3
523.1
523.9
524.7
525.5
526.2
527.0
527.8
528.6
529.4
530.2
530.9
531.7
532.5
533.3
534.1
534.9
535.6
536.4
537.2
538.0
538.8
539.6
540.3
541.1
541.9
542.7
543.5
544.3
545.0
545.8
546.6
547.4
548.2
549.0
549.7
550.5
551.3
552.1
552.9
553.7
554.4
555.2
556.0
556.8
557.6
558.4
559.1
559.9
560.7
561.5
562.3
563.1
563.8
564.6
565.4
566.2
567.0
567.8
568.5
569.3
570.1
570.9
571.7
572.5
573.2
574.0
574.8
575.6
576.4
577.2
577.9
578.7
579.5
580.3
581.1
581.9
582.6
583.4
584.2
585.0
585.8
586.6
587.3
588.1
588.9
589.6
590.3
591.1
591.8
592.6
593.3
594.0
594.8
595.5
596.3
597.0
597.7
598.5
599.2
600.0
600.7
601.5
602.2
602.9
603.7
604.4
605.2
605.9
606.6
607.4
608.1
608.9
609.6
610.3
611.1
611.8
612.6
613.3
614.0
614.8
615.5
616.3
617.0
617.7
618.5
619.2
620.0
620.7
621.4
622.2
622.9
623.7
624.4
625.2
625.9
626.6
627.4
628.1
628.9
629.6
630.3
631.1
631.8
632.6
633.3
634.0
634.8
635.5
636.3
637.0
637.7
638.5
639.2
640.0
640.7
641.4
642.2
642.9
643.7
644.4
645.1
645.9
646.6
647.4
648.1
648.8
649.6
650.3
651.1
651.8
652.6
653.3
654.0
654.8
655.5
656.3
657.0
657.7
658.5
659.2
660.0
660.7
661.4
662.2
662.9
663.7
664.4
665.1
665.9
666.6
667.4
668.1
668.9
669.6
670.4
671.2
671.9
672.7
673.4
674.2
674.9
675.7
676.5
677.2
678.0
678.7
679.5
680.2
681.0
681.8
682.5
683.3
684.0
684.8
685.5
686.3
687.1
687.8
688.6
689.3
690.1
690.8
691.6
692.4
693.1
693.9
694.6
695.4
696.1
696.9
697.7
698.4
699.2
699.9
700.7
701.4
702.2
703.0
703.7
704.5
705.2
706.0
706.8
707.6
708.4
709.2
710.0
710.8
711.6
712.4
713.2
714.0
714.8
715.6
716.4
717.2
718.0
718.8
719.6
720.4
721.2
722.0
722.8
723.6
724.4
725.2
726.0
726.8
727.6
728.4
729.2
730.0
730.8
731.6
732.4
733.2
734.0
734.8
735.6
736.4
737.2
738.0
738.8
739.6
740.4
741.2
742.0
742.8
743.6
744.4
745.2
746.0
746.8
747.6
748.4
749.2
750.0
750.8
751.6
752.4
753.2
754.0
754.8
755.6
756.4
757.2
758.0
758.8
759.6
760.4
761.2
762.0
762.8
763.6
764.4
765.2
766.0
766.8
767.6
768.4
769.2
770.0
770.8
771.6
772.4
773.2
774.1
774.9
775.7
776.5
777.3
778.1
778.9
779.7
780.5
781.3
782.1
782.9
783.7
784.5
785.3
786.1
786.9
787.7
788.5
789.3
790.1
790.9
791.7
792.5
793.3
794.1
794.9
795.7
796.5
797.3
798.1
798.9
799.7
800.5
801.3
802.1
802.9
803.7
804.5
805.3
806.1
806.9
807.7
808.5
809.3
810.1
810.9
811.7
812.5
813.3
814.1
814.9
815.7
816.5
817.3
818.1
818.9
819.7
820.5
821.3
822.1
822.9
823.7
824.5
825.3
826.1
826.9
827.7
828.5
829.3
830.1
830.9
831.7
832.6
833.4
834.3
835.1
835.9
836.8
837.6
838.5
839.3
840.2
841.0
841.9
842.7
843.5
844.4
845.2
846.1
846.9
847.8
848.6
849.4
850.3
851.1
852.0
852.8
853.7
854.5
855.3
856.2
857.0
857.9
858.7
859.6
860.4
861.3
862.1
862.9
863.8
864.6
865.5
866.3
867.2
868.0
868.8
869.7
870.5
871.4
872.2
873.1
873.9
874.8
875.6
876.4
877.3
878.1
879.0
879.8
880.7
881.5
882.3
883.2
884.0
884.9
885.7
886.6
887.4
888.2
889.1
889.9
890.8
891.6
892.5
893.3
894.2
895.0
895.8
896.7
897.5
898.4
899.2
NEXT_SERIES
0.397009110926
0.398627448465
0.396934245327
0.397519179741
0.40108305499
0.407709804253
0.418098478856
0.429647688605
0.44319125852
0.458540629655
0.471244118353
0.486650814597
0.502812466777
0.523005137733
0.541120677911
0.558287365899
0.573535427454
0.587641216625
0.598236814963
0.605582601148
0.611840140026
0.613141382536
0.610968322035
0.604335734187
0.598282257277
0.590357534499
0.582214817249
0.57342875748
0.56365787078
0.554763717591
0.546712371799
0.54296739848
0.539513014999
0.536625063296
0.533891906905
0.532666859441
0.530403159936
0.529948754932
0.528104668709
0.528718910759
0.528983937395
0.531473756719
0.534155810706
0.537024567311
0.539614914255
0.543036036562
0.544819227854
0.547218984986
0.548086753767
0.549536412164
0.550643720191
0.552053542323
0.552382077158
0.551935849767
0.553100540639
0.553460211586
0.553997053266
0.554172267008
0.555073524197
0.555174855819
0.553600416808
0.55301660992
0.551749263688
0.550940947486
0.549726435562
0.550172068949
0.548838367486
0.547161644647
0.54435343071
0.542827680497
0.540736632136
0.538889600706
0.536221542561
0.532891777361
0.52902830913
0.526685594173
0.524915953663
0.523697416004
0.522311717201
0.521229490479
0.52075156802
0.51876883467
0.517126471
0.514669918595
0.513746252934
0.512952277687
0.511479359541
0.511087578941
0.510098581505
0.510669482566
0.51054605783
0.511638905904
0.511198338356
0.510166950156
0.508461331192
0.507241390074
0.506918589928
0.507172384491
0.507297743153
0.507164708714
0.506841235906
0.508236639144
0.508601162166
0.510003378631
0.511493854852
0.514340435914
0.515737942965
0.51788655405
0.518481810398
0.520778825844
0.522277859664
0.525380048714
0.526604358544
0.529472680991
0.532233425887
0.536965363073
0.539078780603
0.540833277016
0.543501049013
0.547348385383
0.550199527264
0.552618896649
0.557373162721
0.562181801725
0.567399608521
0.570241833804
0.575116146205
0.57895646313
0.583708655231
0.587831167739
0.591544657688
0.593513703495
0.59728322468
0.600319415306
0.605876223019
0.609414133721
0.614453303024
0.617897564751
0.621785642971
0.62441855318
0.62763490787
0.631712905654
0.636538648405
0.640349354738
0.643952277068
0.647068362715
0.650837391622
0.654517812868
0.657546761517
0.66219950806
0.664876098896
0.66859761073
0.669708164446
0.671044245334
0.672776074453
0.675481751395
0.677889875826
0.678077604466
0.677578495996
0.679537449556
0.681699023957
0.684387747672
0.685071136111
0.686831925299
0.687561514954
0.688787559881
0.689363091341
0.689315558558
0.688353293773
0.68809122362
0.68831363647
0.688445602673
0.687829163718
0.687701135647
0.687560233086
0.687201802765
0.686098019553
0.686258509876
0.685935844129
0.686233535017
0.685351715862
0.684750607728
0.684314306889
0.684071696645
0.683005606688
0.680458819849
0.675922931268
0.673082176833
0.669322078821
0.667834020764
0.664721581272
0.662987122344
0.660504684216
0.657905667527
0.656280435317
0.654213286036
0.653293523969
0.649267781231
0.645150387222
0.639299287832
0.635422997977
0.631717486929
0.62881656335
0.625001301012
0.621131886804
0.616315776753
0.61169867932
0.605181184597
0.598753517806
0.592525890773
0.587500615414
0.581817081053
0.576063435932
0.569938655931
0.565684018136
0.560894089164
0.555729938715
0.550345426742
0.54528071376
0.540207067747
0.534400912106
0.526543856906
0.520069166267
0.513043931604
0.506102753851
0.4990276692
0.491547088719
0.485539554452
0.47860297597
0.471838620517
0.464912885901
0.458551347549
0.452893979301
0.446512421628
0.440312750591
0.433956726902
0.427382435167
0.420436748322
0.413499194392
0.408004143528
0.401766319909
0.394395276332
0.387151677193
0.379694173798
0.373783977609
0.36595357093
0.359536676724
0.351829297308
0.346248811447
0.339505694359
0.334329330641
0.327953936925
0.322564097887
0.31642043009
0.31159165386
0.305757665703
0.301188476645
0.295567491642
0.290387083499
0.283891807208
0.278004227311
0.272498492667
0.267650194847
0.26305471735
0.257886709606
0.252760575148
0.24774613811
0.243108731571
0.238336235006
0.234027550144
0.230082267659
0.226654594556
0.223051981858
0.220193391285
0.218079220027
0.215559540748
0.212583332901
0.209169278118
0.2065771935
0.205259600306
0.203640338966
0.201404992285
0.198156726369
0.194776701862
0.192685258737
0.190343161995
0.187623199373
0.184115572371
0.181246939756
0.180000350346
0.177788538007
0.17563013501
0.17217309723
0.17061925345
0.168577814022
0.168784930893
0.167090234073
0.166504689079
0.164151796944
0.164680787549
0.164796375455
0.165474905455
0.164024314892
0.163351428235
0.162223424782
0.162895873813
0.16099673477
0.159337776309
0.156243770735
0.155275233516
0.154824240628
0.154085318872
0.152396785278
0.150135462039
0.147913685279
0.146497575081
0.145374371228
0.144667903054
0.143541289179
0.142524966507
0.141960350837
0.142200335322
0.142406774084
0.141676691452
0.140658684233
0.139164832622
0.13931162947
0.139380899379
0.13992447492
0.138448897397
0.13742973393
0.135239742899
0.134684973053
0.133542501841
0.134141618142
0.133337941658
0.133317682727
0.131474687551
0.131082905283
0.129514950127
0.130530477482
0.130014629554
0.130717457163
0.129139572413
0.129437736938
0.129054264729
0.130269298493
0.130720927271
0.13071858197
0.130356654734
0.129151499327
0.129499768333
0.130265674702
0.132234190334
0.132560724205
0.132172412817
0.130902011585
0.131304036165
0.13139563933
0.133336239253
0.133450548029
0.134114399443
0.133674910391
0.135024866153
0.137010098727
0.139321049151
0.141631016583
0.142527578746
0.143687583667
0.144358737741
0.146927171075
0.149118511525
0.151725250254
0.153129260596
0.153962928744
0.153832576675
0.153936474809
0.154720839318
0.156476041457
0.158520312331
0.159244496385
0.158238739276
0.155902952401
0.154822636184
0.154928742763
0.155327753794
0.155140582805
0.153167732343
0.150960343743
0.14885987249
0.147136062338
0.147571423031
0.146257189814
0.146822453342
0.143819900524
0.141654002988
0.137814955671
0.135830605909
0.135881419194
0.135493983765
0.135272011119
0.133086606807
0.130693094867
0.127915416221
0.126074251355
0.125758463659
0.125680687263
0.126147519108
0.124723463021
0.123049062516
0.11944911326
0.117691614418
0.116302614989
0.117020771656
0.118205860912
0.118090262576
0.1170113129
0.114132108463
0.113269761691
0.112431581027
0.112724701447
0.114428961174
0.115141072714
0.116213930196
0.114473247692
0.113921417552
0.113411913927
0.113334786484
0.114022681874
0.115323553282
0.117086651135
0.117655435434
0.116788717775
0.115977357004
0.114495323729
0.114373289128
0.11386624167
0.115380592739
0.115773214286
0.11626686699
0.115117673942
0.114175528395
0.113149195825
0.112820632397
0.112718351089
0.113949177211
0.114455587956
0.115080992247
0.113804428098
0.112470053593
0.111375199898
0.110761554929
0.111035221602
0.111090652791
0.111609885266
0.112445703735
0.112335946319
0.111702742551
0.11006725602
0.108933320947
0.108459862016
0.108743869486
0.11004370921
0.111167854349
0.111737948019
0.111155677076
0.11032822696
0.109812165817
0.109972583379
0.110722661317
0.111885259509
0.112728094954
0.114009112362
0.1142335891
0.114262584628
0.11222479579
0.111409805536
0.110436106287
0.110984242226
0.111694912607
0.11344778346
0.114674159161
0.115024748235
0.114357172922
0.112573823462
0.110741059703
0.109627188717
0.109812144773
0.110551508458
0.1114099377
0.112209828158
0.113031419031
0.112688495371
0.11225822455
0.110794430882
0.110390916688
0.11015640508
0.110853096688
0.112022291289
0.113223023316
0.114380371823
0.114525198881
0.114232324941
0.113928584537
0.112926234647
0.113085236592
0.112556909537
0.1136738041
0.114356692409
0.115560419724
0.116948989004
0.117466910247
0.118153081959
0.116894438265
0.116647568279
0.115951646433
0.116467126302
0.116793990933
0.11800701207
0.118609308932
0.119668779641
0.119436328778
0.119584909921
0.118092788146
0.117467634168
0.116234593582
0.11621824324
0.11513713011
0.115321083971
0.115361283646
0.116208071148
0.116785575589
0.11648651127
0.117080960174
0.116719353272
0.116376045222
0.116174986934
0.116699656602
0.118595549431
0.120058888727
0.122036121049
0.12454563697
0.126194223884
0.12764006528
0.127173918226
0.126952245443
0.126521469658
0.12666958935
0.127120583885
0.126107600497
0.125801291923
0.125811387798
0.126993357633
0.127807346268
0.127676762107
0.127092754173
0.126249830478
0.124799050736
0.122627564244
0.120788466472
0.119776647837
0.119921157354
0.120351408724
0.121790464037
0.123864621773
0.125594091244
0.126363922602
0.125228908372
0.124310383528
0.123203910483
0.123356208511
0.12258530504
0.122206377275
0.122567792285
0.123552046899
0.123859233163
0.125313907563
0.126239726832
0.127475966154
0.127248832336
0.126468043745
0.126054439068
0.125403403377
0.126663754564
0.127688200199
0.129438281123
0.131231461394
0.133240039421
0.134607398008
0.134240073666
0.133969167102
0.133115187276
0.133205506993
0.131855412401
0.131344766177
0.13042840691
0.130206072007
0.129617112365
0.129663571385
0.130613941225
0.130761842387
0.131082953705
0.13046458138
0.130023293392
0.128672476623
0.127247809589
0.125642922214
0.125426590923
0.125288296028
0.126262898517
0.126146993639
0.126952397656
0.126826537603
0.126078464462
0.126119542386
0.125281872407
0.125890784838
0.124575376864
0.125164760951
0.124414690379
0.124102256182
0.123761302638
0.122776910046
0.122096409178
0.121551392073
0.121536066563
0.121714977125
0.121443402685
0.121204743626
0.121039890854
0.12083379389
0.120727736354
0.120294408986
0.118821781498
0.117667620297
0.11569038558
0.114362154972
0.113172029461
0.110891771901
0.109141125861
0.106539072457
0.105476750601
0.104632707953
0.102758807517
0.10189997233
0.0997615430858
0.0995432219795
0.0976925113649
0.0965218390778
0.0941972859486
0.093397179397
0.091522548196
0.0909959970656
0.0896790284424
0.0884036235914
END
