380.3
381.1
381.9
382.7
383.5
384.4
385.2
386.0
386.8
387.6
388.4
389.2
390.1
390.9
391.7
392.5
393.3
394.1
394.9
395.8
396.6
397.4
398.2
399.0
399.8
400.6
401.5
402.3
403.1
403.9
404.7
405.5
406.3
407.2
408.0
408.8
409.6
410.4
411.2
412.0
412.8
413.7
414.5
415.3
416.1
416.9
417.7
418.5
419.4
420.2
421.0
421.8
422.6
423.4
424.2
425.1
425.9
426.7
427.5
428.3
429.1
429.9
430.8
431.6
432.4
433.2
434.0
434.8
435.6
436.4
437.3
438.1
438.9
439.7
440.5
441.3
442.1
443.0
443.8
444.6
445.4
446.2
447.0
447.8
448.7
449.5
450.3
451.1
451.9
452.7
453.5
454.4
455.2
456.0
456.8
457.6
458.4
459.2
460.0
460.9
461.7
462.5
463.3
464.1
464.9
465.7
466.6
467.4
468.2
469.0
469.8
470.6
471.4
472.3
473.1
473.9
474.7
475.5
476.3
477.1
478.0
478.8
479.6
480.4
481.2
482.0
482.8
483.6
484.5
485.3
486.1
486.9
487.7
488.5
489.3
490.2
491.0
491.8
492.6
493.4
494.2
495.0
495.9
496.7
497.5
498.3
499.1
499.9
500.7
501.6
502.4
503.2
504.0
504.8
505.6
506.4
507.2
508.1
508.9
509.7
510.5
511.3
512.1
512.9
513.7
514.5
515.3
516.1
516.8
517.6
518.4
519.2
520.0
520.8
521.5
522.3
523.1
523.9
524.7
525.5
526.2
527.0
527.8
528.6
529.4
530.2
530.9
531.7
532.5
533.3
534.1
534.9
535.6
536.4
537.2
538.0
538.8
539.6
540.3
541.1
541.9
542.7
543.5
544.3
545.0
545.8
546.6
547.4
548.2
549.0
549.7
550.5
551.3
552.1
552.9
553.7
554.4
555.2
556.0
556.8
557.6
558.4
559.1
559.9
560.7
561.5
562.3
563.1
563.8
564.6
565.4
566.2
567.0
567.8
568.5
569.3
570.1
570.9
571.7
572.5
573.2
574.0
574.8
575.6
576.4
577.2
577.9
578.7
579.5
580.3
581.1
581.9
582.6
583.4
584.2
585.0
585.8
586.6
587.3
588.1
588.9
589.6
590.3
591.1
591.8
592.6
593.3
594.0
594.8
595.5
596.3
597.0
597.7
598.5
599.2
600.0
600.7
601.5
602.2
602.9
603.7
604.4
605.2
605.9
606.6
607.4
608.1
608.9
609.6
610.3
611.1
611.8
612.6
613.3
614.0
614.8
615.5
616.3
617.0
617.7
618.5
619.2
620.0
620.7
621.4
622.2
622.9
623.7
624.4
625.2
625.9
626.6
627.4
628.1
628.9
629.6
630.3
631.1
631.8
632.6
633.3
634.0
634.8
635.5
636.3
637.0
637.7
638.5
639.2
640.0
640.7
641.4
642.2
642.9
643.7
644.4
645.1
645.9
646.6
647.4
648.1
648.8
649.6
650.3
651.1
651.8
652.6
653.3
654.0
654.8
655.5
656.3
657.0
657.7
658.5
659.2
660.0
660.7
661.4
662.2
662.9
663.7
664.4
665.1
665.9
666.6
667.4
668.1
668.9
669.6
670.4
671.2
671.9
672.7
673.4
674.2
674.9
675.7
676.5
677.2
678.0
678.7
679.5
680.2
681.0
681.8
682.5
683.3
684.0
684.8
685.5
686.3
687.1
687.8
688.6
689.3
690.1
690.8
691.6
692.4
693.1
693.9
694.6
695.4
696.1
696.9
697.7
698.4
699.2
699.9
700.7
701.4
702.2
703.0
703.7
704.5
705.2
706.0
706.8
707.6
708.4
709.2
710.0
710.8
711.6
712.4
713.2
714.0
714.8
715.6
716.4
717.2
718.0
718.8
719.6
720.4
721.2
722.0
722.8
723.6
724.4
725.2
726.0
726.8
727.6
728.4
729.2
730.0
730.8
731.6
732.4
733.2
734.0
734.8
735.6
736.4
737.2
738.0
738.8
739.6
740.4
741.2
742.0
742.8
743.6
744.4
745.2
746.0
746.8
747.6
748.4
749.2
750.0
750.8
751.6
752.4
753.2
754.0
754.8
755.6
756.4
757.2
758.0
758.8
759.6
760.4
761.2
762.0
762.8
763.6
764.4
765.2
766.0
766.8
767.6
768.4
769.2
770.0
770.8
771.6
772.4
773.2
774.1
774.9
775.7
776.5
777.3
778.1
778.9
779.7
780.5
781.3
782.1
782.9
783.7
784.5
785.3
786.1
786.9
787.7
788.5
789.3
790.1
790.9
791.7
792.5
793.3
794.1
794.9
795.7
796.5
797.3
798.1
798.9
799.7
800.5
801.3
802.1
802.9
803.7
804.5
805.3
806.1
806.9
807.7
808.5
809.3
810.1
810.9
811.7
812.5
813.3
814.1
814.9
815.7
816.5
817.3
818.1
818.9
819.7
820.5
821.3
822.1
822.9
823.7
824.5
825.3
826.1
826.9
827.7
828.5
829.3
830.1
830.9
831.7
832.6
833.4
834.3
835.1
835.9
836.8
837.6
838.5
839.3
840.2
841.0
841.9
842.7
843.5
844.4
845.2
846.1
846.9
847.8
848.6
849.4
850.3
851.1
852.0
852.8
853.7
854.5
855.3
856.2
857.0
857.9
858.7
859.6
860.4
861.3
862.1
862.9
863.8
864.6
865.5
866.3
867.2
868.0
868.8
869.7
870.5
871.4
872.2
873.1
873.9
874.8
875.6
876.4
877.3
878.1
879.0
879.8
880.7
881.5
882.3
883.2
884.0
884.9
885.7
886.6
887.4
888.2
889.1
889.9
890.8
891.6
892.5
893.3
894.2
895.0
895.8
896.7
897.5
898.4
899.2
NEXT_SERIES
0.244431329304
0.246367420688
0.244899937746
0.243300426556
0.23971913118
0.240897758246
0.244621030649
0.25177694884
0.259944225954
0.271037499722
0.283692059515
0.296884850632
0.309931859093
0.323643361248
0.33833855129
0.351713860236
0.36202135297
0.370382401974
0.376670209765
0.380781706374
0.382784365373
0.380052765857
0.376879863424
0.371461536067
0.366592250696
0.360252190552
0.353457374391
0.345976258443
0.338970020775
0.333812720162
0.329293235971
0.326143829415
0.323599116713
0.322963176481
0.321714067272
0.320769943913
0.320826310195
0.322587192887
0.323526967905
0.324408501449
0.325432929803
0.327310245746
0.328655543107
0.330615926481
0.332913262238
0.335374861177
0.337308716717
0.338926041129
0.341159578457
0.342967746369
0.344278157262
0.345421771684
0.345118491432
0.344145940379
0.344715948313
0.344769396473
0.345857637309
0.345177019178
0.345937841115
0.345591359672
0.345349538954
0.344657453478
0.343648922094
0.34164961161
0.339658044094
0.337990519293
0.336489878574
0.334017903888
0.332341649115
0.329631434856
0.327517542065
0.325037047458
0.323426018271
0.321315346933
0.31765190891
0.314184107132
0.311571478201
0.310163945709
0.308847587371
0.3068110126
0.305500533633
0.303564798761
0.302392952557
0.300215657845
0.299145413381
0.297049550386
0.295998026973
0.294308941005
0.29444845455
0.293542468648
0.292756065397
0.291718548876
0.290615898637
0.290034421158
0.288611146149
0.288001975245
0.286955746158
0.285880736989
0.285205394277
0.284770844049
0.284069774799
0.283170758926
0.283213451633
0.284138548649
0.284848780469
0.285527362898
0.285728769374
0.286851865272
0.286172764403
0.287290916344
0.287491891891
0.289128637444
0.290661945751
0.292868444748
0.294380445461
0.295760683188
0.297575191074
0.29941851448
0.300888081537
0.301098855873
0.302060812206
0.303498619622
0.307469146876
0.310466302208
0.312350080328
0.313182566379
0.315271627477
0.31781406192
0.320531119593
0.322449583716
0.32516353109
0.32668455266
0.328233438844
0.329667104197
0.332124002712
0.334928318605
0.337404925203
0.339977948726
0.342504599321
0.34541528183
0.347473276254
0.349623831616
0.35178575701
0.354556679177
0.357533419213
0.359592682116
0.361949069765
0.365087776478
0.368188793936
0.371617213063
0.373125333042
0.375412989257
0.376887078089
0.378522616888
0.379851175038
0.38108399739
0.383380399308
0.384130140773
0.385419857211
0.387434612886
0.389708693351
0.390967240452
0.392161744626
0.394648874656
0.396198873025
0.396354105255
0.397050688164
0.397492048651
0.398046402265
0.399001601704
0.400889654151
0.40159114336
0.401370093721
0.400706594039
0.40057690672
0.400872414313
0.40211849308
0.403356211684
0.403998277776
0.403874345743
0.404003013998
0.404331547477
0.404413331618
0.40428776402
0.403428797837
0.402677515021
0.401721209136
0.400534214304
0.399706116201
0.398574398475
0.398288767731
0.397467253999
0.396984192685
0.395241683771
0.393220442003
0.392202516808
0.391320376212
0.390344252897
0.388236244226
0.386538120853
0.384243048801
0.382512998066
0.380354154131
0.378034636532
0.374936959492
0.371505887983
0.369297222074
0.366766765165
0.363664727086
0.360775210682
0.35769042413
0.35497846064
0.350684711125
0.347293024334
0.34428224863
0.341581604945
0.338645987898
0.335243500447
0.332262539486
0.32962641493
0.325697177295
0.321882157514
0.317692651669
0.314476496358
0.310307209331
0.30598981649
0.301175026857
0.297299880523
0.293289795759
0.289696736669
0.285734542502
0.281480627473
0.278608085509
0.274230769447
0.270350864491
0.264980243293
0.261738301071
0.25764066921
0.253649694516
0.249592497771
0.245112592559
0.241283294986
0.236786752783
0.23282780126
0.228030304258
0.223690351779
0.219679414826
0.215760989369
0.211225656155
0.206593956066
0.20259059893
0.198685286669
0.195270401713
0.191554926926
0.188377787361
0.184589050201
0.181283440405
0.177253916832
0.174227740258
0.17067433838
0.167253072517
0.163170443925
0.159604531747
0.156678011094
0.153097567273
0.149462391955
0.145624784519
0.143132589824
0.14023641201
0.137804049762
0.134441449051
0.131339741903
0.128078379391
0.126366583651
0.125117533096
0.124107703694
0.121456958571
0.11869302166
0.116433042029
0.11550656975
0.114405088549
0.11257147697
0.10972121308
0.107642095618
0.106228081943
0.104799893931
0.102096107389
0.0991832556728
0.096852432966
0.0961095321786
0.0943719222851
0.0928637185095
0.0899158357281
0.0885447799871
0.0870088617818
0.0868147613844
0.0853215692791
0.084251885314
0.082681199899
0.0831353595235
0.0827524162403
0.0825688451626
0.0808429432237
0.0798024129108
0.0787828983703
0.0787906724567
0.0780405699814
0.0759712021447
0.0736027160854
0.0722066089158
0.0720237916623
0.0717421972562
0.0704550412826
0.0690090672819
0.0666236968045
0.0654722601801
0.0647964519739
0.0648438345578
0.0637212885805
0.0622651646268
0.061413090321
0.0617628545559
0.0623495388353
0.0617860482931
0.0603161820191
0.058557593475
0.0581983194098
0.0584510568876
0.0586830923369
0.0578792538556
0.0567669800459
0.055802558641
0.0554993733261
0.0553863028571
0.0552141255061
0.0541449991187
0.0534124202807
0.0522564829694
0.0522633257828
0.0516139598086
0.0520213639251
0.0510773851002
0.0510314504761
0.0503073240989
0.0504171733118
0.0506900361346
0.0509305102785
0.0509441583497
0.0493726602877
0.0487488574156
0.0476487784513
0.0481651690744
0.0481895774851
0.0491113399556
0.048864560554
0.0483509589385
0.047571372379
0.0475766888642
0.0474589169614
0.0475835298039
0.0470707973646
0.0466597995081
0.0459030117342
0.0460992602276
0.046615997006
0.0479594618818
0.0481359896605
0.0475967812905
0.0469955625632
0.046877166954
0.0478237845962
0.0487594609015
0.0500045340123
0.0500213338331
0.049610086115
0.0489573481113
0.0493621034097
0.0496751465811
0.0499302034837
0.0500530694014
0.0496718522159
0.0488851224515
0.0475058628712
0.0470022977011
0.047622479143
0.0479057688804
0.0483482975264
0.0470613307917
0.0463187309093
0.0453748320992
0.0453976983543
0.0461650414668
0.0456867164626
0.045987556247
0.0453279895632
0.0452596900453
0.0441665675391
0.0436768547499
0.0445037417093
0.0454696841203
0.046468947487
0.0462931331051
0.0457651294899
0.0443539145385
0.0434866038492
0.043627687077
0.0444058500755
0.0452246672481
0.0448682030126
0.0441452846128
0.0422401974402
0.0414744468247
0.040978554628
0.0419177525365
0.0431590570207
0.0433484356388
0.0427775226747
0.0408278184772
0.0408094314093
0.0406260297825
0.0410264710228
0.0424141668818
0.0430979691871
0.0443143940318
0.0434241907478
0.043484631174
0.0429566181701
0.0429273804488
0.0433081118692
0.0446890487599
0.0459147576781
0.0462227520611
0.046033770598
0.0456169298665
0.0448156195554
0.0438808999209
0.0439453142214
0.0453085326993
0.0460985612139
0.0462650344423
0.0459036119082
0.045236132898
0.0442318024883
0.0439592882463
0.0442000118789
0.0451236852304
0.0450999457059
0.0458640071893
0.0455522973556
0.0449245859038
0.0440387252456
0.043515089954
0.0434347159214
0.0433311060812
0.0436764942958
0.044870946164
0.0453836981914
0.0452817729123
0.0444646670915
0.0436297133222
0.0431690727264
0.0430499688925
0.0440856578427
0.0454042224872
0.0461699223106
0.0454028963222
0.044337886976
0.0436439868502
0.0438823710342
0.0440178476802
0.0451299760341
0.0460790564791
0.0476099031768
0.0478181050262
0.048014075074
0.0467621075164
0.0457980619418
0.0446536940685
0.0450048782027
0.0454746817301
0.0468732230711
0.0477491539429
0.0487190688504
0.0484721053376
0.0476965965069
0.0460878817142
0.0453287657159
0.0453852068541
0.0462782939139
0.0469970114423
0.0477627718076
0.0486313135445
0.0484268772946
0.047815130195
0.0471292463378
0.0470915997636
0.0472220221273
0.0475816725502
0.0484315470546
0.0492152424454
0.0497937269007
0.0499003705514
0.0498950544014
0.0492954857949
0.048583471151
0.0481696847733
0.0480228916186
0.0490179619353
0.049697598869
0.0507939094333
0.0516811698754
0.0514765561865
0.0515833974107
0.0500950272506
0.0501836253688
0.0499736907232
0.0510753436768
0.0515061763692
0.052161857008
0.052127192948
0.0527441364631
0.0526281546167
0.0527329627703
0.051911109654
0.0511758838484
0.0503277214714
0.0503605966922
0.0500387080746
0.0500761237247
0.0506103900972
0.0508293696193
0.0517354072832
0.0509539456974
0.0512299783435
0.050648904498
0.0506877570863
0.0512795291744
0.0520327975844
0.0536276698801
0.0545019662694
0.0551250703549
0.0560102434003
0.056745651801
0.0578448629075
0.0576617919386
0.0573606257715
0.0569855294899
0.0566867347831
0.0569944945154
0.0567782262713
0.0565515733772
0.0563783237803
0.0564031587579
0.0570787824748
0.0568735593344
0.0567127080174
0.0561583401225
0.0552857357342
0.0543534161903
0.0532867934284
0.0533757135747
0.0534296604816
0.0539936370924
0.0546386686412
0.0555591625867
0.056708583509
0.0574389379168
0.057650536556
0.0566460167315
0.0556325039209
0.0549095880129
0.0551010988598
0.0551433511148
0.056087264624
0.0564042534493
0.0565686393162
0.0570865393143
0.0583259270801
0.0593112901011
0.059893516702
0.0592632440552
0.0595612305607
0.0584539102554
0.0591981937912
0.0592965927857
0.0603278126272
0.0604263151217
0.0614733951523
0.0625828824639
0.0632435096271
0.0631450000168
0.062188184914
0.0621382158027
0.0611220909598
0.0610941655998
0.0602616328065
0.0600942308108
0.0590325368966
0.0588914469444
0.059744272406
0.0603645449994
0.0611220046732
0.0596412333354
0.0589532209162
0.0571425550217
0.0570040658088
0.0557990580567
0.0560727178525
0.0562227770166
0.0567935913023
0.0568501348874
0.0563393585327
0.0570206865894
0.0566260949183
0.057231799271
0.0565368113988
0.0560951113988
0.0552210225609
0.0554571933352
0.0556177534265
0.0559402073379
0.0558885915024
0.0553353434391
0.054906263857
0.0538751455677
0.0538289855231
0.0530196283854
0.0523164934559
0.0519035861084
0.0520937902918
0.0536451008892
0.0530135334704
0.0519693465755
0.0502367611626
0.0496985442428
0.0490304371235
0.0476059905969
0.0469422343833
0.045800296817
0.0450474396229
0.0438115418854
0.0431666122579
0.0415650399045
0.0412350087982
0.0405098688418
0.0404414890531
0.0391636434742
0.0387866912214
0.0386383610093
0.0380892668577
0.0369803491619
0.035879004878
0.0358205262533
0.0349970634232
0.0340986155514
END
