380.3
381.1
381.9
382.7
383.5
384.4
385.2
386.0
386.8
387.6
388.4
389.2
390.1
390.9
391.7
392.5
393.3
394.1
394.9
395.8
396.6
397.4
398.2
399.0
399.8
400.6
401.5
402.3
403.1
403.9
404.7
405.5
406.3
407.2
408.0
408.8
409.6
410.4
411.2
412.0
412.8
413.7
414.5
415.3
416.1
416.9
417.7
418.5
419.4
420.2
421.0
421.8
422.6
423.4
424.2
425.1
425.9
426.7
427.5
428.3
429.1
429.9
430.8
431.6
432.4
433.2
434.0
434.8
435.6
436.4
437.3
438.1
438.9
439.7
440.5
441.3
442.1
443.0
443.8
444.6
445.4
446.2
447.0
447.8
448.7
449.5
450.3
451.1
451.9
452.7
453.5
454.4
455.2
456.0
456.8
457.6
458.4
459.2
460.0
460.9
461.7
462.5
463.3
464.1
464.9
465.7
466.6
467.4
468.2
469.0
469.8
470.6
471.4
472.3
473.1
473.9
474.7
475.5
476.3
477.1
478.0
478.8
479.6
480.4
481.2
482.0
482.8
483.6
484.5
485.3
486.1
486.9
487.7
488.5
489.3
490.2
491.0
491.8
492.6
493.4
494.2
495.0
495.9
496.7
497.5
498.3
499.1
499.9
500.7
501.6
502.4
503.2
504.0
504.8
505.6
506.4
507.2
508.1
508.9
509.7
510.5
511.3
512.1
512.9
513.7
514.5
515.3
516.1
516.8
517.6
518.4
519.2
520.0
520.8
521.5
522.3
523.1
523.9
524.7
525.5
526.2
527.0
527.8
528.6
529.4
530.2
530.9
531.7
532.5
533.3
534.1
534.9
535.6
536.4
537.2
538.0
538.8
539.6
540.3
541.1
541.9
542.7
543.5
544.3
545.0
545.8
546.6
547.4
548.2
549.0
549.7
550.5
551.3
552.1
552.9
553.7
554.4
555.2
556.0
556.8
557.6
558.4
559.1
559.9
560.7
561.5
562.3
563.1
563.8
564.6
565.4
566.2
567.0
567.8
568.5
569.3
570.1
570.9
571.7
572.5
573.2
574.0
574.8
575.6
576.4
577.2
577.9
578.7
579.5
580.3
581.1
581.9
582.6
583.4
584.2
585.0
585.8
586.6
587.3
588.1
588.9
589.6
590.3
591.1
591.8
592.6
593.3
594.0
594.8
595.5
596.3
597.0
597.7
598.5
599.2
600.0
600.7
601.5
602.2
602.9
603.7
604.4
605.2
605.9
606.6
607.4
608.1
608.9
609.6
610.3
611.1
611.8
612.6
613.3
614.0
614.8
615.5
616.3
617.0
617.7
618.5
619.2
620.0
620.7
621.4
622.2
622.9
623.7
624.4
625.2
625.9
626.6
627.4
628.1
628.9
629.6
630.3
631.1
631.8
632.6
633.3
634.0
634.8
635.5
636.3
637.0
637.7
638.5
639.2
640.0
640.7
641.4
642.2
642.9
643.7
644.4
645.1
645.9
646.6
647.4
648.1
648.8
649.6
650.3
651.1
651.8
652.6
653.3
654.0
654.8
655.5
656.3
657.0
657.7
658.5
659.2
660.0
660.7
661.4
662.2
662.9
663.7
664.4
665.1
665.9
666.6
667.4
668.1
668.9
669.6
670.4
671.2
671.9
672.7
673.4
674.2
674.9
675.7
676.5
677.2
678.0
678.7
679.5
680.2
681.0
681.8
682.5
683.3
684.0
684.8
685.5
686.3
687.1
687.8
688.6
689.3
690.1
690.8
691.6
692.4
693.1
693.9
694.6
695.4
696.1
696.9
697.7
698.4
699.2
699.9
700.7
701.4
702.2
703.0
703.7
704.5
705.2
706.0
706.8
707.6
708.4
709.2
710.0
710.8
711.6
712.4
713.2
714.0
714.8
715.6
716.4
717.2
718.0
718.8
719.6
720.4
721.2
722.0
722.8
723.6
724.4
725.2
726.0
726.8
727.6
728.4
729.2
730.0
730.8
731.6
732.4
733.2
734.0
734.8
735.6
736.4
737.2
738.0
738.8
739.6
740.4
741.2
742.0
742.8
743.6
744.4
745.2
746.0
746.8
747.6
748.4
749.2
750.0
750.8
751.6
752.4
753.2
754.0
754.8
755.6
756.4
757.2
758.0
758.8
759.6
760.4
761.2
762.0
762.8
763.6
764.4
765.2
766.0
766.8
767.6
768.4
769.2
770.0
770.8
771.6
772.4
773.2
774.1
774.9
775.7
776.5
777.3
778.1
778.9
779.7
780.5
781.3
782.1
782.9
783.7
784.5
785.3
786.1
786.9
787.7
788.5
789.3
790.1
790.9
791.7
792.5
793.3
794.1
794.9
795.7
796.5
797.3
798.1
798.9
799.7
800.5
801.3
802.1
802.9
803.7
804.5
805.3
806.1
806.9
807.7
808.5
809.3
810.1
810.9
811.7
812.5
813.3
814.1
814.9
815.7
816.5
817.3
818.1
818.9
819.7
820.5
821.3
822.1
822.9
823.7
824.5
825.3
826.1
826.9
827.7
828.5
829.3
830.1
830.9
831.7
832.6
833.4
834.3
835.1
835.9
836.8
837.6
838.5
839.3
840.2
841.0
841.9
842.7
843.5
844.4
845.2
846.1
846.9
847.8
848.6
849.4
850.3
851.1
852.0
852.8
853.7
854.5
855.3
856.2
857.0
857.9
858.7
859.6
860.4
861.3
862.1
862.9
863.8
864.6
865.5
866.3
867.2
868.0
868.8
869.7
870.5
871.4
872.2
873.1
873.9
874.8
875.6
876.4
877.3
878.1
879.0
879.8
880.7
881.5
882.3
883.2
884.0
884.9
885.7
886.6
887.4
888.2
889.1
889.9
890.8
891.6
892.5
893.3
894.2
895.0
895.8
896.7
897.5
898.4
899.2
NEXT_SERIES
0.250975591082
0.250090124322
0.249246264638
0.247632141407
0.247829872354
0.249355399376
0.254777363685
0.264006881903
0.276658097763
0.289487097113
0.302680499482
0.315456532737
0.330436816788
0.346254316289
0.363340292198
0.378710343619
0.39177110897
0.40144907373
0.408154776227
0.413009120821
0.414615803039
0.413216599104
0.408943090926
0.404012152416
0.398323376115
0.391269003
0.384203485951
0.376856619666
0.370327983834
0.36404227689
0.358229134177
0.353752610456
0.350179361685
0.34842978815
0.346875063786
0.346892385681
0.346617934812
0.347042567159
0.347142046141
0.348447736591
0.350163506667
0.352453682039
0.353992669156
0.356780378728
0.358659278551
0.361697618611
0.363735912187
0.366526016966
0.369321624264
0.371583926659
0.372270808724
0.373603259129
0.373638670367
0.37575469634
0.376964903662
0.378621121092
0.378340850638
0.378501232097
0.379257933672
0.379530011773
0.379125777905
0.378494345287
0.377598130326
0.376549582092
0.375140021615
0.374718272434
0.373115098782
0.370982808502
0.369245350577
0.368041978551
0.366950927023
0.365267661887
0.362595614903
0.359535368796
0.356518035297
0.354655532834
0.353289153408
0.351201924359
0.349677789001
0.348731958051
0.347978474407
0.346429781917
0.344243524627
0.343418243908
0.341932075237
0.340999664897
0.339766664986
0.338880947325
0.338593665741
0.337787815541
0.337195478907
0.336286447956
0.335122419111
0.334874278248
0.334857327312
0.33403325432
0.333029172597
0.331555250204
0.331678332999
0.331321474482
0.331081136749
0.329964556708
0.329164948092
0.329393358316
0.330168266114
0.33153509163
0.331909237601
0.333039992739
0.332454408092
0.33401068873
0.334544137648
0.337299823423
0.337446050826
0.338228091703
0.338737315567
0.34041568563
0.341935308591
0.342600258282
0.343268478857
0.344281635765
0.344597228811
0.34558822758
0.347298241366
0.350510349381
0.351843108777
0.353275653172
0.353873869831
0.355817199245
0.356682223888
0.358598028463
0.359286480801
0.360101000674
0.359833521011
0.36105353424
0.361912332264
0.363386685877
0.364592473177
0.36631969064
0.367638519355
0.368537267355
0.36829902379
0.369804809517
0.371586427581
0.374067512584
0.374923878829
0.375844106871
0.376604567066
0.378414834931
0.379722071147
0.381589774167
0.382167542981
0.382638676423
0.383201984513
0.383533976732
0.384251663221
0.385238454633
0.387407837013
0.388445890529
0.38897251567
0.389337233061
0.390628875041
0.392487803784
0.393418164896
0.395540291283
0.395907673632
0.397004778634
0.397220476925
0.398399988163
0.398476446172
0.398333714871
0.398223299231
0.398612108655
0.399187200744
0.400298016447
0.400574144392
0.400114912064
0.399396803467
0.400625025314
0.401938518451
0.402969968453
0.402070590678
0.402408487808
0.401530452071
0.401729548927
0.400674105437
0.400165388115
0.398730272915
0.397321977032
0.396239959442
0.395187992702
0.394617900933
0.393699556828
0.393407842681
0.391861438317
0.39108494288
0.390209087267
0.389548671555
0.388927864945
0.387462337506
0.386209606264
0.384866914196
0.383295372253
0.382165266025
0.378961314943
0.376588290967
0.373650616338
0.371448932084
0.369086780249
0.36667801292
0.364803901629
0.36219137102
0.358750966028
0.35542823939
0.352286458896
0.35038400259
0.348438677819
0.346548039625
0.344867315735
0.342216211281
0.339760750526
0.335631704095
0.333289291031
0.33000238144
0.327125327344
0.322667151518
0.319146084778
0.31598380118
0.313559945727
0.310114407582
0.307005014492
0.303155836139
0.299933055058
0.297124987743
0.29444018884
0.291774904934
0.288395948887
0.285747351
0.283009280375
0.279366489181
0.275483974346
0.27193166671
0.268916996879
0.26575292923
0.261961518943
0.258818846535
0.254630934215
0.251484942148
0.248399234469
0.245045336264
0.240948100758
0.237061281784
0.234340904367
0.232104703405
0.229297280064
0.226976412196
0.223888826759
0.221751405451
0.218574612285
0.216433603849
0.212961718177
0.209872262465
0.20629580685
0.203001122133
0.201015799935
0.198286763841
0.195733071021
0.191875195187
0.189543874364
0.18686875727
0.185015973438
0.182044594598
0.17982770533
0.177432734114
0.176420022572
0.175314147415
0.17421302325
0.171878492499
0.169621902091
0.168106537432
0.167981673161
0.168063078497
0.166268588965
0.163474173168
0.160937858737
0.160128370392
0.158786934697
0.156387203997
0.153498939969
0.151407335301
0.150850516601
0.149516638372
0.148072149249
0.144593995367
0.143103753202
0.141812649899
0.142397008705
0.141097396226
0.140086137551
0.138513765815
0.138773213615
0.138849284789
0.138836413447
0.137720349883
0.136645738846
0.135439527513
0.135640602795
0.135035885383
0.134113257524
0.13180066831
0.130660878096
0.130281194021
0.129681841979
0.128276542272
0.125994490392
0.124030619158
0.122579401483
0.12255732161
0.122579966481
0.121779538835
0.120954225978
0.119766565308
0.119717950715
0.119091981781
0.118530158469
0.117820092246
0.116635377947
0.116576877932
0.115967689192
0.116811390636
0.115824232419
0.115819666008
0.114159298232
0.113817838938
0.113233401512
0.113140123008
0.1126898426
0.112052237683
0.110691082522
0.110170883018
0.109412213932
0.109959060875
0.109543761813
0.109539308399
0.108759302792
0.108934234585
0.10893460203
0.109833845329
0.110321171822
0.109694992578
0.10954718671
0.107960169322
0.108505938851
0.108924558314
0.110602221175
0.110436047278
0.109816109057
0.10871793573
0.109187668691
0.109360257882
0.111007573745
0.110881577463
0.110007806436
0.108334087097
0.10865062633
0.110547251195
0.11284858413
0.114166999505
0.113775554424
0.113825984457
0.114205269774
0.115850353931
0.11699465825
0.11874793994
0.119500664858
0.119938019227
0.118956364143
0.1197258157
0.12016011413
0.121457634084
0.121438159629
0.121739309703
0.121070072469
0.11984968507
0.119404014478
0.120109509857
0.121403513734
0.121222031231
0.120271666511
0.118297907262
0.11697002483
0.115651411503
0.116863498434
0.117389686886
0.117624156
0.115967232688
0.114224973416
0.112984147266
0.112296931093
0.112836076022
0.113283284116
0.114392792997
0.114154768321
0.113563942019
0.11146236036
0.111063397308
0.111461973565
0.112654831
0.113410603662
0.113250281924
0.112163261862
0.109756189224
0.108526990956
0.108299067549
0.109629712344
0.111200428906
0.111021241472
0.110570640831
0.108557759921
0.109025850085
0.108707137787
0.10892846024
0.110194967634
0.111142580595
0.112973193585
0.112579339382
0.113321370561
0.112890296391
0.1130803643
0.114046991714
0.115675365652
0.117190079634
0.117209843416
0.117273988132
0.117095644871
0.116380250039
0.116682843871
0.117149942357
0.119090220854
0.11950449184
0.119926635986
0.119596240453
0.118978265466
0.118613189065
0.118672387452
0.119422810989
0.120035053617
0.119992116001
0.120706638897
0.120505943399
0.120204452359
0.119198769787
0.119121334869
0.119385028214
0.120135818906
0.121205705288
0.122874182259
0.123247455538
0.123537939714
0.123443930813
0.123053367781
0.122464234298
0.122066454864
0.123364494098
0.125047567363
0.126443019759
0.126516333782
0.126321562117
0.125639110343
0.125816051502
0.125857195657
0.127951828584
0.129660511735
0.131679915991
0.131627486674
0.131606288286
0.130880977918
0.130323548886
0.130451325382
0.130860970993
0.132192640025
0.133418766198
0.134243173834
0.134948361233
0.135267705423
0.135142356032
0.133987784681
0.132613246213
0.132337403219
0.133525030733
0.135333194516
0.137202145383
0.138877253567
0.138864090447
0.13848289806
0.137517774591
0.137724050984
0.137859042668
0.138131991972
0.139190912717
0.140944546316
0.142391519408
0.142858180519
0.1425857384
0.142735057259
0.142454530519
0.143255326511
0.143071326896
0.145216152489
0.146067146252
0.147730511818
0.148728708224
0.149585527402
0.149996428454
0.149049911869
0.148866862863
0.149312629171
0.149916347666
0.150572895843
0.151478841566
0.152198596619
0.153647918353
0.153967727882
0.154597540437
0.153018349965
0.152203816557
0.150874877298
0.151283758281
0.1508189835
0.151012447411
0.151168270124
0.152368773062
0.154284047454
0.154955232912
0.155080439922
0.154043303968
0.153484008662
0.153803902338
0.154757932227
0.156427420351
0.158531129135
0.160275500841
0.162332279778
0.163861350561
0.165378832067
0.165895635899
0.165344588114
0.164864565382
0.164385580084
0.164793486353
0.164298681343
0.164363517652
0.164330297007
0.165744325706
0.16643120236
0.166429875862
0.165495856596
0.164964556361
0.163554566483
0.161555965237
0.159811533516
0.159375247039
0.160035212899
0.160836313268
0.161851398157
0.163754708528
0.165103933999
0.165886361527
0.164657862319
0.163365858171
0.162754113874
0.162417479314
0.162027584753
0.161953679096
0.162704715391
0.163592961165
0.163305971975
0.163812939262
0.164619361348
0.165447221208
0.16552659601
0.164963301423
0.164471391836
0.163733397238
0.164659015602
0.165616411667
0.166885611463
0.167725426641
0.168502122039
0.168907962336
0.168685274828
0.168495190303
0.16789592055
0.167270075149
0.165712374418
0.164747073994
0.163123919085
0.163200865242
0.162456468297
0.162538454109
0.162241971592
0.161461102179
0.161032397184
0.159387219221
0.158634387604
0.156022806162
0.155084896071
0.154577819567
0.155174510489
0.154270113131
0.152936434407
0.152315841397
0.152376681238
0.152432953974
0.151092584392
0.150343904102
0.149441590743
0.149743196533
0.148490723113
0.147685598495
0.146076991414
0.14540265605
0.144093014857
0.142635568699
0.141581751654
0.141543177725
0.140827717985
0.140565078159
0.139210455925
0.138613173259
0.13720629551
0.136908073132
0.135194464483
0.133898157118
0.132240770305
0.131101925564
0.129666066402
0.127291040706
0.125783678212
0.122994937552
0.121365076918
0.119580881618
0.118587759265
0.115990212055
0.114061702417
0.111261442001
0.109454000915
0.106782628984
0.105562103199
0.104698917773
0.103475049172
0.102896457837
0.100174433005
0.0993663686156
0.0970434973059
0.0963112224043
END
