380.3
381.1
381.9
382.7
383.5
384.4
385.2
386.0
386.8
387.6
388.4
389.2
390.1
390.9
391.7
392.5
393.3
394.1
394.9
395.8
396.6
397.4
398.2
399.0
399.8
400.6
401.5
402.3
403.1
403.9
404.7
405.5
406.3
407.2
408.0
408.8
409.6
410.4
411.2
412.0
412.8
413.7
414.5
415.3
416.1
416.9
417.7
418.5
419.4
420.2
421.0
421.8
422.6
423.4
424.2
425.1
425.9
426.7
427.5
428.3
429.1
429.9
430.8
431.6
432.4
433.2
434.0
434.8
435.6
436.4
437.3
438.1
438.9
439.7
440.5
441.3
442.1
443.0
443.8
444.6
445.4
446.2
447.0
447.8
448.7
449.5
450.3
451.1
451.9
452.7
453.5
454.4
455.2
456.0
456.8
457.6
458.4
459.2
460.0
460.9
461.7
462.5
463.3
464.1
464.9
465.7
466.6
467.4
468.2
469.0
469.8
470.6
471.4
472.3
473.1
473.9
474.7
475.5
476.3
477.1
478.0
478.8
479.6
480.4
481.2
482.0
482.8
483.6
484.5
485.3
486.1
486.9
487.7
488.5
489.3
490.2
491.0
491.8
492.6
493.4
494.2
495.0
495.9
496.7
497.5
498.3
499.1
499.9
500.7
501.6
502.4
503.2
504.0
504.8
505.6
506.4
507.2
508.1
508.9
509.7
510.5
511.3
512.1
512.9
513.7
514.5
515.3
516.1
516.8
517.6
518.4
519.2
520.0
520.8
521.5
522.3
523.1
523.9
524.7
525.5
526.2
527.0
527.8
528.6
529.4
530.2
530.9
531.7
532.5
533.3
534.1
534.9
535.6
536.4
537.2
538.0
538.8
539.6
540.3
541.1
541.9
542.7
543.5
544.3
545.0
545.8
546.6
547.4
548.2
549.0
549.7
550.5
551.3
552.1
552.9
553.7
554.4
555.2
556.0
556.8
557.6
558.4
559.1
559.9
560.7
561.5
562.3
563.1
563.8
564.6
565.4
566.2
567.0
567.8
568.5
569.3
570.1
570.9
571.7
572.5
573.2
574.0
574.8
575.6
576.4
577.2
577.9
578.7
579.5
580.3
581.1
581.9
582.6
583.4
584.2
585.0
585.8
586.6
587.3
588.1
588.9
589.6
590.3
591.1
591.8
592.6
593.3
594.0
594.8
595.5
596.3
597.0
597.7
598.5
599.2
600.0
600.7
601.5
602.2
602.9
603.7
604.4
605.2
605.9
606.6
607.4
608.1
608.9
609.6
610.3
611.1
611.8
612.6
613.3
614.0
614.8
615.5
616.3
617.0
617.7
618.5
619.2
620.0
620.7
621.4
622.2
622.9
623.7
624.4
625.2
625.9
626.6
627.4
628.1
628.9
629.6
630.3
631.1
631.8
632.6
633.3
634.0
634.8
635.5
636.3
637.0
637.7
638.5
639.2
640.0
640.7
641.4
642.2
642.9
643.7
644.4
645.1
645.9
646.6
647.4
648.1
648.8
649.6
650.3
651.1
651.8
652.6
653.3
654.0
654.8
655.5
656.3
657.0
657.7
658.5
659.2
660.0
660.7
661.4
662.2
662.9
663.7
664.4
665.1
665.9
666.6
667.4
668.1
668.9
669.6
670.4
671.2
671.9
672.7
673.4
674.2
674.9
675.7
676.5
677.2
678.0
678.7
679.5
680.2
681.0
681.8
682.5
683.3
684.0
684.8
685.5
686.3
687.1
687.8
688.6
689.3
690.1
690.8
691.6
692.4
693.1
693.9
694.6
695.4
696.1
696.9
697.7
698.4
699.2
699.9
700.7
701.4
702.2
703.0
703.7
704.5
705.2
706.0
706.8
707.6
708.4
709.2
710.0
710.8
711.6
712.4
713.2
714.0
714.8
715.6
716.4
717.2
718.0
718.8
719.6
720.4
721.2
722.0
722.8
723.6
724.4
725.2
726.0
726.8
727.6
728.4
729.2
730.0
730.8
731.6
732.4
733.2
734.0
734.8
735.6
736.4
737.2
738.0
738.8
739.6
740.4
741.2
742.0
742.8
743.6
744.4
745.2
746.0
746.8
747.6
748.4
749.2
750.0
750.8
751.6
752.4
753.2
754.0
754.8
755.6
756.4
757.2
758.0
758.8
759.6
760.4
761.2
762.0
762.8
763.6
764.4
765.2
766.0
766.8
767.6
768.4
769.2
770.0
770.8
771.6
772.4
773.2
774.1
774.9
775.7
776.5
777.3
778.1
778.9
779.7
780.5
781.3
782.1
782.9
783.7
784.5
785.3
786.1
786.9
787.7
788.5
789.3
790.1
790.9
791.7
792.5
793.3
794.1
794.9
795.7
796.5
797.3
798.1
798.9
799.7
800.5
801.3
802.1
802.9
803.7
804.5
805.3
806.1
806.9
807.7
808.5
809.3
810.1
810.9
811.7
812.5
813.3
814.1
814.9
815.7
816.5
817.3
818.1
818.9
819.7
820.5
821.3
822.1
822.9
823.7
824.5
825.3
826.1
826.9
827.7
828.5
829.3
830.1
830.9
831.7
832.6
833.4
834.3
835.1
835.9
836.8
837.6
838.5
839.3
840.2
841.0
841.9
842.7
843.5
844.4
845.2
846.1
846.9
847.8
848.6
849.4
850.3
851.1
852.0
852.8
853.7
854.5
855.3
856.2
857.0
857.9
858.7
859.6
860.4
861.3
862.1
862.9
863.8
864.6
865.5
866.3
867.2
868.0
868.8
869.7
870.5
871.4
872.2
873.1
873.9
874.8
875.6
876.4
877.3
878.1
879.0
879.8
880.7
881.5
882.3
883.2
884.0
884.9
885.7
886.6
887.4
888.2
889.1
889.9
890.8
891.6
892.5
893.3
894.2
895.0
895.8
896.7
897.5
898.4
899.2
NEXT_SERIES
0.338557409167
0.338831729795
0.339337569557
0.342323844619
0.344883458708
0.348408667896
0.353838620441
0.361593398265
0.370274772825
0.381963012411
0.393207627496
0.406302680257
0.418270114431
0.432985220952
0.445740176738
0.461015335188
0.472616585739
0.485649919384
0.494192279677
0.500032053921
0.502610175491
0.500247604601
0.4976802415
0.491489286292
0.485211896455
0.477611044532
0.471833053345
0.465750810016
0.459583981054
0.45339287352
0.446893867802
0.441291637755
0.435878061141
0.43405481187
0.432440532694
0.430829230633
0.429194008764
0.428627975429
0.428220759445
0.426693675216
0.425738726188
0.425939811876
0.426725435875
0.428504956052
0.429869387341
0.43045674344
0.429201819149
0.428159139228
0.428452342496
0.428773511502
0.428918805411
0.428485973056
0.427513217339
0.426543470159
0.426441265304
0.425774544479
0.425249551828
0.424189606035
0.424112764427
0.422796039561
0.422223111911
0.421254425128
0.42005982159
0.417558512413
0.416776462022
0.416081596028
0.415352829992
0.413822245151
0.412601545078
0.412454570375
0.410814553327
0.409191450969
0.406976584959
0.4051054007
0.403670305658
0.402131960917
0.400764154683
0.400217170056
0.39897834402
0.397864088102
0.395764665788
0.394411706489
0.393404662321
0.393089380779
0.392240573981
0.391179299842
0.390168124554
0.389715486404
0.389209196842
0.388187976374
0.387102558329
0.386676234917
0.385800619402
0.384842166906
0.384160659564
0.384067158404
0.383932832362
0.382802034091
0.383242190913
0.382936832826
0.382339038555
0.380827305742
0.380929640721
0.382492499145
0.384014768585
0.384853136707
0.385452367145
0.38588377373
0.386162665354
0.386441913796
0.386580031694
0.387762132901
0.388301756762
0.389352198014
0.391021926093
0.393229568451
0.39508655065
0.395760806217
0.396446762048
0.397678635799
0.398373400905
0.400397875744
0.402578538994
0.404222057185
0.405514582487
0.406276848119
0.408264208807
0.410210673368
0.41255442081
0.415476564487
0.417602041286
0.417968616712
0.418764132203
0.419220011155
0.42130213643
0.423009276266
0.425690022257
0.42792807486
0.430645174188
0.433077697269
0.434662890551
0.435502639324
0.436568587644
0.438066682723
0.439944995317
0.441068799832
0.443831570473
0.446071816763
0.447694133015
0.45005602219
0.451530447412
0.454030955067
0.454296027823
0.453982418274
0.453647383883
0.452777480438
0.452783563713
0.452299167354
0.452284838576
0.452909008174
0.454281614893
0.454721092562
0.454522821511
0.454143898653
0.454340898139
0.453492919275
0.45215214724
0.451578324229
0.450699955629
0.449746108801
0.448941142266
0.448265314747
0.447543176792
0.44697298345
0.446137813994
0.445679482349
0.444588142576
0.444619249147
0.443385538287
0.44276738022
0.442005200132
0.440217376569
0.438849390826
0.437312162857
0.437327026811
0.435288900267
0.432896700032
0.431113768881
0.429885622743
0.428991405962
0.427169920817
0.424403415475
0.421720064477
0.420096114994
0.419018563881
0.417383940464
0.415307169462
0.413949968491
0.4129794686
0.411026186751
0.409329721128
0.406954326192
0.404250798505
0.401390985944
0.399432611092
0.396858084132
0.393464629197
0.389900447676
0.387292835408
0.384831685154
0.381383656556
0.377955097341
0.374027510351
0.371146253262
0.368812213319
0.367047657865
0.36379033308
0.360462826823
0.357082002788
0.354363586891
0.350539728396
0.34619380206
0.342849851771
0.338800012333
0.334211971881
0.329286304178
0.325628777051
0.322553769861
0.318571365596
0.314809126692
0.310595046716
0.307215291978
0.303886267704
0.300176198623
0.296234562739
0.292347484397
0.288844135926
0.28502630677
0.28068962167
0.276889928537
0.273560063948
0.269344401985
0.265647109076
0.26147803859
0.257986558161
0.254081297781
0.25005659758
0.246102284118
0.242467325776
0.238847202628
0.235564413464
0.231565618456
0.228521102158
0.225419634265
0.222956457143
0.219823689945
0.21694454791
0.213665938483
0.210221026046
0.207130445218
0.204083947565
0.201317294723
0.198009560775
0.1949230234
0.190975730358
0.188103207879
0.185223524036
0.183180850824
0.179774432654
0.177257323382
0.1745304561
0.172080826493
0.169508031904
0.167303229403
0.166193314625
0.165052002518
0.163496204775
0.161348252144
0.15896869844
0.15817857441
0.157561261399
0.156381937658
0.153958967848
0.151153462347
0.14931587858
0.147966628243
0.14647109021
0.144331344589
0.142296973315
0.140886068159
0.139335721726
0.137482607311
0.135510873229
0.134692741811
0.134112270361
0.133615284569
0.132566422929
0.131827448252
0.130834558438
0.13093144371
0.13085456691
0.131524063758
0.130849402551
0.129915163976
0.128670440173
0.128230773697
0.127526908706
0.126714550159
0.125296849331
0.124144362195
0.123240429175
0.122545858137
0.121695063756
0.120426148405
0.11890310273
0.117753149214
0.117311902811
0.116563255112
0.116088138859
0.115196172523
0.114679716053
0.113976442815
0.113621859747
0.11260838061
0.112286448889
0.111387110709
0.111436335952
0.110263606105
0.110434885848
0.10937529376
0.109472951285
0.107483546918
0.107193935408
0.105735899742
0.106218865635
0.105782205429
0.106183986235
0.104297196327
0.103456508144
0.102021336113
0.103052251079
0.102895539426
0.103431030899
0.102278215962
0.102324736416
0.101787709641
0.1023888069
0.102010210394
0.101988648189
0.101742218648
0.101240467745
0.101688531871
0.102513289651
0.103850539638
0.104423289838
0.104293781833
0.104246464823
0.104510112005
0.104826858757
0.106051254113
0.107056241409
0.10790874515
0.108357800846
0.109209301444
0.111147828821
0.113391889282
0.115098218328
0.116273694409
0.117360609709
0.118858452517
0.120382806708
0.122263491021
0.124021087256
0.125772948151
0.126595337734
0.127216555651
0.127811839311
0.128743202965
0.129915576808
0.131674378428
0.132561643921
0.132212175615
0.130784034137
0.129472842177
0.130127183327
0.130405056528
0.130856840451
0.12891067153
0.126827581745
0.124777298981
0.122897555582
0.122463988692
0.121319567538
0.120452679883
0.118058828069
0.115191842595
0.112237349481
0.109815967152
0.109028717236
0.108785647475
0.108310635731
0.106439551333
0.103898992733
0.100916805052
0.0989720032517
0.0978298610557
0.097671809202
0.0979419360944
0.0972268317393
0.0957144677079
0.093054038585
0.0911111330116
0.0900719450695
0.090592230611
0.0912487486683
0.091182447344
0.0897580013654
0.0882628894586
0.0871084649775
0.0866527230738
0.0863386206951
0.0873888803689
0.0879908189856
0.0887811836983
0.0880774752796
0.0873054161258
0.0865178726381
0.086321987707
0.0872319559271
0.0886649068061
0.089739314011
0.0895049507893
0.088663100556
0.0874586921875
0.0864452360327
0.0864048469204
0.0872538677615
0.0889064531262
0.0891837620704
0.0890984250929
0.0879285719204
0.0872256433795
0.086728295532
0.0867453695646
0.0872500968995
0.0882110344432
0.0885749075817
0.0889963765197
0.0877037017196
0.08718160264
0.0861502271826
0.0862723590835
0.0864294732055
0.0869275028727
0.0872761076573
0.0873646792477
0.0867122210764
0.0861253447232
0.0860787715646
0.0860351540371
0.0865882625709
0.086640185174
0.0875372101918
0.0877991605652
0.0875610985722
0.0871265456798
0.0865152535814
0.0867105793456
0.08707043248
0.0880427690353
0.089129844588
0.0901581411014
0.0910539412398
0.0912374074977
0.0907614074947
0.08915479901
0.08853082591
0.0885822338574
0.0897531712754
0.0902725049028
0.0909343946624
0.0911714297201
0.0915140315079
0.0909596533696
0.0900647142775
0.0885753434706
0.0883275283679
0.0881794074508
0.0891078288272
0.0894824524906
0.0905177358737
0.0912751278017
0.0913008845904
0.0910141492428
0.090414813149
0.0900682290102
0.0902037768024
0.0902406193565
0.0910712640534
0.0915028285521
0.0919516365275
0.0925325854237
0.0927321048787
0.0929328434553
0.0922393010507
0.0919994501826
0.0918546533926
0.0926974756177
0.0938434977726
0.0952760242073
0.096735356397
0.0968906600354
0.097206661079
0.095691730735
0.0956920038081
0.0957848082883
0.0969143864907
0.0973273038312
0.0979737467148
0.0981398795076
0.0994058492199
0.0995101519988
0.100191887333
0.0987839919527
0.0981366638415
0.0966005974131
0.0967435735827
0.0958486659018
0.0968992640973
0.0969757960142
0.0983995113012
0.0993667385268
0.0990042019099
0.0988093343832
0.0984921850088
0.0991218209498
0.0994166596776
0.0989447825858
0.100352958359
0.102048463273
0.103671515592
0.105184102897
0.1067023512
0.108237303858
0.108103150494
0.106957908893
0.106771706874
0.106639280531
0.107509737775
0.107145260581
0.107736839353
0.1079143632
0.108334834522
0.108717317492
0.108716614088
0.108843172103
0.108429169758
0.106567230252
0.104885920801
0.103498979158
0.103731099572
0.104334746834
0.105131612359
0.106438890337
0.107499922421
0.108185626895
0.108679362476
0.10858374398
0.108073592191
0.10732366156
0.106317072724
0.106552834377
0.106237701961
0.107044316379
0.107912691378
0.108513563408
0.109473465174
0.110155115788
0.110866048466
0.110882313825
0.110479098628
0.110323263782
0.10987465725
0.110320710288
0.111041635688
0.112562191946
0.113416172735
0.115072574729
0.115842487708
0.116101956528
0.11598400256
0.115929947387
0.11636254674
0.11489153524
0.114097841889
0.113231507396
0.113351770325
0.113305379329
0.112842203957
0.114074573555
0.114689073534
0.115943624573
0.115518717665
0.114867426985
0.113409878492
0.112752136726
0.112047180293
0.112087692105
0.111574861797
0.112079473512
0.111876043663
0.112627377227
0.112317345432
0.112705241447
0.112557823092
0.112409182171
0.112800771063
0.11288411877
0.113564224928
0.112880514101
0.111896286427
0.111942335734
0.11131315792
0.111258667275
0.110980851359
0.110735638704
0.111512804279
0.111723058065
0.112107361945
0.111890690392
0.111360517272
0.112142574375
0.11126403559
0.11098980617
0.109306761411
0.109066534182
0.107940061933
0.107691463744
0.10518906519
0.10332601726
0.101777471044
0.101868888088
0.100678364797
0.0986040529987
0.097521843258
0.097330169796
0.0964538393245
0.0952465311588
0.0943050877398
0.0935183265857
0.0924162412455
0.0907327720336
0.0904816241048
0.0903734499644
0.0896162719244
END
