380.3
381.1
381.9
382.7
383.5
384.4
385.2
386.0
386.8
387.6
388.4
389.2
390.1
390.9
391.7
392.5
393.3
394.1
394.9
395.8
396.6
397.4
398.2
399.0
399.8
400.6
401.5
402.3
403.1
403.9
404.7
405.5
406.3
407.2
408.0
408.8
409.6
410.4
411.2
412.0
412.8
413.7
414.5
415.3
416.1
416.9
417.7
418.5
419.4
420.2
421.0
421.8
422.6
423.4
424.2
425.1
425.9
426.7
427.5
428.3
429.1
429.9
430.8
431.6
432.4
433.2
434.0
434.8
435.6
436.4
437.3
438.1
438.9
439.7
440.5
441.3
442.1
443.0
443.8
444.6
445.4
446.2
447.0
447.8
448.7
449.5
450.3
451.1
451.9
452.7
453.5
454.4
455.2
456.0
456.8
457.6
458.4
459.2
460.0
460.9
461.7
462.5
463.3
464.1
464.9
465.7
466.6
467.4
468.2
469.0
469.8
470.6
471.4
472.3
473.1
473.9
474.7
475.5
476.3
477.1
478.0
478.8
479.6
480.4
481.2
482.0
482.8
483.6
484.5
485.3
486.1
486.9
487.7
488.5
489.3
490.2
491.0
491.8
492.6
493.4
494.2
495.0
495.9
496.7
497.5
498.3
499.1
499.9
500.7
501.6
502.4
503.2
504.0
504.8
505.6
506.4
507.2
508.1
508.9
509.7
510.5
511.3
512.1
512.9
513.7
514.5
515.3
516.1
516.8
517.6
518.4
519.2
520.0
520.8
521.5
522.3
523.1
523.9
524.7
525.5
526.2
527.0
527.8
528.6
529.4
530.2
530.9
531.7
532.5
533.3
534.1
534.9
535.6
536.4
537.2
538.0
538.8
539.6
540.3
541.1
541.9
542.7
543.5
544.3
545.0
545.8
546.6
547.4
548.2
549.0
549.7
550.5
551.3
552.1
552.9
553.7
554.4
555.2
556.0
556.8
557.6
558.4
559.1
559.9
560.7
561.5
562.3
563.1
563.8
564.6
565.4
566.2
567.0
567.8
568.5
569.3
570.1
570.9
571.7
572.5
573.2
574.0
574.8
575.6
576.4
577.2
577.9
578.7
579.5
580.3
581.1
581.9
582.6
583.4
584.2
585.0
585.8
586.6
587.3
588.1
588.9
589.6
590.3
591.1
591.8
592.6
593.3
594.0
594.8
595.5
596.3
597.0
597.7
598.5
599.2
600.0
600.7
601.5
602.2
602.9
603.7
604.4
605.2
605.9
606.6
607.4
608.1
608.9
609.6
610.3
611.1
611.8
612.6
613.3
614.0
614.8
615.5
616.3
617.0
617.7
618.5
619.2
620.0
620.7
621.4
622.2
622.9
623.7
624.4
625.2
625.9
626.6
627.4
628.1
628.9
629.6
630.3
631.1
631.8
632.6
633.3
634.0
634.8
635.5
636.3
637.0
637.7
638.5
639.2
640.0
640.7
641.4
642.2
642.9
643.7
644.4
645.1
645.9
646.6
647.4
648.1
648.8
649.6
650.3
651.1
651.8
652.6
653.3
654.0
654.8
655.5
656.3
657.0
657.7
658.5
659.2
660.0
660.7
661.4
662.2
662.9
663.7
664.4
665.1
665.9
666.6
667.4
668.1
668.9
669.6
670.4
671.2
671.9
672.7
673.4
674.2
674.9
675.7
676.5
677.2
678.0
678.7
679.5
680.2
681.0
681.8
682.5
683.3
684.0
684.8
685.5
686.3
687.1
687.8
688.6
689.3
690.1
690.8
691.6
692.4
693.1
693.9
694.6
695.4
696.1
696.9
697.7
698.4
699.2
699.9
700.7
701.4
702.2
703.0
703.7
704.5
705.2
706.0
706.8
707.6
708.4
709.2
710.0
710.8
711.6
712.4
713.2
714.0
714.8
715.6
716.4
717.2
718.0
718.8
719.6
720.4
721.2
722.0
722.8
723.6
724.4
725.2
726.0
726.8
727.6
728.4
729.2
730.0
730.8
731.6
732.4
733.2
734.0
734.8
735.6
736.4
737.2
738.0
738.8
739.6
740.4
741.2
742.0
742.8
743.6
744.4
745.2
746.0
746.8
747.6
748.4
749.2
750.0
750.8
751.6
752.4
753.2
754.0
754.8
755.6
756.4
757.2
758.0
758.8
759.6
760.4
761.2
762.0
762.8
763.6
764.4
765.2
766.0
766.8
767.6
768.4
769.2
770.0
770.8
771.6
772.4
773.2
774.1
774.9
775.7
776.5
777.3
778.1
778.9
779.7
780.5
781.3
782.1
782.9
783.7
784.5
785.3
786.1
786.9
787.7
788.5
789.3
790.1
790.9
791.7
792.5
793.3
794.1
794.9
795.7
796.5
797.3
798.1
798.9
799.7
800.5
801.3
802.1
802.9
803.7
804.5
805.3
806.1
806.9
807.7
808.5
809.3
810.1
810.9
811.7
812.5
813.3
814.1
814.9
815.7
816.5
817.3
818.1
818.9
819.7
820.5
821.3
822.1
822.9
823.7
824.5
825.3
826.1
826.9
827.7
828.5
829.3
830.1
830.9
831.7
832.6
833.4
834.3
835.1
835.9
836.8
837.6
838.5
839.3
840.2
841.0
841.9
842.7
843.5
844.4
845.2
846.1
846.9
847.8
848.6
849.4
850.3
851.1
852.0
852.8
853.7
854.5
855.3
856.2
857.0
857.9
858.7
859.6
860.4
861.3
862.1
862.9
863.8
864.6
865.5
866.3
867.2
868.0
868.8
869.7
870.5
871.4
872.2
873.1
873.9
874.8
875.6
876.4
877.3
878.1
879.0
879.8
880.7
881.5
882.3
883.2
884.0
884.9
885.7
886.6
887.4
888.2
889.1
889.9
890.8
891.6
892.5
893.3
894.2
895.0
895.8
896.7
897.5
898.4
899.2
NEXT_SERIES
0.270205600799
0.2707456919
0.272532889063
0.269329826783
0.267775076779
0.268818266242
0.274445351283
0.282518239924
0.292221427746
0.302378105191
0.314356949224
0.325455303795
0.33894901175
0.353152489611
0.368045435188
0.381381167161
0.392363144048
0.400117904215
0.407086507796
0.411035673819
0.414379732667
0.412640433425
0.409105816589
0.403983058696
0.397867633267
0.392301726647
0.387162051708
0.382066668196
0.375350987128
0.368040067305
0.362304191602
0.35842674325
0.354987589085
0.352597326538
0.350040702995
0.349015035616
0.347686067027
0.347807158573
0.347409408442
0.347373666529
0.34650459065
0.346534139627
0.346129104232
0.346558672237
0.345950168166
0.346241989431
0.346983948155
0.348259832041
0.348933611164
0.349363639406
0.349302967915
0.348578758196
0.346702488241
0.345761622757
0.34604697945
0.345860376862
0.345130636629
0.344221402141
0.344130489036
0.342562656363
0.341456789998
0.340724741356
0.340219833621
0.339415245406
0.338573707391
0.338302602723
0.336678642805
0.335808464354
0.334407692262
0.333617792422
0.332174235508
0.331506188268
0.330320214497
0.328345323505
0.326703247584
0.325528804301
0.32440996891
0.323419518371
0.322495562357
0.321025763867
0.319164727246
0.318337202162
0.316751429575
0.315534701439
0.313546426449
0.313065151413
0.312657411284
0.312024407176
0.311263926758
0.310698144666
0.309363198062
0.309101552964
0.307803914733
0.307869638083
0.306993174189
0.305703599982
0.303607205967
0.301437049784
0.301285626268
0.301080530336
0.301218145532
0.299733790664
0.299089209486
0.299291441021
0.299938362069
0.300038956089
0.299288136406
0.299356111383
0.299533739797
0.300422377786
0.300820320915
0.300601826703
0.300398590565
0.300368312475
0.302119742162
0.302865539966
0.303169013312
0.302255268441
0.302179001981
0.302670769947
0.303118574224
0.303876550024
0.305464390604
0.306022544976
0.306924425296
0.306795888938
0.308831201205
0.310490323523
0.312876604811
0.314004103115
0.3157466486
0.315230683666
0.316143970629
0.316247192769
0.317262429157
0.318554325636
0.319333532301
0.321101887403
0.322290971651
0.323799142303
0.324626804107
0.326246424541
0.32758049804
0.329553614755
0.329297320433
0.328669692752
0.3289455065
0.330976840745
0.332693211025
0.33354927017
0.333921374032
0.334946165749
0.335141404608
0.334395941174
0.333979725086
0.333618176114
0.334201484064
0.333050895121
0.332830469764
0.332478038922
0.332582827451
0.331264998184
0.330186633605
0.329832282621
0.329604358215
0.328699329776
0.327893914626
0.327034053622
0.32590578751
0.324591200456
0.324445780726
0.323577496392
0.322289379583
0.32028501328
0.319311299097
0.318512863151
0.31730900622
0.316948654393
0.316953189541
0.316626118741
0.315582439331
0.314751404033
0.313661209595
0.312633977057
0.310765944214
0.309438886709
0.307225580572
0.305445054859
0.303568085777
0.3022048899
0.300957988868
0.298686244879
0.297067168593
0.29556005703
0.295853992351
0.295142326206
0.294908645452
0.293208877741
0.291494280222
0.289344069499
0.288123085908
0.286926955336
0.285132475369
0.282892907928
0.281869733227
0.280107500319
0.278048553122
0.274997247478
0.272295216893
0.270587597649
0.269237557715
0.267334848659
0.265015450117
0.261897788603
0.260446862126
0.25906465066
0.257642133807
0.254991399261
0.25225956079
0.249846539682
0.24769230106
0.244785329622
0.242401156347
0.239677636661
0.237175543014
0.233973987917
0.231507479008
0.228958055517
0.225945492367
0.22345937458
0.220808483164
0.218949764988
0.216381150608
0.214166469283
0.211352458138
0.208509165159
0.20606645972
0.20372433496
0.201600342355
0.198846034228
0.196339191147
0.193644840062
0.191390519205
0.188165000725
0.185826615658
0.182501606095
0.180465200879
0.177413918119
0.175299725766
0.172362406153
0.170259053025
0.167887009011
0.165947074633
0.163358700298
0.161982763657
0.160665142778
0.159398098693
0.156892990023
0.154264314982
0.151609280334
0.149211714981
0.147277331729
0.145000660096
0.143518195358
0.141523814532
0.140022535281
0.13701816358
0.134453712132
0.131873226844
0.13022054758
0.128888896732
0.12722338138
0.125616082571
0.124135121012
0.123192378953
0.122928649931
0.121647803027
0.120108371785
0.118176192733
0.117424172692
0.117232923189
0.116649027487
0.115593239668
0.113669999626
0.112541834573
0.111120788857
0.109932463843
0.10837892785
0.106601927038
0.105604775062
0.104262289376
0.103378231389
0.101928317105
0.101229347432
0.100647733479
0.100463281337
0.0996403201696
0.0992488996577
0.0982671483253
0.0983981761636
0.0982350622989
0.0985942147703
0.0980803300705
0.0976064900992
0.0967826848269
0.0971385569189
0.0965987440184
0.0964768586582
0.0945669956729
0.093586829691
0.0930168928676
0.0926476313961
0.0923298162364
0.0905678287679
0.0891957642281
0.0878090138015
0.0880007222538
0.0879784158811
0.0875096129246
0.0864280352055
0.0860595480414
0.0857137085811
0.0860155790299
0.0849719305622
0.0844832158122
0.0833899646764
0.0834698601152
0.0828241866871
0.0828063993572
0.0816417314504
0.081454910006
0.0797644274957
0.0794103416045
0.0787021331489
0.0792589742316
0.0788197411858
0.0787790902837
0.0773398688992
0.077108908099
0.075989367113
0.0763315740213
0.075923499325
0.0763823262868
0.0756208479217
0.0756691023257
0.0749668346032
0.0754178705271
0.0755232777694
0.0754636117786
0.0755007869174
0.075545487009
0.0761768387283
0.0769447017696
0.0778621773807
0.0783845042926
0.0786521917938
0.0782056548721
0.0785626278329
0.078466493937
0.0799421535286
0.0805579250517
0.0818132101583
0.0819777178323
0.0832141625429
0.0843118774473
0.0865176738098
0.0883158634834
0.0897044607239
0.0905505186604
0.0913579775101
0.0930446746717
0.0947163514793
0.0969591880721
0.0987013954513
0.100043951586
0.100415107832
0.100870569796
0.10144591733
0.10223632371
0.103524833564
0.103907524546
0.103941305771
0.10260192083
0.10188180985
0.102166981229
0.102577598675
0.10280209375
0.101637973521
0.0996924093677
0.0980129263935
0.0959212446202
0.095862022989
0.0946769280105
0.0942006721612
0.091789731132
0.0893068276103
0.0864343966193
0.0845070288948
0.084421144423
0.0840104125509
0.0831538990048
0.0812284585912
0.0792605971752
0.0769853295015
0.0748238585999
0.0741417773316
0.0739864631679
0.0746172435334
0.073830290914
0.0726697146824
0.0699083153787
0.0679734059123
0.067387875832
0.0677360799819
0.0687500857866
0.0685467647848
0.0678139629549
0.0659089020258
0.0649262361166
0.0641643348128
0.0643219744436
0.0650282510631
0.0656653916474
0.0662580359902
0.0656094555474
0.0653216599105
0.0646978139434
0.0650333557655
0.0656986392101
0.0669113402986
0.0676041195205
0.0672214435997
0.0668874301419
0.065735933607
0.0655762819092
0.0652250549545
0.0659736307852
0.0665834252077
0.0669730749216
0.0670724153018
0.0665574477851
0.065682189845
0.0646888787629
0.0648073850452
0.0659297052059
0.0673614488725
0.06765953617
0.0672993958373
0.0660662945447
0.0647766133105
0.0642080694206
0.0643157360918
0.0649798806938
0.0651039813751
0.0653684985092
0.0658183366995
0.0656851888074
0.0653839557295
0.0652630473362
0.065080185119
0.0649346778826
0.0647204054933
0.0654936336416
0.0661649760635
0.0665504216264
0.0660287470528
0.0656663660177
0.0656168243321
0.0662870440238
0.0669807162662
0.0679379108691
0.0683905227795
0.0692751477289
0.0689607429209
0.0691828570659
0.0679147435342
0.0678833094271
0.0675524487553
0.0679990093171
0.0680755101104
0.0686907404826
0.0690627181052
0.0693385150589
0.069066346664
0.0687804728883
0.0678241645736
0.0670226446889
0.0669652887878
0.0677035126862
0.0683940589538
0.0690248172239
0.0694850743447
0.0692849997196
0.0693227174279
0.0688963538871
0.0689268514899
0.0683484773667
0.0684333808759
0.0688137243141
0.0696744104919
0.0703280341146
0.0707496847304
0.0706989700985
0.0708891905295
0.0704344729449
0.0708757794687
0.0703548256281
0.0712067263505
0.0710966318693
0.0724112544847
0.0734745746677
0.0742548598854
0.0746906018145
0.0739526295016
0.0738515928094
0.0735369519898
0.0740463109414
0.0741263846974
0.0743830963108
0.0743088082115
0.0754494847391
0.0761068349625
0.0769355929863
0.0758097965109
0.0753668610614
0.0743024032457
0.0744860079605
0.073873634885
0.0744454365932
0.0739677732732
0.0752047028681
0.0758910591461
0.0766210777051
0.0761726114547
0.0758538879662
0.0757020567555
0.0757988147705
0.0759963870584
0.0774410224376
0.0785548998964
0.0800451862015
0.0816907090123
0.0832098767907
0.0843006890318
0.0845264447033
0.0838643540165
0.0835077916199
0.0827222622926
0.0833907992806
0.082917749171
0.0831773688764
0.0833788260482
0.0844711422755
0.0850634486506
0.0850739482155
0.0850209869039
0.0847852409489
0.0838148035415
0.0818524935311
0.0808362293921
0.0804714184004
0.081032918234
0.0810678730413
0.0821225584066
0.0834347930386
0.0850930133221
0.0857649215246
0.0856710680692
0.0844458671761
0.0836231468541
0.0826956308314
0.0828134419714
0.0823868654464
0.0831272011457
0.0836136751331
0.0841325708283
0.0855331821112
0.0861946782526
0.0865297600081
0.0860679087635
0.0858028847679
0.0856215071285
0.0855751173094
0.0861075495972
0.0871884032984
0.0875707664608
0.0884086255208
0.0899274182879
0.09085976307
0.0913646072905
0.0909691994179
0.0913178710334
0.0913842789768
0.0904716709324
0.0900853595052
0.0891921479874
0.0897949311927
0.0891499657354
0.089506985119
0.0897008162956
0.0905518891163
0.0912086125169
0.0909335882316
0.0897234802299
0.08844539021
0.0881111045964
0.087421013313
0.086843138451
0.0858743359438
0.0863693387247
0.086529339938
0.0875174314423
0.0882299202116
0.0884816698277
0.0881916948865
0.0876666107614
0.0877914247958
0.0876938493804
0.0881403563093
0.0878249286171
0.0877279379627
0.0869182469595
0.0866344552567
0.0859419677669
0.0855385463479
0.085733260275
0.0863636843613
0.0871746767423
0.0874834194662
0.087308663275
0.0874704398957
0.0872201614727
0.0861501595928
0.0856205845824
0.0845561097603
0.0849649065818
0.0839452901765
0.0840263521573
0.0815149505962
0.0797269424795
0.0782774219671
0.0787204811768
0.0780525245015
0.0772563924378
0.0762234663039
0.0757889615669
0.0747791530433
0.0735781102145
0.0726793033293
0.0713768566485
0.0711433451381
0.0702808680124
0.0705394860307
0.0698514959618
0.0697165691914
END
