380.3
381.1
381.9
382.7
383.5
384.4
385.2
386.0
386.8
387.6
388.4
389.2
390.1
390.9
391.7
392.5
393.3
394.1
394.9
395.8
396.6
397.4
398.2
399.0
399.8
400.6
401.5
402.3
403.1
403.9
404.7
405.5
406.3
407.2
408.0
408.8
409.6
410.4
411.2
412.0
412.8
413.7
414.5
415.3
416.1
416.9
417.7
418.5
419.4
420.2
421.0
421.8
422.6
423.4
424.2
425.1
425.9
426.7
427.5
428.3
429.1
429.9
430.8
431.6
432.4
433.2
434.0
434.8
435.6
436.4
437.3
438.1
438.9
439.7
440.5
441.3
442.1
443.0
443.8
444.6
445.4
446.2
447.0
447.8
448.7
449.5
450.3
451.1
451.9
452.7
453.5
454.4
455.2
456.0
456.8
457.6
458.4
459.2
460.0
460.9
461.7
462.5
463.3
464.1
464.9
465.7
466.6
467.4
468.2
469.0
469.8
470.6
471.4
472.3
473.1
473.9
474.7
475.5
476.3
477.1
478.0
478.8
479.6
480.4
481.2
482.0
482.8
483.6
484.5
485.3
486.1
486.9
487.7
488.5
489.3
490.2
491.0
491.8
492.6
493.4
494.2
495.0
495.9
496.7
497.5
498.3
499.1
499.9
500.7
501.6
502.4
503.2
504.0
504.8
505.6
506.4
507.2
508.1
508.9
509.7
510.5
511.3
512.1
512.9
513.7
514.5
515.3
516.1
516.8
517.6
518.4
519.2
520.0
520.8
521.5
522.3
523.1
523.9
524.7
525.5
526.2
527.0
527.8
528.6
529.4
530.2
530.9
531.7
532.5
533.3
534.1
534.9
535.6
536.4
537.2
538.0
538.8
539.6
540.3
541.1
541.9
542.7
543.5
544.3
545.0
545.8
546.6
547.4
548.2
549.0
549.7
550.5
551.3
552.1
552.9
553.7
554.4
555.2
556.0
556.8
557.6
558.4
559.1
559.9
560.7
561.5
562.3
563.1
563.8
564.6
565.4
566.2
567.0
567.8
568.5
569.3
570.1
570.9
571.7
572.5
573.2
574.0
574.8
575.6
576.4
577.2
577.9
578.7
579.5
580.3
581.1
581.9
582.6
583.4
584.2
585.0
585.8
586.6
587.3
588.1
588.9
589.6
590.3
591.1
591.8
592.6
593.3
594.0
594.8
595.5
596.3
597.0
597.7
598.5
599.2
600.0
600.7
601.5
602.2
602.9
603.7
604.4
605.2
605.9
606.6
607.4
608.1
608.9
609.6
610.3
611.1
611.8
612.6
613.3
614.0
614.8
615.5
616.3
617.0
617.7
618.5
619.2
620.0
620.7
621.4
622.2
622.9
623.7
624.4
625.2
625.9
626.6
627.4
628.1
628.9
629.6
630.3
631.1
631.8
632.6
633.3
634.0
634.8
635.5
636.3
637.0
637.7
638.5
639.2
640.0
640.7
641.4
642.2
642.9
643.7
644.4
645.1
645.9
646.6
647.4
648.1
648.8
649.6
650.3
651.1
651.8
652.6
653.3
654.0
654.8
655.5
656.3
657.0
657.7
658.5
659.2
660.0
660.7
661.4
662.2
662.9
663.7
664.4
665.1
665.9
666.6
667.4
668.1
668.9
669.6
670.4
671.2
671.9
672.7
673.4
674.2
674.9
675.7
676.5
677.2
678.0
678.7
679.5
680.2
681.0
681.8
682.5
683.3
684.0
684.8
685.5
686.3
687.1
687.8
688.6
689.3
690.1
690.8
691.6
692.4
693.1
693.9
694.6
695.4
696.1
696.9
697.7
698.4
699.2
699.9
700.7
701.4
702.2
703.0
703.7
704.5
705.2
706.0
706.8
707.6
708.4
709.2
710.0
710.8
711.6
712.4
713.2
714.0
714.8
715.6
716.4
717.2
718.0
718.8
719.6
720.4
721.2
722.0
722.8
723.6
724.4
725.2
726.0
726.8
727.6
728.4
729.2
730.0
730.8
731.6
732.4
733.2
734.0
734.8
735.6
736.4
737.2
738.0
738.8
739.6
740.4
741.2
742.0
742.8
743.6
744.4
745.2
746.0
746.8
747.6
748.4
749.2
750.0
750.8
751.6
752.4
753.2
754.0
754.8
755.6
756.4
757.2
758.0
758.8
759.6
760.4
761.2
762.0
762.8
763.6
764.4
765.2
766.0
766.8
767.6
768.4
769.2
770.0
770.8
771.6
772.4
773.2
774.1
774.9
775.7
776.5
777.3
778.1
778.9
779.7
780.5
781.3
782.1
782.9
783.7
784.5
785.3
786.1
786.9
787.7
788.5
789.3
790.1
790.9
791.7
792.5
793.3
794.1
794.9
795.7
796.5
797.3
798.1
798.9
799.7
800.5
801.3
802.1
802.9
803.7
804.5
805.3
806.1
806.9
807.7
808.5
809.3
810.1
810.9
811.7
812.5
813.3
814.1
814.9
815.7
816.5
817.3
818.1
818.9
819.7
820.5
821.3
822.1
822.9
823.7
824.5
825.3
826.1
826.9
827.7
828.5
829.3
830.1
830.9
831.7
832.6
833.4
834.3
835.1
835.9
836.8
837.6
838.5
839.3
840.2
841.0
841.9
842.7
843.5
844.4
845.2
846.1
846.9
847.8
848.6
849.4
850.3
851.1
852.0
852.8
853.7
854.5
855.3
856.2
857.0
857.9
858.7
859.6
860.4
861.3
862.1
862.9
863.8
864.6
865.5
866.3
867.2
868.0
868.8
869.7
870.5
871.4
872.2
873.1
873.9
874.8
875.6
876.4
877.3
878.1
879.0
879.8
880.7
881.5
882.3
883.2
884.0
884.9
885.7
886.6
887.4
888.2
889.1
889.9
890.8
891.6
892.5
893.3
894.2
895.0
895.8
896.7
897.5
898.4
899.2
NEXT_SERIES
0.280164467966
0.280571171502
0.28068057844
0.279381489245
0.279658925969
0.280773278498
0.28496748744
0.290754795428
0.300856556853
0.312375098444
0.323994852033
0.334488766789
0.346646566472
0.360394641049
0.373657716473
0.385768126994
0.394693834836
0.402309289316
0.407590264323
0.411198527727
0.413452742379
0.412090379306
0.409787069783
0.405530140837
0.40038691111
0.395581754333
0.38980623901
0.384932971565
0.378878500908
0.373942260928
0.37004172923
0.366233265616
0.363036081898
0.360545987948
0.35984664705
0.358902291843
0.358413140286
0.357516478229
0.358033931834
0.357735136576
0.357719936622
0.358138611503
0.358675971721
0.360001644816
0.360930920112
0.36229510213
0.362280603325
0.362067380761
0.362065860398
0.362576616928
0.362694736589
0.36182311084
0.360950009237
0.360225455528
0.360153622367
0.359364435571
0.358512275021
0.358156753015
0.357738319161
0.357632598117
0.357268593196
0.356835334244
0.355947373464
0.354157295836
0.353340507802
0.352190834789
0.352046911002
0.351052031442
0.350306412863
0.349328982896
0.34760088351
0.346213213343
0.344338746869
0.343185811917
0.341062242927
0.339153432132
0.338081542583
0.337568628016
0.337290635515
0.336107438664
0.334714934712
0.332321630164
0.330449131009
0.328397991296
0.32797186342
0.326834859106
0.326206551936
0.324736063423
0.324224059117
0.323696084149
0.323462999363
0.322894519427
0.322703477682
0.322675746864
0.321477138469
0.319732026097
0.317648447786
0.316998341296
0.317103778269
0.317154301526
0.317073069427
0.31600391743
0.314514052636
0.314709277208
0.31414981008
0.31500844442
0.313877780078
0.315930436431
0.315227223684
0.316316951759
0.315948765811
0.317637442006
0.31888791906
0.320264230882
0.320962330377
0.321238373827
0.320971268681
0.321319884599
0.32271042622
0.324072915624
0.325218018992
0.32558351891
0.327235414991
0.3277561498
0.32881400176
0.329505920567
0.331636631421
0.333246988064
0.334896052358
0.336874308055
0.339200489035
0.339525209954
0.340314056462
0.34055324781
0.342192564809
0.342571497965
0.343909518251
0.346114183383
0.349317591909
0.351299179946
0.352589353227
0.354253903972
0.355719987984
0.356542702784
0.35682221855
0.357466596935
0.359030620112
0.360873313079
0.362299112864
0.363925096262
0.364936206363
0.366201615915
0.366401502775
0.365738700218
0.365357688399
0.364963798574
0.365250502297
0.365106289379
0.365025889047
0.365586986705
0.365490640459
0.365010969621
0.364295276452
0.364738298905
0.364704541385
0.36425226351
0.363109799282
0.362482859855
0.361684841541
0.36093748421
0.360061557944
0.358663799265
0.357077636286
0.357029644725
0.356067715389
0.356037907507
0.354747679987
0.355219436416
0.355636811779
0.35567735045
0.355335368969
0.354719888728
0.353849501114
0.35228107315
0.351131941843
0.350375513047
0.349015065061
0.346799746317
0.344139412542
0.342789090562
0.341371616104
0.340762774216
0.340161762932
0.338804163163
0.337615693957
0.335752350966
0.33559189096
0.334826930712
0.333990816959
0.33166240289
0.329446226759
0.328458727421
0.327029295443
0.324883202003
0.322506304709
0.32032342626
0.318721927096
0.315977701568
0.313408384947
0.311560239551
0.30975815346
0.307494346195
0.304650566264
0.302403704121
0.301269850703
0.299383035084
0.296937698436
0.294237488348
0.292285957492
0.290537635931
0.287442355324
0.284530262527
0.281265227052
0.278657718157
0.274789220813
0.27173757304
0.268598892645
0.266259948039
0.263210607789
0.26142965115
0.258790588175
0.256100449995
0.253382560764
0.250823150089
0.248165895327
0.244397997354
0.241453079314
0.238703134053
0.236114185164
0.234235568745
0.231453184819
0.229015043392
0.22581180126
0.223035489263
0.220761760912
0.217513017846
0.215020128233
0.211656431112
0.209035415245
0.205382927796
0.203115393662
0.200690370845
0.199345977462
0.196894215838
0.1945720895
0.192053610055
0.189813098237
0.187344919405
0.184752907215
0.182629352648
0.180216571447
0.178213489481
0.175504600119
0.173446370462
0.171064262878
0.168189834706
0.165956587192
0.163981024749
0.162167374704
0.160086411268
0.158171006617
0.155952340946
0.153971245847
0.152326939837
0.151740154984
0.151330599518
0.149508334875
0.148114651024
0.146286941195
0.1461477779
0.145496412578
0.144680097837
0.142878325082
0.141242750893
0.139981376671
0.138992694982
0.137172211693
0.135227122225
0.133197115284
0.132424594359
0.130801574465
0.129994841007
0.12807765701
0.127945793281
0.126778467524
0.126603477427
0.125155362135
0.124839676744
0.124084379754
0.124472174108
0.123953023972
0.124213603025
0.123947043928
0.123999266626
0.122974309976
0.122978225014
0.122024039175
0.121174152489
0.119908594168
0.119082214703
0.119402020239
0.118267795197
0.117539435493
0.115866895316
0.114524041235
0.113369527412
0.112638146992
0.11241637416
0.111906895358
0.111220172596
0.110832877362
0.110273599655
0.110697357676
0.109712814505
0.109601760171
0.108008956869
0.107804280535
0.107036403401
0.10744960752
0.106566947732
0.106347259346
0.104910676754
0.105231321445
0.103913267177
0.103879913018
0.102262480764
0.102605117721
0.101197160503
0.101108489581
0.0999387402658
0.100956870833
0.100474172183
0.101327387158
0.10014734898
0.100646574224
0.100033556795
0.100681857501
0.100475235726
0.100295149744
0.100120719468
0.0995448983575
0.0997468366431
0.09990837861
0.100785903778
0.101213772728
0.101539145276
0.101448282628
0.102071351533
0.102130642437
0.10345256557
0.103511190327
0.10430755715
0.104024174783
0.105153605113
0.106284657277
0.108345672278
0.109500286557
0.110102805912
0.110804199135
0.112087662997
0.113746763765
0.11565392883
0.117314457035
0.119076081982
0.119539057419
0.119938785885
0.119996565057
0.120670278723
0.121476148518
0.123071662995
0.123725629824
0.123190788612
0.121650036095
0.120746385466
0.120748650667
0.120731982065
0.120607386871
0.119404326299
0.11765375275
0.115877733463
0.114230858683
0.113922421863
0.112769761675
0.11212621933
0.109652170071
0.107258661299
0.104181879232
0.10269761063
0.102327339866
0.10200903789
0.101467158939
0.0994950543218
0.0977508130367
0.0953230044531
0.0936513229698
0.0930410441667
0.0930359765212
0.0935365224777
0.0925210360853
0.0909699752529
0.0881215252964
0.0866191988978
0.0857131499592
0.0865604204156
0.0873519783236
0.0870217046135
0.0860237606644
0.0836805328788
0.083137074667
0.0824997591959
0.0829396732449
0.0836954309171
0.0839164470453
0.0840808428651
0.0830481926099
0.0828362707515
0.0822461483087
0.0822312426565
0.0823475696567
0.083546675879
0.0845474858107
0.084779061339
0.0841673261466
0.0827883253346
0.082035416273
0.0818888880402
0.0822860746909
0.083198873949
0.0834943816516
0.0833540092088
0.0822282228462
0.0811977566919
0.0808658396634
0.0810292868075
0.0818149573044
0.0824742676863
0.082519470218
0.0825001933897
0.0815125357871
0.0800662981634
0.0794239763627
0.0790658516652
0.0800322699062
0.0797013775599
0.0798676089989
0.0798894888246
0.0796260095469
0.0796538035605
0.0795906182877
0.0793174315992
0.0790599522525
0.0787460726924
0.0795542911895
0.0798891713445
0.0799987685195
0.0795073432043
0.0791459661122
0.0787042842136
0.0788483324815
0.0792952268389
0.080407920509
0.0807418740147
0.0809364901128
0.0807701268592
0.0806125592125
0.0799208110435
0.0795396555091
0.0794992505258
0.0798661004088
0.0802893365229
0.0805789832411
0.0805384010526
0.0804086885219
0.0805049182175
0.0800974825342
0.0793735539897
0.0785615939618
0.0785044298408
0.0790949889228
0.0789585316814
0.0797878379907
0.0796887796157
0.0795449017883
0.0791326745978
0.0785074416534
0.0787959458768
0.0784177457508
0.0784110443954
0.0782115772234
0.0787952201161
0.0792286353359
0.0797795850672
0.079554323954
0.0792315403187
0.0784868471236
0.0782160999141
0.0782684179711
0.0787278804332
0.0789855373894
0.0796034674606
0.0808961285332
0.0816111290909
0.081928937477
0.0809590605709
0.0804902207713
0.0799397979509
0.0800649397012
0.0800474741968
0.0808929572319
0.0812829529117
0.0823502817641
0.0824194877335
0.082619097287
0.0817275814585
0.0809842814733
0.0796350240817
0.079393838802
0.0787994722068
0.0787934361908
0.0787576448417
0.079562090479
0.0813140391742
0.081058730386
0.0807882767196
0.0799332630455
0.0795649448719
0.0794638642661
0.0793373190237
0.0810720376565
0.0826662689351
0.0840384089656
0.0852166070591
0.0865007901442
0.0874857677301
0.0874065999239
0.0864868627723
0.0860322156902
0.0855068865598
0.0854785618506
0.0846261975148
0.0849450056485
0.0858611184293
0.0870843779782
0.0872629099021
0.0870604742839
0.0867820354161
0.0864520778269
0.0848685448776
0.083103168556
0.0822684823101
0.0823724651127
0.0829034467258
0.0832598054737
0.0842194348694
0.0855097953878
0.0865342832434
0.0863952841675
0.0858067865255
0.084802070743
0.0842039711713
0.0839155200353
0.0842357636882
0.0843083721585
0.0853897084737
0.0857587701193
0.0859037762086
0.0859470652673
0.0869235989801
0.0878203896137
0.0884029810253
0.0877507879352
0.0879444523987
0.0866616186437
0.0872058670057
0.0872650122343
0.0886223056603
0.0892078615546
0.0903854725537
0.0913124832752
0.0915928045689
0.0916514195079
0.0906380648505
0.0901019808884
0.0887789736407
0.0893070879713
0.0889539023357
0.089286633829
0.0885051718559
0.0883118623775
0.0885697024259
0.088992926036
0.0902922661564
0.0904692896177
0.0900566133447
0.0888661096529
0.087847864109
0.0868550408521
0.0861127747217
0.0862149055965
0.0867997821295
0.0869560809871
0.0870225136566
0.0868386869338
0.0870728999846
0.0872271510239
0.0876087403142
0.0879012661389
0.0875433694233
0.0874791733774
0.0873166143398
0.0872671599079
0.086623278145
0.0852832224907
0.0843635081961
0.0842044239025
0.0848996754326
0.085776578423
0.0862428569325
0.0864802116393
0.0865738643067
0.0863771289223
0.0860044081262
0.0847293618865
0.0841037258381
0.0831447335571
0.0826789298614
0.081752135125
0.0818194249666
0.0809658810463
0.0797805607328
0.0779121142551
0.0765665914221
0.0760275439806
0.075145076956
0.0747612471242
0.0732683467518
0.0715119806538
0.0712338629828
0.0714386232128
0.0716275942318
0.070626253702
0.0692573364189
0.069098942076
0.0680042186724
0.0672762979193
END
