380.3
381.1
381.9
382.7
383.5
384.4
385.2
386.0
386.8
387.6
388.4
389.2
390.1
390.9
391.7
392.5
393.3
394.1
394.9
395.8
396.6
397.4
398.2
399.0
399.8
400.6
401.5
402.3
403.1
403.9
404.7
405.5
406.3
407.2
408.0
408.8
409.6
410.4
411.2
412.0
412.8
413.7
414.5
415.3
416.1
416.9
417.7
418.5
419.4
420.2
421.0
421.8
422.6
423.4
424.2
425.1
425.9
426.7
427.5
428.3
429.1
429.9
430.8
431.6
432.4
433.2
434.0
434.8
435.6
436.4
437.3
438.1
438.9
439.7
440.5
441.3
442.1
443.0
443.8
444.6
445.4
446.2
447.0
447.8
448.7
449.5
450.3
451.1
451.9
452.7
453.5
454.4
455.2
456.0
456.8
457.6
458.4
459.2
460.0
460.9
461.7
462.5
463.3
464.1
464.9
465.7
466.6
467.4
468.2
469.0
469.8
470.6
471.4
472.3
473.1
473.9
474.7
475.5
476.3
477.1
478.0
478.8
479.6
480.4
481.2
482.0
482.8
483.6
484.5
485.3
486.1
486.9
487.7
488.5
489.3
490.2
491.0
491.8
492.6
493.4
494.2
495.0
495.9
496.7
497.5
498.3
499.1
499.9
500.7
501.6
502.4
503.2
504.0
504.8
505.6
506.4
507.2
508.1
508.9
509.7
510.5
511.3
512.1
512.9
513.7
514.5
515.3
516.1
516.8
517.6
518.4
519.2
520.0
520.8
521.5
522.3
523.1
523.9
524.7
525.5
526.2
527.0
527.8
528.6
529.4
530.2
530.9
531.7
532.5
533.3
534.1
534.9
535.6
536.4
537.2
538.0
538.8
539.6
540.3
541.1
541.9
542.7
543.5
544.3
545.0
545.8
546.6
547.4
548.2
549.0
549.7
550.5
551.3
552.1
552.9
553.7
554.4
555.2
556.0
556.8
557.6
558.4
559.1
559.9
560.7
561.5
562.3
563.1
563.8
564.6
565.4
566.2
567.0
567.8
568.5
569.3
570.1
570.9
571.7
572.5
573.2
574.0
574.8
575.6
576.4
577.2
577.9
578.7
579.5
580.3
581.1
581.9
582.6
583.4
584.2
585.0
585.8
586.6
587.3
588.1
588.9
589.6
590.3
591.1
591.8
592.6
593.3
594.0
594.8
595.5
596.3
597.0
597.7
598.5
599.2
600.0
600.7
601.5
602.2
602.9
603.7
604.4
605.2
605.9
606.6
607.4
608.1
608.9
609.6
610.3
611.1
611.8
612.6
613.3
614.0
614.8
615.5
616.3
617.0
617.7
618.5
619.2
620.0
620.7
621.4
622.2
622.9
623.7
624.4
625.2
625.9
626.6
627.4
628.1
628.9
629.6
630.3
631.1
631.8
632.6
633.3
634.0
634.8
635.5
636.3
637.0
637.7
638.5
639.2
640.0
640.7
641.4
642.2
642.9
643.7
644.4
645.1
645.9
646.6
647.4
648.1
648.8
649.6
650.3
651.1
651.8
652.6
653.3
654.0
654.8
655.5
656.3
657.0
657.7
658.5
659.2
660.0
660.7
661.4
662.2
662.9
663.7
664.4
665.1
665.9
666.6
667.4
668.1
668.9
669.6
670.4
671.2
671.9
672.7
673.4
674.2
674.9
675.7
676.5
677.2
678.0
678.7
679.5
680.2
681.0
681.8
682.5
683.3
684.0
684.8
685.5
686.3
687.1
687.8
688.6
689.3
690.1
690.8
691.6
692.4
693.1
693.9
694.6
695.4
696.1
696.9
697.7
698.4
699.2
699.9
700.7
701.4
702.2
703.0
703.7
704.5
705.2
706.0
706.8
707.6
708.4
709.2
710.0
710.8
711.6
712.4
713.2
714.0
714.8
715.6
716.4
717.2
718.0
718.8
719.6
720.4
721.2
722.0
722.8
723.6
724.4
725.2
726.0
726.8
727.6
728.4
729.2
730.0
730.8
731.6
732.4
733.2
734.0
734.8
735.6
736.4
737.2
738.0
738.8
739.6
740.4
741.2
742.0
742.8
743.6
744.4
745.2
746.0
746.8
747.6
748.4
749.2
750.0
750.8
751.6
752.4
753.2
754.0
754.8
755.6
756.4
757.2
758.0
758.8
759.6
760.4
761.2
762.0
762.8
763.6
764.4
765.2
766.0
766.8
767.6
768.4
769.2
770.0
770.8
771.6
772.4
773.2
774.1
774.9
775.7
776.5
777.3
778.1
778.9
779.7
780.5
781.3
782.1
782.9
783.7
784.5
785.3
786.1
786.9
787.7
788.5
789.3
790.1
790.9
791.7
792.5
793.3
794.1
794.9
795.7
796.5
797.3
798.1
798.9
799.7
800.5
801.3
802.1
802.9
803.7
804.5
805.3
806.1
806.9
807.7
808.5
809.3
810.1
810.9
811.7
812.5
813.3
814.1
814.9
815.7
816.5
817.3
818.1
818.9
819.7
820.5
821.3
822.1
822.9
823.7
824.5
825.3
826.1
826.9
827.7
828.5
829.3
830.1
830.9
831.7
832.6
833.4
834.3
835.1
835.9
836.8
837.6
838.5
839.3
840.2
841.0
841.9
842.7
843.5
844.4
845.2
846.1
846.9
847.8
848.6
849.4
850.3
851.1
852.0
852.8
853.7
854.5
855.3
856.2
857.0
857.9
858.7
859.6
860.4
861.3
862.1
862.9
863.8
864.6
865.5
866.3
867.2
868.0
868.8
869.7
870.5
871.4
872.2
873.1
873.9
874.8
875.6
876.4
877.3
878.1
879.0
879.8
880.7
881.5
882.3
883.2
884.0
884.9
885.7
886.6
887.4
888.2
889.1
889.9
890.8
891.6
892.5
893.3
894.2
895.0
895.8
896.7
897.5
898.4
899.2
NEXT_SERIES
0.599581487139
0.598305859906
0.598907682108
0.601275587726
0.604671956999
0.608621238749
0.617827084913
0.628381073812
0.644782944341
0.66268215019
0.681164763545
0.701233095585
0.721729681992
0.743753623434
0.765837351983
0.78616392056
0.805616301061
0.821835585077
0.835946569383
0.846940825497
0.852079859167
0.852379888191
0.849197551862
0.844897244366
0.839051060209
0.831038376096
0.824145024494
0.814738034265
0.806814280707
0.798062017427
0.789974528676
0.785272701156
0.778948363915
0.776825879047
0.775479934912
0.774854594803
0.774156694296
0.772135934426
0.772793838423
0.773136580704
0.773494952029
0.774669435674
0.778565624404
0.781945271796
0.785836616669
0.787369870751
0.791101925564
0.791952639044
0.794599412536
0.7955243469
0.796773319013
0.79723270704
0.796285340644
0.796967345263
0.796407017637
0.796848884102
0.797263986058
0.797789612139
0.798763058916
0.798219551489
0.799681239165
0.79949390725
0.798927812112
0.796452344086
0.795462089258
0.794437356123
0.79344433626
0.790366316211
0.788423219135
0.785679710713
0.783709212314
0.780879557152
0.77751562288
0.774001022099
0.769537379447
0.76520762653
0.762548685074
0.761011157788
0.760325564593
0.755981818154
0.751728089629
0.748369049672
0.746762966152
0.745466976839
0.743423931743
0.74065553111
0.737007562438
0.732631680638
0.728696114363
0.727440011422
0.724865969332
0.723984986419
0.721730396939
0.71886035561
0.716724064983
0.713799428424
0.71185979249
0.708559652723
0.706454191012
0.70519808896
0.704639939488
0.702005574517
0.700689164037
0.700502375082
0.700356926978
0.699643493504
0.699506140043
0.70019418236
0.700842357441
0.700357628552
0.699227799244
0.700155724523
0.700348136939
0.702454885546
0.703597459241
0.706759218115
0.708097071532
0.708089976608
0.708493479095
0.710877238545
0.712988149905
0.714706798427
0.71633076583
0.720093954984
0.722182743563
0.725218850897
0.726755777505
0.729838159566
0.732805236952
0.737069068744
0.74076114028
0.74103501874
0.741820494505
0.743478650379
0.746886393775
0.749955674394
0.751489673624
0.754298139753
0.757224576534
0.759994713978
0.763217783149
0.766323776421
0.770013412086
0.772093815177
0.773975557474
0.775703990122
0.777285669248
0.780539549369
0.782676601686
0.786024095674
0.786314056252
0.788162223789
0.788165232003
0.78703354366
0.785155228647
0.783920593846
0.784029443571
0.782157395176
0.779710573814
0.777825410266
0.777876170858
0.777999198581
0.776794004491
0.775870983003
0.774532785574
0.773668438125
0.770942599323
0.767472784507
0.763680242298
0.761053673025
0.758768400425
0.757844549146
0.755584244776
0.752791503268
0.750025873614
0.74851639208
0.74792756544
0.746417129468
0.744972011324
0.743851037226
0.742896601542
0.74278912411
0.741432713001
0.739022108718
0.735387069304
0.732598923781
0.729195763529
0.724685230071
0.720068557672
0.715710483724
0.714348245086
0.712480490794
0.710635075926
0.70668357303
0.703162804125
0.699651229504
0.698169659117
0.69670797409
0.695140374457
0.690658011007
0.686175481697
0.683356405823
0.679913061723
0.675249945152
0.670020908828
0.665718490836
0.661209029615
0.654865322884
0.648432626125
0.643803002896
0.640083651738
0.635869486082
0.631484405516
0.626223552502
0.622217918819
0.617584039674
0.613910069536
0.609534728591
0.605685417888
0.601911020485
0.596150216004
0.589293441761
0.583103846045
0.577922993884
0.572558337833
0.566606792118
0.560749148126
0.55497287597
0.548696316203
0.543877953543
0.538157305883
0.53326179827
0.527166628365
0.522442081677
0.517092304402
0.512280729005
0.507662010601
0.50169511913
0.496469404757
0.490200286078
0.485703430284
0.479090668165
0.473818965401
0.468016720321
0.464072558912
0.458697752631
0.453270297672
0.447143069752
0.441444988934
0.435234138548
0.430381277493
0.425920327066
0.422425006796
0.417329962979
0.413595945883
0.409598717817
0.406561419874
0.401967903784
0.397245091386
0.392914896992
0.3881715107
0.384034425642
0.378927491366
0.375030303586
0.370244326206
0.366639579943
0.362538558719
0.35879295226
0.354699064905
0.350835938195
0.347404164885
0.343004878924
0.33923099336
0.337027646267
0.33522521968
0.334603886692
0.331717932378
0.329755799034
0.326746400579
0.325625373054
0.325026310432
0.323350716007
0.321018887461
0.317083399787
0.314879707093
0.312311876252
0.309564583199
0.307033018976
0.304103258653
0.302723577189
0.299349555357
0.29748792012
0.294887998671
0.294602329518
0.293616944856
0.2939147652
0.29245982707
0.291686072241
0.290229495959
0.290972289121
0.29136647641
0.291918202027
0.29143552475
0.291860231546
0.29126108614
0.291263630649
0.289167378988
0.287662126007
0.28541245841
0.284203238728
0.283297009801
0.282264661604
0.281023838631
0.278695187911
0.276518554806
0.27434587154
0.273397587412
0.273186117722
0.272326637158
0.271126687483
0.269163854191
0.268446526311
0.268940250961
0.268033738454
0.267403308585
0.265183198299
0.26470987222
0.263645461996
0.263923774484
0.262083618267
0.261557601801
0.259553088272
0.259219913523
0.257207002022
0.256345338319
0.254675961784
0.254864882635
0.252674526813
0.252495631861
0.249984882658
0.250970084688
0.250493134637
0.252209292827
0.251719197071
0.252200806845
0.251229209143
0.251817601235
0.251723656489
0.25158627811
0.251672188333
0.251824921332
0.254115986539
0.256338832781
0.25948039582
0.259917008287
0.260705192379
0.259823794075
0.262059913693
0.263223168122
0.267278928655
0.269656065603
0.272755085646
0.274128754987
0.27704826271
0.280902172927
0.286071622646
0.290729337969
0.293849259073
0.296200694733
0.299008005972
0.303375230308
0.308293004954
0.313481780393
0.3180444274
0.321706567436
0.322785404101
0.323787647382
0.324959149283
0.328112024757
0.331003158071
0.332824206921
0.332278352049
0.329605087363
0.32719914002
0.326076182315
0.325828605364
0.326009812416
0.323682301016
0.319789912567
0.31431644676
0.309497097261
0.307028138679
0.303485482031
0.30105028785
0.294496117799
0.288849387721
0.280994402685
0.275674193159
0.272338558019
0.270063134842
0.267862878536
0.263534759981
0.258885666188
0.252926079491
0.248277600987
0.245357462492
0.244516838095
0.244769042949
0.242346733982
0.238868111542
0.232635080071
0.228590851817
0.225504892261
0.225846384519
0.226669409414
0.226392896051
0.224698936544
0.220955134346
0.218949939266
0.216701445602
0.216405159166
0.21750253426
0.21799105029
0.219318716871
0.217662586744
0.216418851526
0.214312864399
0.213579118042
0.214798311284
0.217184572624
0.218915048597
0.219126476078
0.217635515996
0.215912337295
0.213852525739
0.213116207626
0.213449649595
0.216164405078
0.216909761131
0.21766219246
0.215533751215
0.213834179929
0.212056158929
0.21113665851
0.212107420238
0.213537695594
0.214176675951
0.213987330228
0.211917380683
0.210091476958
0.207952480261
0.207381181094
0.207442804758
0.208876781759
0.209967317365
0.211293807976
0.210075197421
0.208704066959
0.206573522831
0.205985664558
0.205886612418
0.206530646886
0.208645683209
0.209634249941
0.209932740751
0.207927462557
0.20669542496
0.206040410193
0.207026438418
0.208415892379
0.210404782924
0.212064743937
0.213164451654
0.21242348397
0.21139855777
0.20925354345
0.208599196628
0.207398887931
0.207640999509
0.208367752485
0.209618233456
0.210738760199
0.210855416301
0.209876264357
0.207961062906
0.205678120239
0.204899357366
0.204573175428
0.205559825728
0.205911578081
0.207334744972
0.208493357854
0.208530602343
0.208411464383
0.207074211417
0.206240332413
0.205295723504
0.204795870714
0.20616740857
0.20710050493
0.208565155504
0.20846640606
0.20842365809
0.208297786229
0.207254418365
0.207389136717
0.206668384795
0.208123322988
0.20891853877
0.210344729337
0.212091603828
0.212489372796
0.213418440964
0.212382703295
0.212566490003
0.211809018649
0.211890813291
0.212303754204
0.213771344484
0.214914496713
0.216156760523
0.216200398625
0.21634262823
0.214238529008
0.213144891413
0.210364766523
0.210545195447
0.209163317868
0.209819098726
0.209846412882
0.211175224073
0.212677152881
0.212544762355
0.213391121209
0.212922599735
0.212464653633
0.211749538551
0.211725023773
0.214413317595
0.217037329032
0.220396957914
0.223023106641
0.225450553153
0.227686610426
0.228372254327
0.22728009224
0.226038065746
0.224691151584
0.225335882412
0.224611390836
0.225908014252
0.226461891886
0.228198466742
0.228539147937
0.228723566974
0.227639513335
0.226435513022
0.223744412643
0.221550007332
0.218976137196
0.218685379522
0.219410368585
0.221467569262
0.222721819433
0.223805095815
0.225238745143
0.226099960433
0.225710327047
0.223928034761
0.223013702336
0.222555890712
0.222745765934
0.222912116545
0.223636165669
0.22418727658
0.22411856579
0.225834936743
0.227285219782
0.228118548004
0.227898239165
0.226857115086
0.226885016539
0.22675669203
0.227757064183
0.229198476862
0.230849678358
0.232952639677
0.235332595148
0.237055459493
0.237652678193
0.237674091394
0.23656316264
0.236079761992
0.23456514187
0.233928912788
0.233340135203
0.233132512082
0.233084841586
0.233030166317
0.233231990353
0.233590265972
0.233958563595
0.234203302038
0.233072311769
0.230752603357
0.228968489253
0.227809422813
0.227534819209
0.226933717553
0.227408140954
0.227669558361
0.229255661007
0.229933103385
0.229728356052
0.229443038733
0.229148839942
0.229594805669
0.228275107191
0.227687788682
0.226879625672
0.226163679746
0.225614823083
0.224849482592
0.225072928493
0.225523977996
0.22550572175
0.225737346096
0.226108290972
0.227389450464
0.228155826584
0.227430333691
0.225869388538
0.224049468382
0.222611093364
0.220977702999
0.218986649296
0.216649500011
0.215786804658
0.213623802402
0.211945828319
0.209233121326
0.207963466894
0.205965321093
0.204514808019
0.202067687485
0.199955887913
0.197610073092
0.195334250439
0.194446100088
0.192877571918
0.192495256624
0.190946416979
0.189741189467
0.187681862929
0.185610392344
END
