380.3
381.1
381.9
382.7
383.5
384.4
385.2
386.0
386.8
387.6
388.4
389.2
390.1
390.9
391.7
392.5
393.3
394.1
394.9
395.8
396.6
397.4
398.2
399.0
399.8
400.6
401.5
402.3
403.1
403.9
404.7
405.5
406.3
407.2
408.0
408.8
409.6
410.4
411.2
412.0
412.8
413.7
414.5
415.3
416.1
416.9
417.7
418.5
419.4
420.2
421.0
421.8
422.6
423.4
424.2
425.1
425.9
426.7
427.5
428.3
429.1
429.9
430.8
431.6
432.4
433.2
434.0
434.8
435.6
436.4
437.3
438.1
438.9
439.7
440.5
441.3
442.1
443.0
443.8
444.6
445.4
446.2
447.0
447.8
448.7
449.5
450.3
451.1
451.9
452.7
453.5
454.4
455.2
456.0
456.8
457.6
458.4
459.2
460.0
460.9
461.7
462.5
463.3
464.1
464.9
465.7
466.6
467.4
468.2
469.0
469.8
470.6
471.4
472.3
473.1
473.9
474.7
475.5
476.3
477.1
478.0
478.8
479.6
480.4
481.2
482.0
482.8
483.6
484.5
485.3
486.1
486.9
487.7
488.5
489.3
490.2
491.0
491.8
492.6
493.4
494.2
495.0
495.9
496.7
497.5
498.3
499.1
499.9
500.7
501.6
502.4
503.2
504.0
504.8
505.6
506.4
507.2
508.1
508.9
509.7
510.5
511.3
512.1
512.9
513.7
514.5
515.3
516.1
516.8
517.6
518.4
519.2
520.0
520.8
521.5
522.3
523.1
523.9
524.7
525.5
526.2
527.0
527.8
528.6
529.4
530.2
530.9
531.7
532.5
533.3
534.1
534.9
535.6
536.4
537.2
538.0
538.8
539.6
540.3
541.1
541.9
542.7
543.5
544.3
545.0
545.8
546.6
547.4
548.2
549.0
549.7
550.5
551.3
552.1
552.9
553.7
554.4
555.2
556.0
556.8
557.6
558.4
559.1
559.9
560.7
561.5
562.3
563.1
563.8
564.6
565.4
566.2
567.0
567.8
568.5
569.3
570.1
570.9
571.7
572.5
573.2
574.0
574.8
575.6
576.4
577.2
577.9
578.7
579.5
580.3
581.1
581.9
582.6
583.4
584.2
585.0
585.8
586.6
587.3
588.1
588.9
589.6
590.3
591.1
591.8
592.6
593.3
594.0
594.8
595.5
596.3
597.0
597.7
598.5
599.2
600.0
600.7
601.5
602.2
602.9
603.7
604.4
605.2
605.9
606.6
607.4
608.1
608.9
609.6
610.3
611.1
611.8
612.6
613.3
614.0
614.8
615.5
616.3
617.0
617.7
618.5
619.2
620.0
620.7
621.4
622.2
622.9
623.7
624.4
625.2
625.9
626.6
627.4
628.1
628.9
629.6
630.3
631.1
631.8
632.6
633.3
634.0
634.8
635.5
636.3
637.0
637.7
638.5
639.2
640.0
640.7
641.4
642.2
642.9
643.7
644.4
645.1
645.9
646.6
647.4
648.1
648.8
649.6
650.3
651.1
651.8
652.6
653.3
654.0
654.8
655.5
656.3
657.0
657.7
658.5
659.2
660.0
660.7
661.4
662.2
662.9
663.7
664.4
665.1
665.9
666.6
667.4
668.1
668.9
669.6
670.4
671.2
671.9
672.7
673.4
674.2
674.9
675.7
676.5
677.2
678.0
678.7
679.5
680.2
681.0
681.8
682.5
683.3
684.0
684.8
685.5
686.3
687.1
687.8
688.6
689.3
690.1
690.8
691.6
692.4
693.1
693.9
694.6
695.4
696.1
696.9
697.7
698.4
699.2
699.9
700.7
701.4
702.2
703.0
703.7
704.5
705.2
706.0
706.8
707.6
708.4
709.2
710.0
710.8
711.6
712.4
713.2
714.0
714.8
715.6
716.4
717.2
718.0
718.8
719.6
720.4
721.2
722.0
722.8
723.6
724.4
725.2
726.0
726.8
727.6
728.4
729.2
730.0
730.8
731.6
732.4
733.2
734.0
734.8
735.6
736.4
737.2
738.0
738.8
739.6
740.4
741.2
742.0
742.8
743.6
744.4
745.2
746.0
746.8
747.6
748.4
749.2
750.0
750.8
751.6
752.4
753.2
754.0
754.8
755.6
756.4
757.2
758.0
758.8
759.6
760.4
761.2
762.0
762.8
763.6
764.4
765.2
766.0
766.8
767.6
768.4
769.2
770.0
770.8
771.6
772.4
773.2
774.1
774.9
775.7
776.5
777.3
778.1
778.9
779.7
780.5
781.3
782.1
782.9
783.7
784.5
785.3
786.1
786.9
787.7
788.5
789.3
790.1
790.9
791.7
792.5
793.3
794.1
794.9
795.7
796.5
797.3
798.1
798.9
799.7
800.5
801.3
802.1
802.9
803.7
804.5
805.3
806.1
806.9
807.7
808.5
809.3
810.1
810.9
811.7
812.5
813.3
814.1
814.9
815.7
816.5
817.3
818.1
818.9
819.7
820.5
821.3
822.1
822.9
823.7
824.5
825.3
826.1
826.9
827.7
828.5
829.3
830.1
830.9
831.7
832.6
833.4
834.3
835.1
835.9
836.8
837.6
838.5
839.3
840.2
841.0
841.9
842.7
843.5
844.4
845.2
846.1
846.9
847.8
848.6
849.4
850.3
851.1
852.0
852.8
853.7
854.5
855.3
856.2
857.0
857.9
858.7
859.6
860.4
861.3
862.1
862.9
863.8
864.6
865.5
866.3
867.2
868.0
868.8
869.7
870.5
871.4
872.2
873.1
873.9
874.8
875.6
876.4
877.3
878.1
879.0
879.8
880.7
881.5
882.3
883.2
884.0
884.9
885.7
886.6
887.4
888.2
889.1
889.9
890.8
891.6
892.5
893.3
894.2
895.0
895.8
896.7
897.5
898.4
899.2
NEXT_SERIES
0.36895348143
0.370393859101
0.372119093074
0.376385917849
0.380648403772
0.3860929806
0.394739386358
0.406908414155
0.419575708066
0.432872277455
0.446884113192
0.463385072499
0.48156686008
0.499193467927
0.517815026151
0.535040469223
0.552760394074
0.567957435458
0.580527488965
0.588458730058
0.593533886409
0.594138333113
0.593987546407
0.591024770619
0.586291577477
0.578266778949
0.570999329807
0.563889248372
0.556810724465
0.54828395144
0.54119441228
0.53625943882
0.532525070091
0.529787083593
0.527266246299
0.526194777285
0.524862568698
0.524667651691
0.524068651694
0.524598623353
0.524469193724
0.526693855988
0.52879036388
0.531236819085
0.533060915362
0.534518694194
0.536954243432
0.538314679025
0.540493957527
0.541126864736
0.541594232955
0.541665463239
0.54161529454
0.542066656099
0.542450164438
0.542464353007
0.543329414835
0.542926073523
0.543794698122
0.542226442499
0.542500494335
0.542519071439
0.542170853304
0.541331963719
0.539867770107
0.539698331401
0.537606602853
0.535920643117
0.53380092118
0.533295997386
0.530700578314
0.528975778547
0.525964488827
0.523908834199
0.519905431565
0.516778851129
0.514534218951
0.5130142916
0.512016019555
0.509682233609
0.507362911788
0.504063590919
0.501465271946
0.499806259835
0.497753184672
0.494624088824
0.491370455941
0.488213766328
0.486009367524
0.484220628878
0.482884441127
0.4812548748
0.479608574488
0.476408652918
0.473771832785
0.470704334385
0.468576461552
0.465293627783
0.461838403234
0.458796503962
0.45765790407
0.45606158982
0.455026580391
0.453965125908
0.452913854647
0.45184715277
0.449895778091
0.449077722911
0.447381136715
0.446907838262
0.446282912335
0.446449102409
0.446924801063
0.44658457105
0.446304732916
0.444579869794
0.443433097696
0.443033728603
0.444613991227
0.445258997809
0.445775728775
0.44569322096
0.44716558938
0.447281834204
0.446945997252
0.446695903187
0.447306937956
0.448745894914
0.449955776398
0.451313386255
0.452302000243
0.452167077499
0.452343635978
0.452426301527
0.453769112281
0.454251032797
0.455335832018
0.455556269863
0.456459403723
0.457354261368
0.458418022046
0.460248047296
0.460775773785
0.460938582484
0.460423508735
0.461333624929
0.462590463215
0.464722596202
0.465338223401
0.46692241408
0.466372782192
0.465782726673
0.464566749917
0.462577866912
0.4607950539
0.458970921253
0.458967942031
0.458496768973
0.456917840333
0.455764780825
0.453985724095
0.45283477644
0.450295275262
0.4497441462
0.448273374444
0.446992064816
0.445050471935
0.442952061448
0.44017008032
0.437258058041
0.43520572526
0.433734121633
0.431772269826
0.429678719633
0.428106485028
0.426544202801
0.425010721336
0.42395134624
0.423125430051
0.422515502411
0.421802618744
0.420364076452
0.418122820998
0.415743406072
0.413950279265
0.413551605397
0.410786946041
0.407621705028
0.404093489364
0.40224754402
0.400444861386
0.398145390318
0.396459646508
0.3947374087
0.394099112887
0.39239466336
0.392637639412
0.391833707931
0.390187699005
0.387568338424
0.385151257562
0.384295614011
0.382339977537
0.379694663321
0.376939624334
0.374441967553
0.371935836618
0.369134054286
0.366018408927
0.363429770869
0.360427355667
0.358168443352
0.355510694661
0.35374299521
0.351346659457
0.349402474458
0.347116279961
0.345048314556
0.342866054046
0.341152894778
0.338466993771
0.335221232652
0.332331093419
0.329274337577
0.325246763725
0.321122339948
0.318392176327
0.316420252333
0.313413740591
0.310278074578
0.307519274123
0.305108663008
0.30240222269
0.299857170675
0.297030506467
0.294605854312
0.29242391841
0.290291176342
0.287761013484
0.284891592119
0.282304954022
0.278965811165
0.276084145017
0.272413521936
0.270505317754
0.267225910554
0.264478739881
0.260496572159
0.25837561944
0.256024711163
0.254057184276
0.251535710441
0.249234436651
0.247165836598
0.244834710443
0.242742930544
0.241142456283
0.238195709061
0.235828222785
0.233175825281
0.231554414596
0.22913185451
0.226036956337
0.224174328683
0.221822685895
0.22002259972
0.217244367012
0.214800609293
0.2117429355
0.20932791427
0.207591429417
0.206173743531
0.204356907388
0.203061195233
0.201910235431
0.200957275872
0.199676403605
0.199041991657
0.198263330068
0.197658294251
0.197101361217
0.196417744666
0.195116962913
0.192632740799
0.190904006632
0.189584575778
0.188634764111
0.187000525118
0.184935803925
0.183810011374
0.181851284681
0.180768626876
0.178424239592
0.178093384336
0.177171201373
0.1776935659
0.176959650978
0.177163935611
0.176274522558
0.176894985219
0.176669211123
0.177403499453
0.176972642834
0.177099693822
0.176686298699
0.177205415303
0.176332863701
0.175182634483
0.173455910048
0.172277724921
0.171953071613
0.170649529402
0.169702502938
0.167721150008
0.166664713342
0.165612846426
0.165509236953
0.165055941221
0.164234251649
0.16306758141
0.162245915127
0.162224880932
0.162576671198
0.162300224275
0.161478177184
0.159936083989
0.159467221855
0.15863796929
0.159215687755
0.157749022173
0.157773466572
0.156114498543
0.155912071263
0.154292605559
0.154011946235
0.152818703636
0.153354684501
0.152111576707
0.152218286731
0.150265991777
0.150466049867
0.150088811071
0.151181389842
0.150533597248
0.150722625343
0.150222269602
0.151214580468
0.151365947507
0.151348264932
0.151352095989
0.150804255852
0.151872642111
0.152406779783
0.154341471385
0.154730460096
0.155094394527
0.154690481214
0.155818801389
0.156689829154
0.159243061599
0.160478143529
0.162303435191
0.162852928082
0.164442904343
0.166383234504
0.169631483313
0.172733171676
0.175085637478
0.176925174635
0.178757069323
0.18163310622
0.18425023629
0.18714851743
0.189595106832
0.191753330294
0.193129842236
0.194339797177
0.195459604576
0.197301340669
0.19928364534
0.20074826271
0.200185811674
0.198055326811
0.196766987152
0.196927082827
0.197845386942
0.197627768429
0.195239839077
0.19265982411
0.18990874495
0.187242663452
0.185708997252
0.183919690854
0.182883768883
0.178463355913
0.174180120562
0.169445542603
0.166571902119
0.165003101879
0.163571313829
0.162669499454
0.160062034284
0.157042573491
0.152835355945
0.14986272042
0.148476756993
0.148577511983
0.148749721007
0.14702290142
0.144308549178
0.140601144452
0.138316074833
0.137215399301
0.137460369125
0.13821131227
0.137701844005
0.136264666823
0.13336251656
0.131893180961
0.130408301944
0.130597369952
0.131540075363
0.132271240326
0.1328925389
0.131788613715
0.13067063689
0.129833570051
0.129410365873
0.130913294398
0.132206322019
0.133507306535
0.133183385277
0.132398120254
0.131207431952
0.130101931657
0.129901156615
0.130271130523
0.132236529727
0.132478340694
0.132773242976
0.131443487847
0.130965136178
0.130025057755
0.129550602028
0.129785599921
0.131086576984
0.131387225282
0.13145771128
0.12943758492
0.128214263352
0.126707867686
0.126812002815
0.127059731436
0.12777724456
0.12809208723
0.128830745542
0.128313144857
0.1283877472
0.127459680002
0.126524323739
0.126069667696
0.126415152174
0.128410116585
0.12912464931
0.129369293347
0.12823333237
0.128018231721
0.127728242341
0.128438587705
0.129019732038
0.13027265806
0.131347873115
0.132371369077
0.132416134282
0.132050050618
0.130262035459
0.12935868374
0.129138953096
0.129349188589
0.129954583762
0.130681467301
0.131705238963
0.132333365358
0.131434493834
0.130494393164
0.128916159936
0.128329508348
0.128179257641
0.128521641027
0.129167493942
0.130225319822
0.130942581185
0.1310396867
0.130499522595
0.130032896009
0.129516492322
0.12966429967
0.12930229986
0.130242801175
0.130810038029
0.132256591326
0.132367914567
0.132346065357
0.132490756635
0.132397673874
0.132585124695
0.131691527706
0.132408004415
0.132893729875
0.134695044665
0.135655131762
0.136501969917
0.136464756293
0.136081631302
0.135737393452
0.135468610615
0.135724157569
0.135928382593
0.137014262074
0.137398776909
0.138830544969
0.139491212874
0.140401342514
0.138929030286
0.137906035849
0.136096549305
0.136072539741
0.134836673195
0.135161139595
0.135983824745
0.137473794567
0.138422510894
0.137534912315
0.137414514575
0.137449778719
0.137667879614
0.138207728907
0.138223389906
0.140888170049
0.142468978805
0.14463945667
0.146085195021
0.148084760312
0.150005897514
0.150155788467
0.148864338392
0.148030925999
0.147591305183
0.147894381887
0.14744299452
0.147877038045
0.149423368954
0.151232065726
0.151982636003
0.151764607181
0.150822185753
0.149985511464
0.148266710752
0.146324441063
0.145130567005
0.144409771532
0.144884725072
0.14550531627
0.146923562876
0.148715830746
0.149423758318
0.150274525546
0.149767502632
0.148845174225
0.147945748837
0.146485592656
0.146450346373
0.14684048774
0.1480076252
0.149050305843
0.148641592551
0.149641022352
0.151095362986
0.152276141272
0.152367007045
0.151185353128
0.15077170911
0.150472909065
0.151132965545
0.1527889164
0.154210093575
0.155700719864
0.156955429409
0.158592976723
0.159586417772
0.159863103595
0.158907818861
0.158301864937
0.156634207312
0.155993961388
0.155317205246
0.15628001137
0.156367019528
0.156320594921
0.156354146301
0.157263034025
0.158219176903
0.1575759179
0.155924960515
0.154140305211
0.153332037617
0.152491206075
0.152261818631
0.151263350657
0.151818888002
0.152230034966
0.153663554652
0.153972658382
0.15395462864
0.154217302189
0.154482335369
0.154487272928
0.153522955203
0.152851404367
0.151919315847
0.150800933378
0.151113227116
0.15105459983
0.151390494466
0.150288828885
0.149980555697
0.149889265948
0.150062882103
0.149918189586
0.150210507211
0.150209854163
0.150263147832
0.148757353589
0.147922111616
0.146746973556
0.146418593188
0.145589814883
0.144603261776
0.142442674811
0.140019078031
0.138558870821
0.137722213861
0.136784865488
0.134802792775
0.13374177949
0.132453242099
0.131053782605
0.129169759469
0.128497800465
0.126708249998
0.126419107993
0.124857843614
0.125044338686
0.12338973529
0.121350646293
END
