380.3
381.1
381.9
382.7
383.5
384.4
385.2
386.0
386.8
387.6
388.4
389.2
390.1
390.9
391.7
392.5
393.3
394.1
394.9
395.8
396.6
397.4
398.2
399.0
399.8
400.6
401.5
402.3
403.1
403.9
404.7
405.5
406.3
407.2
408.0
408.8
409.6
410.4
411.2
412.0
412.8
413.7
414.5
415.3
416.1
416.9
417.7
418.5
419.4
420.2
421.0
421.8
422.6
423.4
424.2
425.1
425.9
426.7
427.5
428.3
429.1
429.9
430.8
431.6
432.4
433.2
434.0
434.8
435.6
436.4
437.3
438.1
438.9
439.7
440.5
441.3
442.1
443.0
443.8
444.6
445.4
446.2
447.0
447.8
448.7
449.5
450.3
451.1
451.9
452.7
453.5
454.4
455.2
456.0
456.8
457.6
458.4
459.2
460.0
460.9
461.7
462.5
463.3
464.1
464.9
465.7
466.6
467.4
468.2
469.0
469.8
470.6
471.4
472.3
473.1
473.9
474.7
475.5
476.3
477.1
478.0
478.8
479.6
480.4
481.2
482.0
482.8
483.6
484.5
485.3
486.1
486.9
487.7
488.5
489.3
490.2
491.0
491.8
492.6
493.4
494.2
495.0
495.9
496.7
497.5
498.3
499.1
499.9
500.7
501.6
502.4
503.2
504.0
504.8
505.6
506.4
507.2
508.1
508.9
509.7
510.5
511.3
512.1
512.9
513.7
514.5
515.3
516.1
516.8
517.6
518.4
519.2
520.0
520.8
521.5
522.3
523.1
523.9
524.7
525.5
526.2
527.0
527.8
528.6
529.4
530.2
530.9
531.7
532.5
533.3
534.1
534.9
535.6
536.4
537.2
538.0
538.8
539.6
540.3
541.1
541.9
542.7
543.5
544.3
545.0
545.8
546.6
547.4
548.2
549.0
549.7
550.5
551.3
552.1
552.9
553.7
554.4
555.2
556.0
556.8
557.6
558.4
559.1
559.9
560.7
561.5
562.3
563.1
563.8
564.6
565.4
566.2
567.0
567.8
568.5
569.3
570.1
570.9
571.7
572.5
573.2
574.0
574.8
575.6
576.4
577.2
577.9
578.7
579.5
580.3
581.1
581.9
582.6
583.4
584.2
585.0
585.8
586.6
587.3
588.1
588.9
589.6
590.3
591.1
591.8
592.6
593.3
594.0
594.8
595.5
596.3
597.0
597.7
598.5
599.2
600.0
600.7
601.5
602.2
602.9
603.7
604.4
605.2
605.9
606.6
607.4
608.1
608.9
609.6
610.3
611.1
611.8
612.6
613.3
614.0
614.8
615.5
616.3
617.0
617.7
618.5
619.2
620.0
620.7
621.4
622.2
622.9
623.7
624.4
625.2
625.9
626.6
627.4
628.1
628.9
629.6
630.3
631.1
631.8
632.6
633.3
634.0
634.8
635.5
636.3
637.0
637.7
638.5
639.2
640.0
640.7
641.4
642.2
642.9
643.7
644.4
645.1
645.9
646.6
647.4
648.1
648.8
649.6
650.3
651.1
651.8
652.6
653.3
654.0
654.8
655.5
656.3
657.0
657.7
658.5
659.2
660.0
660.7
661.4
662.2
662.9
663.7
664.4
665.1
665.9
666.6
667.4
668.1
668.9
669.6
670.4
671.2
671.9
672.7
673.4
674.2
674.9
675.7
676.5
677.2
678.0
678.7
679.5
680.2
681.0
681.8
682.5
683.3
684.0
684.8
685.5
686.3
687.1
687.8
688.6
689.3
690.1
690.8
691.6
692.4
693.1
693.9
694.6
695.4
696.1
696.9
697.7
698.4
699.2
699.9
700.7
701.4
702.2
703.0
703.7
704.5
705.2
706.0
706.8
707.6
708.4
709.2
710.0
710.8
711.6
712.4
713.2
714.0
714.8
715.6
716.4
717.2
718.0
718.8
719.6
720.4
721.2
722.0
722.8
723.6
724.4
725.2
726.0
726.8
727.6
728.4
729.2
730.0
730.8
731.6
732.4
733.2
734.0
734.8
735.6
736.4
737.2
738.0
738.8
739.6
740.4
741.2
742.0
742.8
743.6
744.4
745.2
746.0
746.8
747.6
748.4
749.2
750.0
750.8
751.6
752.4
753.2
754.0
754.8
755.6
756.4
757.2
758.0
758.8
759.6
760.4
761.2
762.0
762.8
763.6
764.4
765.2
766.0
766.8
767.6
768.4
769.2
770.0
770.8
771.6
772.4
773.2
774.1
774.9
775.7
776.5
777.3
778.1
778.9
779.7
780.5
781.3
782.1
782.9
783.7
784.5
785.3
786.1
786.9
787.7
788.5
789.3
790.1
790.9
791.7
792.5
793.3
794.1
794.9
795.7
796.5
797.3
798.1
798.9
799.7
800.5
801.3
802.1
802.9
803.7
804.5
805.3
806.1
806.9
807.7
808.5
809.3
810.1
810.9
811.7
812.5
813.3
814.1
814.9
815.7
816.5
817.3
818.1
818.9
819.7
820.5
821.3
822.1
822.9
823.7
824.5
825.3
826.1
826.9
827.7
828.5
829.3
830.1
830.9
831.7
832.6
833.4
834.3
835.1
835.9
836.8
837.6
838.5
839.3
840.2
841.0
841.9
842.7
843.5
844.4
845.2
846.1
846.9
847.8
848.6
849.4
850.3
851.1
852.0
852.8
853.7
854.5
855.3
856.2
857.0
857.9
858.7
859.6
860.4
861.3
862.1
862.9
863.8
864.6
865.5
866.3
867.2
868.0
868.8
869.7
870.5
871.4
872.2
873.1
873.9
874.8
875.6
876.4
877.3
878.1
879.0
879.8
880.7
881.5
882.3
883.2
884.0
884.9
885.7
886.6
887.4
888.2
889.1
889.9
890.8
891.6
892.5
893.3
894.2
895.0
895.8
896.7
897.5
898.4
899.2
NEXT_SERIES
0.471430869244
0.471493651947
0.470988452843
0.470103401848
0.46993586583
0.474320301099
0.483072580942
0.49573651613
0.511996355169
0.527524059417
0.541835183895
0.554160508149
0.56859586562
0.585487702072
0.601847616722
0.617781106178
0.632522951579
0.646144926338
0.655708964944
0.660406527816
0.66482505666
0.664124904817
0.664826914437
0.658956407601
0.65366189992
0.64541264875
0.638866910076
0.63290796373
0.626910734555
0.620689849344
0.614212794275
0.608851949734
0.604048426448
0.600276274
0.596399854407
0.593549472842
0.591900907798
0.589891395306
0.589480478826
0.588378739125
0.58809835548
0.587911944114
0.58817242101
0.588723521609
0.589077566697
0.589556781891
0.591092447841
0.59054613537
0.591200790298
0.590118278687
0.589616072064
0.588672848905
0.587174255074
0.586194794903
0.585215210565
0.585016961442
0.585418559041
0.584092689952
0.584580571881
0.582336131585
0.581400770779
0.579730834898
0.579754800442
0.578461929534
0.577851331239
0.576863406442
0.575997929157
0.574233710771
0.573480702646
0.573676607483
0.573019902485
0.571159232006
0.569131958149
0.566906642493
0.565684063729
0.564110504437
0.56431983808
0.56366185984
0.564162428339
0.562138537409
0.56135143737
0.560149888764
0.559639199028
0.559683847832
0.559747831426
0.559641780906
0.559106145798
0.558069224045
0.557199960888
0.556865405196
0.557243578586
0.560234780783
0.561002184076
0.561477447213
0.559767181508
0.560700826058
0.560456799173
0.561101500417
0.561004400702
0.562705815264
0.564370865199
0.565049034414
0.566001917907
0.567652416541
0.570001092278
0.571871539849
0.573005462605
0.573388185801
0.57489009427
0.577275233724
0.579872329901
0.581479509042
0.583932198349
0.586800864036
0.590268586373
0.593922996575
0.597080812403
0.59881072642
0.600505196672
0.604021336126
0.607142139995
0.610258161567
0.613745980299
0.61918592082
0.622179834239
0.62691590261
0.630245738747
0.635269583011
0.638526602035
0.643317635626
0.647075799436
0.649813026049
0.653478482393
0.657406773946
0.66189268219
0.665730396145
0.670196996857
0.674933736275
0.679590318472
0.68463407293
0.689479568979
0.693839222113
0.69741525799
0.700851195316
0.705347940107
0.708812675999
0.712011892327
0.715428815527
0.718034996756
0.723466906923
0.726230122965
0.730826056106
0.730948513511
0.731845534159
0.730341117229
0.733361292411
0.735778639528
0.739243627052
0.73937513532
0.741308873468
0.743040143717
0.743126272024
0.742825358127
0.743191397233
0.745493360748
0.746697561103
0.747342577015
0.746594343663
0.745008653386
0.74402056892
0.744329591921
0.745074938897
0.745349431548
0.744100406358
0.743245246132
0.741683376776
0.740369735218
0.739389921442
0.739525953072
0.740056220525
0.740254913864
0.739355151323
0.738607044009
0.73637420979
0.735302506162
0.732986987218
0.729287618174
0.72469108805
0.72129207964
0.719226020889
0.71763706638
0.714266972898
0.712468587461
0.708875720614
0.706708017523
0.701353607229
0.698204168402
0.693725107396
0.690175399227
0.685999242243
0.682639542241
0.679337711393
0.674977629893
0.669174310838
0.664682975681
0.658888464904
0.654506995783
0.64769190678
0.642463959276
0.63627050075
0.631505464831
0.625661490813
0.620138240854
0.614782559712
0.609358259095
0.604306992005
0.597927962467
0.591210380175
0.584252158145
0.57827199518
0.571445895447
0.565033154113
0.557892162074
0.551050126526
0.543288811437
0.536007721301
0.529325777769
0.522096063441
0.514375051166
0.506422221011
0.49818416867
0.491146789098
0.484312270543
0.477469197911
0.470282538789
0.463725742653
0.456972630028
0.449382580877
0.44175574266
0.43508555402
0.428423860771
0.42089763201
0.413383659604
0.405868690964
0.399343877182
0.391779563688
0.384115902949
0.376674992476
0.369794196962
0.362921505031
0.3569246444
0.350551977351
0.345513055451
0.338532891568
0.333782379852
0.327513383355
0.322267364813
0.31515754292
0.309211451133
0.303384442818
0.298115856844
0.293041978892
0.2869531214
0.281133578963
0.275344705323
0.270360078339
0.265678613313
0.260005587422
0.255161778269
0.250135513036
0.246371598318
0.242252189665
0.238550330737
0.234750165832
0.231711007141
0.229475403953
0.227046564281
0.224138398475
0.220420832783
0.217781850612
0.215337310264
0.212987306729
0.209452835975
0.20593324724
0.203071265511
0.200711153437
0.197402329456
0.194248613493
0.191420076281
0.190165202578
0.187947157491
0.185712748292
0.182636094669
0.180968778276
0.179510293725
0.178916106205
0.177026482786
0.176265892287
0.175257397294
0.175513703606
0.17425974813
0.173530681183
0.172070539803
0.171612309381
0.170486532295
0.170248744458
0.168873509682
0.167740834245
0.165910611899
0.164643897325
0.163869491969
0.162659091544
0.161194348122
0.159355548351
0.157644321173
0.155973724882
0.154743005723
0.15425207156
0.153805709453
0.153017019678
0.15213346539
0.151402334462
0.151259110824
0.150390293655
0.14983298536
0.148682315306
0.148274593288
0.146870684044
0.146514952782
0.14500617877
0.144757530041
0.142716149589
0.142243689921
0.141275757899
0.141120079573
0.139666996675
0.13973482918
0.138194911322
0.138067885332
0.136182034263
0.13696617434
0.136576396218
0.137720365112
0.136311660326
0.136723335145
0.135645808787
0.137023554466
0.136867780904
0.136966982374
0.136198139652
0.135351910066
0.135969501254
0.136917208004
0.138565242554
0.138994277366
0.13900421035
0.138448320564
0.139253067714
0.13956567153
0.141724967417
0.142638358229
0.143814294095
0.143944072806
0.144956211234
0.146727630629
0.149669673789
0.152377384575
0.154324593464
0.155426736238
0.156559789125
0.158994474747
0.161304079953
0.163776236198
0.166005946618
0.167763883618
0.168662527159
0.169165129773
0.170056754324
0.171051145747
0.173047055767
0.173871365958
0.17390202709
0.171606046069
0.170281305285
0.170287430674
0.171095978974
0.171491302539
0.169865884965
0.167265515013
0.164188985551
0.161365827711
0.160656729088
0.159093302339
0.158274225741
0.154873810346
0.151898718356
0.148111275337
0.144985758642
0.143783062219
0.142366270199
0.142101750083
0.139667070854
0.136960954858
0.133010212933
0.130412071673
0.129447267077
0.129709174481
0.129686704918
0.128268776011
0.125974823894
0.122463267018
0.120295857644
0.118954786378
0.119413452905
0.120056606612
0.119920196999
0.118841064789
0.116445708335
0.114971527334
0.113842523488
0.113885988685
0.115010061001
0.115978005028
0.117308213724
0.116031923827
0.11462687643
0.112856861967
0.112394875748
0.113723221075
0.114694614353
0.116422781416
0.11667867338
0.116842894416
0.115520314442
0.114207241913
0.113629784467
0.113690636689
0.115112575577
0.115742897515
0.115976936104
0.114502987752
0.113697448389
0.112874249583
0.112827464894
0.113225484493
0.114617262388
0.11489949339
0.115206874731
0.113611767106
0.11256953557
0.111203916298
0.110826890568
0.111229043111
0.11169419105
0.112563713367
0.113219172101
0.112765632284
0.111651343682
0.110673387867
0.110166958269
0.11059395538
0.110805983436
0.112096974873
0.113059806375
0.113886624231
0.113007211128
0.112371159457
0.111595006925
0.112070743296
0.112568698917
0.113535750125
0.114947249949
0.116249910172
0.116199782054
0.115646112947
0.113557966768
0.112922104754
0.112362959473
0.113559216395
0.114515420597
0.115656069732
0.116045584361
0.116205134391
0.115279501971
0.11420017425
0.112820809011
0.11239939541
0.112467675876
0.113304579791
0.113712550959
0.114550740716
0.114775093385
0.114571103819
0.114124178107
0.113742082425
0.113500963526
0.113585000774
0.113469910773
0.114682999422
0.115647135969
0.116906013937
0.116811144415
0.116751406989
0.116702426574
0.116231151344
0.115741928972
0.115198073455
0.115688124377
0.116457719112
0.117645136296
0.119417037487
0.119925175769
0.119940861035
0.119021556798
0.118841831507
0.118676271658
0.119004030307
0.120190476721
0.121105322948
0.121262175554
0.121893882186
0.122728936126
0.123892382646
0.122205332523
0.120534745712
0.118062043289
0.1182397972
0.117991678295
0.119048078458
0.119191810986
0.120152413433
0.121346572718
0.121244578036
0.121604453729
0.12071268108
0.120639489883
0.120323795487
0.120996629225
0.12271948909
0.125223334131
0.12685886226
0.128635086592
0.129902542348
0.131417850847
0.131902067789
0.130942498031
0.130735169246
0.129900787916
0.130373409521
0.129597548663
0.130559983468
0.13142544537
0.132805106795
0.133067344311
0.132724376092
0.131940555756
0.131091496846
0.129859814961
0.128435649592
0.127147245903
0.126380329227
0.126407994523
0.127135929272
0.128639460854
0.130577936631
0.132085609191
0.132172329524
0.131231641182
0.129848094676
0.129274484742
0.128554953463
0.12856375727
0.128619401901
0.12972755223
0.130529707891
0.131011336718
0.131939625619
0.13320302144
0.13389491392
0.13387281474
0.13295982498
0.132575582557
0.132861148072
0.133790064185
0.134922574957
0.135852204253
0.137576105108
0.139095411632
0.140592497983
0.140911923536
0.141032889845
0.140324317966
0.140496926653
0.138882308315
0.138479325977
0.137155570633
0.138003043072
0.138011510328
0.138187658851
0.139056180512
0.13936005462
0.140031084909
0.139486574776
0.138918170075
0.137575581809
0.136674329631
0.135763082956
0.135590858398
0.135316389561
0.135882004849
0.135888920465
0.136440950878
0.137096124679
0.137861491125
0.138242654653
0.138552170396
0.138190368923
0.13708908245
0.13608794188
0.136085926439
0.136156966088
0.136139004377
0.134789092808
0.1351226041
0.134924531955
0.135954215172
0.13566311259
0.135981712816
0.13578775709
0.136402865055
0.136229301065
0.136324169778
0.135223195504
0.134830267011
0.133139763695
0.132492523409
0.130324600879
0.129634770895
0.128068982391
0.126945033001
0.125663954659
0.124230696961
0.123386346104
0.122180405
0.12134848483
0.120149135376
0.11803858948
0.117194635858
0.116287881315
0.116514851838
0.115106678014
0.1138841249
0.113521308573
0.112828335228
0.111513394798
END
