380.3
381.1
381.9
382.7
383.5
384.4
385.2
386.0
386.8
387.6
388.4
389.2
390.1
390.9
391.7
392.5
393.3
394.1
394.9
395.8
396.6
397.4
398.2
399.0
399.8
400.6
401.5
402.3
403.1
403.9
404.7
405.5
406.3
407.2
408.0
408.8
409.6
410.4
411.2
412.0
412.8
413.7
414.5
415.3
416.1
416.9
417.7
418.5
419.4
420.2
421.0
421.8
422.6
423.4
424.2
425.1
425.9
426.7
427.5
428.3
429.1
429.9
430.8
431.6
432.4
433.2
434.0
434.8
435.6
436.4
437.3
438.1
438.9
439.7
440.5
441.3
442.1
443.0
443.8
444.6
445.4
446.2
447.0
447.8
448.7
449.5
450.3
451.1
451.9
452.7
453.5
454.4
455.2
456.0
456.8
457.6
458.4
459.2
460.0
460.9
461.7
462.5
463.3
464.1
464.9
465.7
466.6
467.4
468.2
469.0
469.8
470.6
471.4
472.3
473.1
473.9
474.7
475.5
476.3
477.1
478.0
478.8
479.6
480.4
481.2
482.0
482.8
483.6
484.5
485.3
486.1
486.9
487.7
488.5
489.3
490.2
491.0
491.8
492.6
493.4
494.2
495.0
495.9
496.7
497.5
498.3
499.1
499.9
500.7
501.6
502.4
503.2
504.0
504.8
505.6
506.4
507.2
508.1
508.9
509.7
510.5
511.3
512.1
512.9
513.7
514.5
515.3
516.1
516.8
517.6
518.4
519.2
520.0
520.8
521.5
522.3
523.1
523.9
524.7
525.5
526.2
527.0
527.8
528.6
529.4
530.2
530.9
531.7
532.5
533.3
534.1
534.9
535.6
536.4
537.2
538.0
538.8
539.6
540.3
541.1
541.9
542.7
543.5
544.3
545.0
545.8
546.6
547.4
548.2
549.0
549.7
550.5
551.3
552.1
552.9
553.7
554.4
555.2
556.0
556.8
557.6
558.4
559.1
559.9
560.7
561.5
562.3
563.1
563.8
564.6
565.4
566.2
567.0
567.8
568.5
569.3
570.1
570.9
571.7
572.5
573.2
574.0
574.8
575.6
576.4
577.2
577.9
578.7
579.5
580.3
581.1
581.9
582.6
583.4
584.2
585.0
585.8
586.6
587.3
588.1
588.9
589.6
590.3
591.1
591.8
592.6
593.3
594.0
594.8
595.5
596.3
597.0
597.7
598.5
599.2
600.0
600.7
601.5
602.2
602.9
603.7
604.4
605.2
605.9
606.6
607.4
608.1
608.9
609.6
610.3
611.1
611.8
612.6
613.3
614.0
614.8
615.5
616.3
617.0
617.7
618.5
619.2
620.0
620.7
621.4
622.2
622.9
623.7
624.4
625.2
625.9
626.6
627.4
628.1
628.9
629.6
630.3
631.1
631.8
632.6
633.3
634.0
634.8
635.5
636.3
637.0
637.7
638.5
639.2
640.0
640.7
641.4
642.2
642.9
643.7
644.4
645.1
645.9
646.6
647.4
648.1
648.8
649.6
650.3
651.1
651.8
652.6
653.3
654.0
654.8
655.5
656.3
657.0
657.7
658.5
659.2
660.0
660.7
661.4
662.2
662.9
663.7
664.4
665.1
665.9
666.6
667.4
668.1
668.9
669.6
670.4
671.2
671.9
672.7
673.4
674.2
674.9
675.7
676.5
677.2
678.0
678.7
679.5
680.2
681.0
681.8
682.5
683.3
684.0
684.8
685.5
686.3
687.1
687.8
688.6
689.3
690.1
690.8
691.6
692.4
693.1
693.9
694.6
695.4
696.1
696.9
697.7
698.4
699.2
699.9
700.7
701.4
702.2
703.0
703.7
704.5
705.2
706.0
706.8
707.6
708.4
709.2
710.0
710.8
711.6
712.4
713.2
714.0
714.8
715.6
716.4
717.2
718.0
718.8
719.6
720.4
721.2
722.0
722.8
723.6
724.4
725.2
726.0
726.8
727.6
728.4
729.2
730.0
730.8
731.6
732.4
733.2
734.0
734.8
735.6
736.4
737.2
738.0
738.8
739.6
740.4
741.2
742.0
742.8
743.6
744.4
745.2
746.0
746.8
747.6
748.4
749.2
750.0
750.8
751.6
752.4
753.2
754.0
754.8
755.6
756.4
757.2
758.0
758.8
759.6
760.4
761.2
762.0
762.8
763.6
764.4
765.2
766.0
766.8
767.6
768.4
769.2
770.0
770.8
771.6
772.4
773.2
774.1
774.9
775.7
776.5
777.3
778.1
778.9
779.7
780.5
781.3
782.1
782.9
783.7
784.5
785.3
786.1
786.9
787.7
788.5
789.3
790.1
790.9
791.7
792.5
793.3
794.1
794.9
795.7
796.5
797.3
798.1
798.9
799.7
800.5
801.3
802.1
802.9
803.7
804.5
805.3
806.1
806.9
807.7
808.5
809.3
810.1
810.9
811.7
812.5
813.3
814.1
814.9
815.7
816.5
817.3
818.1
818.9
819.7
820.5
821.3
822.1
822.9
823.7
824.5
825.3
826.1
826.9
827.7
828.5
829.3
830.1
830.9
831.7
832.6
833.4
834.3
835.1
835.9
836.8
837.6
838.5
839.3
840.2
841.0
841.9
842.7
843.5
844.4
845.2
846.1
846.9
847.8
848.6
849.4
850.3
851.1
852.0
852.8
853.7
854.5
855.3
856.2
857.0
857.9
858.7
859.6
860.4
861.3
862.1
862.9
863.8
864.6
865.5
866.3
867.2
868.0
868.8
869.7
870.5
871.4
872.2
873.1
873.9
874.8
875.6
876.4
877.3
878.1
879.0
879.8
880.7
881.5
882.3
883.2
884.0
884.9
885.7
886.6
887.4
888.2
889.1
889.9
890.8
891.6
892.5
893.3
894.2
895.0
895.8
896.7
897.5
898.4
899.2
NEXT_SERIES
0.571995779669
0.572791387142
0.572363390657
0.575968595622
0.575269028887
0.577984001736
0.589176054688
0.605850063893
0.621994473638
0.635243171418
0.65169331626
0.670772916604
0.695220175441
0.715880476923
0.736658260066
0.754577314781
0.77309984926
0.78969700771
0.800970512717
0.81105780457
0.816606260338
0.819448137328
0.816847799869
0.811583003012
0.804743321874
0.795899913029
0.786927159342
0.778322560636
0.77000366555
0.762208142495
0.754191887128
0.747800431982
0.742730329181
0.73865907343
0.736471088571
0.735786863968
0.734817172457
0.735629588412
0.735101611461
0.735405870272
0.734577262113
0.735136167978
0.737769565462
0.740784217148
0.744463914501
0.747257953053
0.748657015938
0.75044022199
0.752141677353
0.754358058671
0.754577414402
0.75574918503
0.756408840729
0.756733897723
0.755568397462
0.753946695465
0.754495474326
0.754914806062
0.756722859391
0.75666823362
0.756152811842
0.754455624846
0.754338484325
0.753604951667
0.752010703468
0.749889545733
0.748264203084
0.747349937148
0.744855419363
0.743087739659
0.740239631525
0.735640929852
0.732153887666
0.729309510896
0.727197640611
0.723245785765
0.719053378515
0.716344962568
0.714843291813
0.712625723052
0.710344908793
0.705957477387
0.702068042869
0.697695404179
0.693915389262
0.690084137092
0.686578406981
0.684220757536
0.680834045686
0.679586287486
0.676718502575
0.676048073267
0.673411465225
0.670086457006
0.666771662443
0.664466276345
0.661005415453
0.659052264541
0.654896120819
0.65458759003
0.651430717791
0.649869834014
0.647974919305
0.647461136824
0.647433342605
0.646464329995
0.646493174305
0.645473498888
0.645119762989
0.644818495265
0.643292385986
0.642768567889
0.642038219927
0.643457980206
0.645247583524
0.645798031209
0.644933922365
0.644009419553
0.645799702411
0.647169514291
0.648445156505
0.648534903164
0.651755100927
0.653553798695
0.654906167718
0.65589321727
0.656857846682
0.659353961283
0.660408076532
0.662587690348
0.663687098846
0.66549431301
0.666610071763
0.668073496969
0.670063125569
0.672359624453
0.674108996324
0.674978539582
0.677095084063
0.67941501263
0.682819058205
0.685277649831
0.686727103523
0.687108087603
0.687423933593
0.687521055322
0.688861163074
0.690693354059
0.691713914421
0.691918817893
0.691923208376
0.692686280776
0.691226124524
0.687612790851
0.684470803826
0.684330578311
0.685028412824
0.683628177745
0.679071245107
0.676394841733
0.674786278625
0.674742982949
0.672079509314
0.671079351319
0.668606042539
0.666872705755
0.662814401449
0.658514527494
0.653901431078
0.651753752099
0.649357118863
0.64709873406
0.643172327103
0.641447650806
0.640382264785
0.637304083145
0.634066925952
0.631935132655
0.631179458627
0.631130906966
0.629096885835
0.62789398585
0.625051271502
0.621785246633
0.618454040744
0.615010534154
0.611924503157
0.609204444084
0.606372953724
0.603081768515
0.599354906177
0.595224479928
0.593645315426
0.591349767315
0.590160294019
0.587757630541
0.58481011111
0.583848633881
0.581044531196
0.57953771891
0.575146793521
0.572680271392
0.569724476444
0.566096949046
0.561708199059
0.557253316753
0.555016041304
0.551088522721
0.547033649436
0.542658093383
0.539155158717
0.534984668454
0.530870658729
0.52737263598
0.525126471859
0.522139088022
0.51868062101
0.514954762065
0.511286965792
0.508716256301
0.504652431352
0.500338334778
0.495655777552
0.491445208416
0.48596855078
0.480739188532
0.476556511804
0.472895438569
0.468235501816
0.463647795182
0.459048838016
0.45647408083
0.453387557424
0.450062581036
0.445464889552
0.441283642245
0.437480133382
0.433167559244
0.428306674222
0.424803573357
0.42153668719
0.418334177266
0.414031873591
0.408869293671
0.404376091779
0.400228440086
0.396129165427
0.391934702954
0.387501568394
0.383793424583
0.379763738897
0.376376856777
0.372768241138
0.369545578917
0.367216513196
0.36498877644
0.363028989574
0.35849466297
0.355372805146
0.35157019343
0.348685230045
0.344927657201
0.341087570596
0.338392899737
0.334260856858
0.330583067487
0.325962914072
0.322845341329
0.319498384697
0.317177392914
0.314536850756
0.31168951565
0.308346950578
0.305836933718
0.305162054078
0.305150413645
0.304056606841
0.301725956478
0.299687988915
0.299238048847
0.299267946605
0.297654113382
0.295434713699
0.292145486389
0.290434993875
0.287873905238
0.286061578491
0.283455020641
0.281320585599
0.280138105304
0.278276223623
0.277114446616
0.274161965189
0.273367681189
0.2719654687
0.272347040849
0.27155018734
0.271565323185
0.270671538871
0.271174244369
0.271539742584
0.27258634586
0.272658963537
0.272450705174
0.271751616032
0.272210903481
0.270972889374
0.269357865388
0.266713087262
0.265605095469
0.264888757663
0.263638488343
0.26223386348
0.260762396636
0.258791465448
0.256788081377
0.255267504659
0.254800914808
0.253802346138
0.253133875417
0.252331384478
0.251941001815
0.251931255809
0.250888086592
0.250458055937
0.248855333468
0.247847616592
0.246846712368
0.246857405769
0.245339547294
0.244593992632
0.242075503082
0.241605976668
0.239653684726
0.239927140426
0.238550297184
0.239455098767
0.2367950364
0.23684286016
0.234257326705
0.234802118488
0.233938837356
0.235228871277
0.235433551487
0.236214960336
0.235479265942
0.236330992893
0.236825432438
0.237275611812
0.237365478365
0.236882369694
0.238400245789
0.239448218967
0.242425171181
0.243529629952
0.245639681078
0.245618012983
0.248025374862
0.248889715177
0.252530783467
0.254629061626
0.257722385671
0.259332823414
0.26200491012
0.26571293241
0.270809665281
0.27600217658
0.278954303401
0.282040776774
0.284672157719
0.289364721764
0.294138242707
0.299015891392
0.303098769807
0.30619356473
0.307634954961
0.309215710235
0.310593928381
0.313823194527
0.317804342234
0.32044094597
0.320376567337
0.317094273331
0.314764172854
0.314726283439
0.315399725783
0.314731919899
0.311765924955
0.307831863026
0.302792866219
0.297751634828
0.294846283528
0.292100724022
0.289294286799
0.28341066254
0.276736828364
0.269414250458
0.263819575021
0.26072885728
0.257802679766
0.254785553044
0.250672949992
0.246731953627
0.241030830143
0.236082574815
0.233009866553
0.232361669043
0.23254393761
0.23023501126
0.226880347852
0.221178985258
0.216984281601
0.214036143364
0.213752857807
0.214330788342
0.213872523117
0.212163983671
0.20852830359
0.20682388589
0.205107761769
0.20461245207
0.205620623852
0.206248413493
0.207725206667
0.206409186535
0.205243396031
0.203377339412
0.202411829133
0.203417145552
0.20542071227
0.207578953661
0.207609614422
0.206824586896
0.20503006175
0.203414522825
0.20246238089
0.202215887472
0.204272505651
0.205184592363
0.205769170345
0.204334809663
0.202466825762
0.200916442041
0.200275065317
0.201067324337
0.202372879708
0.202678314744
0.203160670591
0.201672470688
0.199777855301
0.197756764352
0.19660708259
0.196889773419
0.197369881937
0.198593485803
0.199253283387
0.19854681261
0.197521947199
0.196715752972
0.196184871627
0.195972316009
0.195905463427
0.197893417534
0.199330902014
0.200299055103
0.198814570017
0.197722848717
0.196788727229
0.197817557983
0.198833329728
0.200428871996
0.201343990977
0.203092001219
0.202898320239
0.202164001813
0.199637786801
0.1984168258
0.197643243221
0.198110169122
0.199283799894
0.200619329939
0.201743482277
0.201906302497
0.20163799128
0.199199805823
0.197055882847
0.195311669331
0.195501529993
0.196502716776
0.197149990316
0.198567959885
0.199482217188
0.199605567924
0.199173625732
0.197905896002
0.197173106866
0.197145693534
0.197085304767
0.198638702029
0.199549568579
0.200621044886
0.201296555031
0.200857442871
0.201687134564
0.200247579371
0.200334808556
0.198976904415
0.200109061801
0.200841431364
0.202854105258
0.205275087951
0.206245054479
0.206659103859
0.205356616766
0.205375827651
0.204815404537
0.205260564587
0.206383620959
0.20793421736
0.208606842419
0.209451835766
0.210124292664
0.210710678388
0.208560085121
0.206613143934
0.204682098407
0.204912731943
0.204098164626
0.203895384548
0.204263319048
0.206376560593
0.208136146966
0.207662653059
0.207786399015
0.206699691369
0.206890889471
0.206371782551
0.207777285598
0.210109707812
0.213249248599
0.215916788021
0.219222080361
0.222062900452
0.224217674194
0.22352976898
0.221787439629
0.220395120657
0.220145111232
0.221079974228
0.221261500322
0.22226473538
0.223240827346
0.224186582193
0.224673358478
0.224045087191
0.223142164369
0.222226584509
0.219722584539
0.217470672155
0.215285605339
0.21483733606
0.215449724573
0.21661848587
0.218158459908
0.220742570069
0.22204560303
0.22256432765
0.221130192333
0.219490735995
0.218326017557
0.217531254299
0.217573385683
0.217543045004
0.218442146245
0.220119048476
0.220909428327
0.222251841115
0.223017042824
0.224072045244
0.224073435021
0.222804669474
0.222572346704
0.222345116674
0.223816561273
0.225141184236
0.22738064448
0.22920703793
0.231454506279
0.232718570864
0.233878443528
0.23349646489
0.232275105462
0.230903677263
0.229254318003
0.229120830111
0.228332949085
0.228791155387
0.227948667639
0.228265043963
0.228731759169
0.229754879961
0.230016676667
0.229350623206
0.228103898806
0.226064121055
0.224509489023
0.222573039446
0.221940228645
0.221574399691
0.222170918678
0.223553245741
0.224521394226
0.225601167283
0.225402474926
0.225195784259
0.224429535695
0.224138656789
0.223660175783
0.223813631999
0.222621287523
0.221902849792
0.22136548327
0.221142117199
0.221893933713
0.22118254709
0.220985874894
0.220328969174
0.221158908826
0.221560126572
0.22137356918
0.220181017918
0.22002670514
0.218997031768
0.218814005746
0.216150854491
0.215225541314
0.21238381736
0.212468739982
0.209798985153
0.208901645016
0.205475307759
0.204046267535
0.201082018284
0.199157614725
0.196948764032
0.194925852486
0.193935377433
0.192119610717
0.19073660174
0.187285973642
0.186328584547
0.184305255554
0.184384053984
0.182065143934
0.180364281617
END
