380.3
381.1
381.9
382.7
383.5
384.4
385.2
386.0
386.8
387.6
388.4
389.2
390.1
390.9
391.7
392.5
393.3
394.1
394.9
395.8
396.6
397.4
398.2
399.0
399.8
400.6
401.5
402.3
403.1
403.9
404.7
405.5
406.3
407.2
408.0
408.8
409.6
410.4
411.2
412.0
412.8
413.7
414.5
415.3
416.1
416.9
417.7
418.5
419.4
420.2
421.0
421.8
422.6
423.4
424.2
425.1
425.9
426.7
427.5
428.3
429.1
429.9
430.8
431.6
432.4
433.2
434.0
434.8
435.6
436.4
437.3
438.1
438.9
439.7
440.5
441.3
442.1
443.0
443.8
444.6
445.4
446.2
447.0
447.8
448.7
449.5
450.3
451.1
451.9
452.7
453.5
454.4
455.2
456.0
456.8
457.6
458.4
459.2
460.0
460.9
461.7
462.5
463.3
464.1
464.9
465.7
466.6
467.4
468.2
469.0
469.8
470.6
471.4
472.3
473.1
473.9
474.7
475.5
476.3
477.1
478.0
478.8
479.6
480.4
481.2
482.0
482.8
483.6
484.5
485.3
486.1
486.9
487.7
488.5
489.3
490.2
491.0
491.8
492.6
493.4
494.2
495.0
495.9
496.7
497.5
498.3
499.1
499.9
500.7
501.6
502.4
503.2
504.0
504.8
505.6
506.4
507.2
508.1
508.9
509.7
510.5
511.3
512.1
512.9
513.7
514.5
515.3
516.1
516.8
517.6
518.4
519.2
520.0
520.8
521.5
522.3
523.1
523.9
524.7
525.5
526.2
527.0
527.8
528.6
529.4
530.2
530.9
531.7
532.5
533.3
534.1
534.9
535.6
536.4
537.2
538.0
538.8
539.6
540.3
541.1
541.9
542.7
543.5
544.3
545.0
545.8
546.6
547.4
548.2
549.0
549.7
550.5
551.3
552.1
552.9
553.7
554.4
555.2
556.0
556.8
557.6
558.4
559.1
559.9
560.7
561.5
562.3
563.1
563.8
564.6
565.4
566.2
567.0
567.8
568.5
569.3
570.1
570.9
571.7
572.5
573.2
574.0
574.8
575.6
576.4
577.2
577.9
578.7
579.5
580.3
581.1
581.9
582.6
583.4
584.2
585.0
585.8
586.6
587.3
588.1
588.9
589.6
590.3
591.1
591.8
592.6
593.3
594.0
594.8
595.5
596.3
597.0
597.7
598.5
599.2
600.0
600.7
601.5
602.2
602.9
603.7
604.4
605.2
605.9
606.6
607.4
608.1
608.9
609.6
610.3
611.1
611.8
612.6
613.3
614.0
614.8
615.5
616.3
617.0
617.7
618.5
619.2
620.0
620.7
621.4
622.2
622.9
623.7
624.4
625.2
625.9
626.6
627.4
628.1
628.9
629.6
630.3
631.1
631.8
632.6
633.3
634.0
634.8
635.5
636.3
637.0
637.7
638.5
639.2
640.0
640.7
641.4
642.2
642.9
643.7
644.4
645.1
645.9
646.6
647.4
648.1
648.8
649.6
650.3
651.1
651.8
652.6
653.3
654.0
654.8
655.5
656.3
657.0
657.7
658.5
659.2
660.0
660.7
661.4
662.2
662.9
663.7
664.4
665.1
665.9
666.6
667.4
668.1
668.9
669.6
670.4
671.2
671.9
672.7
673.4
674.2
674.9
675.7
676.5
677.2
678.0
678.7
679.5
680.2
681.0
681.8
682.5
683.3
684.0
684.8
685.5
686.3
687.1
687.8
688.6
689.3
690.1
690.8
691.6
692.4
693.1
693.9
694.6
695.4
696.1
696.9
697.7
698.4
699.2
699.9
700.7
701.4
702.2
703.0
703.7
704.5
705.2
706.0
706.8
707.6
708.4
709.2
710.0
710.8
711.6
712.4
713.2
714.0
714.8
715.6
716.4
717.2
718.0
718.8
719.6
720.4
721.2
722.0
722.8
723.6
724.4
725.2
726.0
726.8
727.6
728.4
729.2
730.0
730.8
731.6
732.4
733.2
734.0
734.8
735.6
736.4
737.2
738.0
738.8
739.6
740.4
741.2
742.0
742.8
743.6
744.4
745.2
746.0
746.8
747.6
748.4
749.2
750.0
750.8
751.6
752.4
753.2
754.0
754.8
755.6
756.4
757.2
758.0
758.8
759.6
760.4
761.2
762.0
762.8
763.6
764.4
765.2
766.0
766.8
767.6
768.4
769.2
770.0
770.8
771.6
772.4
773.2
774.1
774.9
775.7
776.5
777.3
778.1
778.9
779.7
780.5
781.3
782.1
782.9
783.7
784.5
785.3
786.1
786.9
787.7
788.5
789.3
790.1
790.9
791.7
792.5
793.3
794.1
794.9
795.7
796.5
797.3
798.1
798.9
799.7
800.5
801.3
802.1
802.9
803.7
804.5
805.3
806.1
806.9
807.7
808.5
809.3
810.1
810.9
811.7
812.5
813.3
814.1
814.9
815.7
816.5
817.3
818.1
818.9
819.7
820.5
821.3
822.1
822.9
823.7
824.5
825.3
826.1
826.9
827.7
828.5
829.3
830.1
830.9
831.7
832.6
833.4
834.3
835.1
835.9
836.8
837.6
838.5
839.3
840.2
841.0
841.9
842.7
843.5
844.4
845.2
846.1
846.9
847.8
848.6
849.4
850.3
851.1
852.0
852.8
853.7
854.5
855.3
856.2
857.0
857.9
858.7
859.6
860.4
861.3
862.1
862.9
863.8
864.6
865.5
866.3
867.2
868.0
868.8
869.7
870.5
871.4
872.2
873.1
873.9
874.8
875.6
876.4
877.3
878.1
879.0
879.8
880.7
881.5
882.3
883.2
884.0
884.9
885.7
886.6
887.4
888.2
889.1
889.9
890.8
891.6
892.5
893.3
894.2
895.0
895.8
896.7
897.5
898.4
899.2
NEXT_SERIES
0.289612722051
0.288308809893
0.28817751113
0.289089026147
0.290335479576
0.290268458898
0.292126479336
0.297581802505
0.305902766414
0.316073673642
0.326384682518
0.337036737636
0.347606090029
0.359789910613
0.371000630527
0.381338536681
0.388638818367
0.394870623542
0.400485064689
0.403316748277
0.405635336302
0.403511947279
0.402556001343
0.398382813955
0.395100707016
0.388531271751
0.383322558478
0.377090396801
0.372635789838
0.36750557755
0.363337995132
0.359293257913
0.357222646686
0.355032929374
0.353551208597
0.351510818768
0.350475069635
0.350370233815
0.350133221878
0.350230678852
0.349084479151
0.348994185926
0.348227045353
0.348217411983
0.346635908785
0.346116620683
0.346044569448
0.346359362254
0.346498441467
0.346252933501
0.346059161297
0.345752653022
0.343979908275
0.342902536495
0.341835936108
0.340848375349
0.339894318341
0.338500259785
0.338007989256
0.336678482837
0.336353752576
0.336275428476
0.335805892076
0.334456873968
0.332945428405
0.332947378237
0.332209509127
0.331474100356
0.32910163862
0.328699466997
0.32764444044
0.32703666646
0.325365175056
0.323210322583
0.321947070755
0.321361552102
0.320988913412
0.320234363812
0.318840575762
0.318098089655
0.317088804572
0.316274937464
0.315812725939
0.316271932805
0.316241214558
0.315273983424
0.314218452077
0.313190350348
0.314113570493
0.313692788457
0.313491276116
0.3132415458
0.313761885811
0.313814734276
0.313858227002
0.313420794366
0.313649683968
0.313216172391
0.313311287804
0.312625951801
0.313438075659
0.313918284674
0.315088299584
0.315543146715
0.315996234887
0.317252778659
0.317134095919
0.318629861597
0.319237786701
0.320972132268
0.321790799979
0.322399375968
0.322601896338
0.324398632184
0.326947384108
0.329414057861
0.329530685824
0.330359391075
0.33196140696
0.334352842734
0.334693001661
0.335883381891
0.337941341887
0.341229808713
0.342404849776
0.344040743245
0.344552343689
0.346630308463
0.348846041994
0.351794119454
0.354221705711
0.355645079877
0.357606203547
0.359125192998
0.360369029627
0.362103171487
0.3649426628
0.367578104016
0.369486477386
0.370783732922
0.372740339626
0.375119416243
0.377124959738
0.377919269091
0.37991231016
0.381327564992
0.383893556735
0.385144419697
0.387061225531
0.38894372036
0.391246535029
0.393299002672
0.394161878615
0.393667159412
0.392508764685
0.392997883287
0.394026291229
0.395237011084
0.395181772002
0.395532197477
0.397312791416
0.397257966292
0.398328153603
0.39854231782
0.399793776468
0.398986933733
0.398179159306
0.398098463817
0.39823090236
0.398236018776
0.398666135852
0.398218186715
0.397297396775
0.396191271872
0.395531826769
0.395614429024
0.394600672265
0.394401499835
0.393299751106
0.393484045561
0.393404654159
0.392798478585
0.391099636647
0.389312293131
0.388943052412
0.388882167519
0.386849092533
0.384849527881
0.38264997644
0.381622944458
0.380841623158
0.379457351917
0.377919225983
0.37559249764
0.374358052467
0.373497391665
0.373004150186
0.371278398023
0.368931276372
0.36580082836
0.363533856826
0.361888229651
0.36027694267
0.358070888654
0.356916431156
0.354192496908
0.351616810512
0.347673389169
0.344344902758
0.341770601828
0.33936814243
0.336275695444
0.333227061352
0.330656987679
0.328482258719
0.325743089048
0.323013768995
0.319877097821
0.31710215844
0.313968712812
0.310781429364
0.307288533506
0.302979894076
0.299432992774
0.295495790262
0.291746646319
0.28804991378
0.283668158246
0.280229366579
0.27655584979
0.273378143877
0.269341400252
0.265901655966
0.262190677541
0.259059472689
0.255406155234
0.252273343194
0.248516023965
0.244455530513
0.240738355178
0.237077766077
0.233452676059
0.229219284524
0.225054901798
0.221562589573
0.218058333029
0.21448997683
0.210836532487
0.207341160792
0.203635126955
0.199904728963
0.196208652855
0.193430821338
0.190400290671
0.187720811609
0.184829939605
0.182035870323
0.178931632347
0.175439866178
0.172100349572
0.16844008681
0.165874073406
0.163123213269
0.161025607943
0.157916970301
0.155238736691
0.152428439251
0.150037269021
0.146892271255
0.144220780039
0.141751599389
0.139380514611
0.137313221318
0.135268028126
0.134171953611
0.13225070588
0.130052520914
0.128012734858
0.126138481935
0.125378564405
0.124139334998
0.123172798794
0.121102338863
0.118707242712
0.116915305823
0.115111559861
0.11426621094
0.112382485165
0.110787716621
0.109111871823
0.10754909395
0.106259224227
0.104474990488
0.10348200616
0.101867006168
0.101864914708
0.100962954373
0.100650032443
0.0990807046302
0.098651821498
0.0986008119784
0.0985008251814
0.0974969546996
0.0968689218029
0.0961106764946
0.0961225728661
0.0951324385596
0.0942109975895
0.0930833110897
0.0919307800354
0.0912780445676
0.0904345999292
0.0894604939304
0.0880909094651
0.0864749752782
0.0853368559059
0.0846704627241
0.0849770493417
0.0844873918859
0.0840894700151
0.0831330520456
0.0825853813024
0.0819774344845
0.0810761153177
0.0809756303133
0.0803017217042
0.0802529808677
0.0794096343366
0.0792842997939
0.0783947356862
0.0781334747574
0.076708084224
0.0757464396779
0.0749670550748
0.075142035986
0.0748307298206
0.0749822098435
0.0739928699605
0.0735673523533
0.0724840503471
0.0726600859544
0.0725736322138
0.0722686383695
0.071421511041
0.0710417308129
0.0710594519476
0.0712129501481
0.0716452045833
0.071097717333
0.070882443735
0.0703797239643
0.0712277076042
0.0722751025516
0.0731180961447
0.0729758664659
0.0724706539967
0.0718190896014
0.0719951571308
0.0721326786126
0.0734084642526
0.0740224084313
0.0745866242918
0.074651780576
0.0751291072963
0.0763660073385
0.0776248549311
0.0789955713731
0.0798447876185
0.0803701295644
0.0816266016131
0.0827495609402
0.0846075474324
0.085712093887
0.086815235924
0.0869914046011
0.087620360476
0.0879275827575
0.0886642453405
0.0891630415957
0.0901078010831
0.0912148302188
0.090787685643
0.0899840221269
0.0888523118777
0.0894945762052
0.0902609993483
0.0899677767534
0.0887426849468
0.0870519385602
0.0860824416077
0.0853733139318
0.0855602601152
0.0847763746777
0.0832621187812
0.0808444802855
0.0789488506169
0.0773023533938
0.0760899277977
0.0753990857926
0.0747025145353
0.0739851831909
0.0730465222489
0.0715772302574
0.0693684602724
0.0679455672858
0.0676537659851
0.0679268200107
0.0679314313724
0.0670963461983
0.0661726306298
0.0640846274303
0.0622992291811
0.0616649224037
0.0621503062867
0.0630930519911
0.0627853302017
0.0620941614518
0.0608415583731
0.0604168055031
0.0603951121885
0.0602907301232
0.0611077359228
0.0612200329752
0.0618988973783
0.0610773945833
0.0605304745935
0.0601921101586
0.060263159582
0.0609000139272
0.061768593536
0.0623892854874
0.062435251484
0.0622107156725
0.0614514662653
0.0609953496278
0.0604794633999
0.060804296533
0.0618495828031
0.0625405881143
0.0629612925307
0.062141755729
0.0615078029129
0.0612384566532
0.0615020280436
0.0621798897024
0.0628050676275
0.0623996315966
0.0623187098638
0.0615927411198
0.0611347238167
0.0604587944173
0.0602373295253
0.0607112166498
0.0609095119088
0.0612078029485
0.0620124514497
0.0617355736085
0.0617101399194
0.0613203408704
0.0609566517026
0.0610287760782
0.0613009111031
0.0623222855002
0.0627927433128
0.0625317730692
0.0627851768925
0.0624716161617
0.0626693764438
0.0626078868857
0.0631181814404
0.0641079368349
0.0649447054767
0.0656175996659
0.0656420582311
0.0653218073089
0.0645644458352
0.0640389577073
0.0640802787745
0.0652248653632
0.0652962188889
0.0660310030152
0.0657421261998
0.0665714111434
0.0657875384342
0.0653707199562
0.0643673510659
0.0643506483188
0.0645600733294
0.0651944900482
0.0654046850894
0.0657410169527
0.06601605048
0.0666022758356
0.0668613043208
0.0669882275518
0.0667438145194
0.0663365586952
0.0661646436549
0.0666293116995
0.0675485524086
0.0684957584997
0.068520306223
0.0686571427172
0.0683520737616
0.0684040360862
0.0683286187491
0.0684604506842
0.0694567288293
0.0698700443138
0.0705724983547
0.0713622582338
0.0717076660994
0.0720711091126
0.071250356495
0.0710977736415
0.0711006828235
0.071578821198
0.072107527003
0.0728640858246
0.0734516025437
0.0742067911097
0.0744052091638
0.0746841774836
0.073909276923
0.0732190856764
0.07175581427
0.0718375518434
0.0710500986576
0.0715785731803
0.0716036191537
0.0730479544684
0.0741286964931
0.0741189768584
0.0739220401722
0.0736625511243
0.0737131496296
0.0734536225322
0.0736057492588
0.0750442572065
0.0768967396152
0.0778638560331
0.0786728386207
0.0796989237879
0.0809595875238
0.081308717265
0.080572996861
0.0804289948249
0.0800003345772
0.0803930205828
0.0796540531805
0.0797106065357
0.0806257862602
0.0819328764442
0.0832519324298
0.0823609443013
0.0819470930923
0.0812146588527
0.0802792242058
0.0788611221606
0.0780177976119
0.0781852719617
0.0784749490106
0.0786097245645
0.079677261942
0.0810484587175
0.0826006846613
0.0824821798871
0.0819760738995
0.0807740297404
0.0805496014274
0.0803220569374
0.080519382003
0.0805113205474
0.0810951207375
0.0818323170339
0.0817254659588
0.0823333916798
0.0827560385543
0.0837130995317
0.0839982403662
0.0834453682021
0.0832759039215
0.0826185736931
0.0831943179935
0.0835342214742
0.0838647328746
0.0846098494459
0.0859426549609
0.0879848429901
0.0880236026789
0.0884633591224
0.0877031006849
0.0883056004715
0.0870783546346
0.0871400078953
0.0864812096655
0.0859145631358
0.0850598260504
0.0851391617462
0.0864559335021
0.0871791272957
0.0876052126757
0.0869441551795
0.0865934040483
0.0851746008994
0.0849180260369
0.0838227728165
0.0842536561382
0.0843649598605
0.0842952256754
0.08389030403
0.0835428432482
0.0839611910646
0.0844639410853
0.0849061195666
0.0855234769522
0.0852354917994
0.0843790718824
0.0840280562465
0.0840158768482
0.0843601595009
0.0843476989396
0.0836267448466
0.0825682160058
0.0825758109943
0.0826329360717
0.0834649778048
0.0831478221296
0.0834277550239
0.0841416577085
0.0844853877919
0.0848805510315
0.0834471534145
0.0833088749565
0.0819002034066
0.0819984117615
0.080237588798
0.0798963699574
0.0779457341123
0.0770862769971
0.0758908782773
0.076917300236
0.0768562363538
0.0755818026721
0.0732076877178
0.071510936836
0.0717804748408
0.0716601665263
0.0716545071799
0.0702989004519
0.0702134409906
0.0688128930972
0.0695640700244
0.0679404676693
0.0675451146039
END
