380.3
381.1
381.9
382.7
383.5
384.4
385.2
386.0
386.8
387.6
388.4
389.2
390.1
390.9
391.7
392.5
393.3
394.1
394.9
395.8
396.6
397.4
398.2
399.0
399.8
400.6
401.5
402.3
403.1
403.9
404.7
405.5
406.3
407.2
408.0
408.8
409.6
410.4
411.2
412.0
412.8
413.7
414.5
415.3
416.1
416.9
417.7
418.5
419.4
420.2
421.0
421.8
422.6
423.4
424.2
425.1
425.9
426.7
427.5
428.3
429.1
429.9
430.8
431.6
432.4
433.2
434.0
434.8
435.6
436.4
437.3
438.1
438.9
439.7
440.5
441.3
442.1
443.0
443.8
444.6
445.4
446.2
447.0
447.8
448.7
449.5
450.3
451.1
451.9
452.7
453.5
454.4
455.2
456.0
456.8
457.6
458.4
459.2
460.0
460.9
461.7
462.5
463.3
464.1
464.9
465.7
466.6
467.4
468.2
469.0
469.8
470.6
471.4
472.3
473.1
473.9
474.7
475.5
476.3
477.1
478.0
478.8
479.6
480.4
481.2
482.0
482.8
483.6
484.5
485.3
486.1
486.9
487.7
488.5
489.3
490.2
491.0
491.8
492.6
493.4
494.2
495.0
495.9
496.7
497.5
498.3
499.1
499.9
500.7
501.6
502.4
503.2
504.0
504.8
505.6
506.4
507.2
508.1
508.9
509.7
510.5
511.3
512.1
512.9
513.7
514.5
515.3
516.1
516.8
517.6
518.4
519.2
520.0
520.8
521.5
522.3
523.1
523.9
524.7
525.5
526.2
527.0
527.8
528.6
529.4
530.2
530.9
531.7
532.5
533.3
534.1
534.9
535.6
536.4
537.2
538.0
538.8
539.6
540.3
541.1
541.9
542.7
543.5
544.3
545.0
545.8
546.6
547.4
548.2
549.0
549.7
550.5
551.3
552.1
552.9
553.7
554.4
555.2
556.0
556.8
557.6
558.4
559.1
559.9
560.7
561.5
562.3
563.1
563.8
564.6
565.4
566.2
567.0
567.8
568.5
569.3
570.1
570.9
571.7
572.5
573.2
574.0
574.8
575.6
576.4
577.2
577.9
578.7
579.5
580.3
581.1
581.9
582.6
583.4
584.2
585.0
585.8
586.6
587.3
588.1
588.9
589.6
590.3
591.1
591.8
592.6
593.3
594.0
594.8
595.5
596.3
597.0
597.7
598.5
599.2
600.0
600.7
601.5
602.2
602.9
603.7
604.4
605.2
605.9
606.6
607.4
608.1
608.9
609.6
610.3
611.1
611.8
612.6
613.3
614.0
614.8
615.5
616.3
617.0
617.7
618.5
619.2
620.0
620.7
621.4
622.2
622.9
623.7
624.4
625.2
625.9
626.6
627.4
628.1
628.9
629.6
630.3
631.1
631.8
632.6
633.3
634.0
634.8
635.5
636.3
637.0
637.7
638.5
639.2
640.0
640.7
641.4
642.2
642.9
643.7
644.4
645.1
645.9
646.6
647.4
648.1
648.8
649.6
650.3
651.1
651.8
652.6
653.3
654.0
654.8
655.5
656.3
657.0
657.7
658.5
659.2
660.0
660.7
661.4
662.2
662.9
663.7
664.4
665.1
665.9
666.6
667.4
668.1
668.9
669.6
670.4
671.2
671.9
672.7
673.4
674.2
674.9
675.7
676.5
677.2
678.0
678.7
679.5
680.2
681.0
681.8
682.5
683.3
684.0
684.8
685.5
686.3
687.1
687.8
688.6
689.3
690.1
690.8
691.6
692.4
693.1
693.9
694.6
695.4
696.1
696.9
697.7
698.4
699.2
699.9
700.7
701.4
702.2
703.0
703.7
704.5
705.2
706.0
706.8
707.6
708.4
709.2
710.0
710.8
711.6
712.4
713.2
714.0
714.8
715.6
716.4
717.2
718.0
718.8
719.6
720.4
721.2
722.0
722.8
723.6
724.4
725.2
726.0
726.8
727.6
728.4
729.2
730.0
730.8
731.6
732.4
733.2
734.0
734.8
735.6
736.4
737.2
738.0
738.8
739.6
740.4
741.2
742.0
742.8
743.6
744.4
745.2
746.0
746.8
747.6
748.4
749.2
750.0
750.8
751.6
752.4
753.2
754.0
754.8
755.6
756.4
757.2
758.0
758.8
759.6
760.4
761.2
762.0
762.8
763.6
764.4
765.2
766.0
766.8
767.6
768.4
769.2
770.0
770.8
771.6
772.4
773.2
774.1
774.9
775.7
776.5
777.3
778.1
778.9
779.7
780.5
781.3
782.1
782.9
783.7
784.5
785.3
786.1
786.9
787.7
788.5
789.3
790.1
790.9
791.7
792.5
793.3
794.1
794.9
795.7
796.5
797.3
798.1
798.9
799.7
800.5
801.3
802.1
802.9
803.7
804.5
805.3
806.1
806.9
807.7
808.5
809.3
810.1
810.9
811.7
812.5
813.3
814.1
814.9
815.7
816.5
817.3
818.1
818.9
819.7
820.5
821.3
822.1
822.9
823.7
824.5
825.3
826.1
826.9
827.7
828.5
829.3
830.1
830.9
831.7
832.6
833.4
834.3
835.1
835.9
836.8
837.6
838.5
839.3
840.2
841.0
841.9
842.7
843.5
844.4
845.2
846.1
846.9
847.8
848.6
849.4
850.3
851.1
852.0
852.8
853.7
854.5
855.3
856.2
857.0
857.9
858.7
859.6
860.4
861.3
862.1
862.9
863.8
864.6
865.5
866.3
867.2
868.0
868.8
869.7
870.5
871.4
872.2
873.1
873.9
874.8
875.6
876.4
877.3
878.1
879.0
879.8
880.7
881.5
882.3
883.2
884.0
884.9
885.7
886.6
887.4
888.2
889.1
889.9
890.8
891.6
892.5
893.3
894.2
895.0
895.8
896.7
897.5
898.4
899.2
NEXT_SERIES
0.428077430543
0.427273733447
0.424278243391
0.424700608577
0.425736676614
0.430522212673
0.439127692705
0.449457593732
0.459571845629
0.472286140254
0.484938772078
0.496859355797
0.510435134278
0.525167322293
0.542252809555
0.555741198772
0.567582222606
0.577500820099
0.587591302869
0.595500947771
0.599361988973
0.598220150126
0.596064913399
0.591096456317
0.585468151836
0.577088090031
0.57153801495
0.565136318314
0.56037423642
0.552528857576
0.546605079822
0.540905758241
0.537718164132
0.533316982984
0.530392701896
0.527133330349
0.5254569232
0.524760917827
0.524495600559
0.52375661538
0.5224269154
0.522456900944
0.523822378971
0.524657854245
0.525112365142
0.525232001861
0.5257224296
0.525854544004
0.525654273368
0.525059974528
0.524893855721
0.52494610051
0.524723983804
0.523660988892
0.521741287219
0.520851436575
0.520728119869
0.521193897221
0.521066109711
0.51990857424
0.519220226385
0.518647872024
0.518059821068
0.516802805873
0.515663523183
0.515517904695
0.515726393273
0.515030272398
0.515091195279
0.514131443403
0.513501332704
0.511565060924
0.510911348075
0.509392030274
0.508212999841
0.506791821623
0.506190127402
0.506545953542
0.507643186941
0.507833413785
0.506561765063
0.505058772966
0.503950052489
0.504586782896
0.504288844189
0.504634408852
0.503475534109
0.503525827387
0.504158561008
0.505429626762
0.50599778663
0.505980654277
0.506462530445
0.507706080467
0.509149504766
0.510737339375
0.511654099313
0.512093446939
0.512029657008
0.513012876887
0.514214353229
0.515589530835
0.516888266021
0.519995558503
0.523116978097
0.525619894759
0.526843748339
0.528689031737
0.529378462978
0.532195144781
0.534818154784
0.538797667757
0.542061756704
0.5452291906
0.548533265598
0.552598124595
0.555512639613
0.557822583166
0.560648616619
0.563519297803
0.566651660488
0.568135569763
0.572665617649
0.577198365115
0.581216127959
0.58365217386
0.58734294589
0.592682727477
0.598433480522
0.602658490366
0.605777780307
0.608843776104
0.612636480266
0.616441389523
0.620649371787
0.625070159752
0.62951592781
0.633375154234
0.637569804515
0.642057405694
0.645801585492
0.650388206323
0.654559332363
0.657766238408
0.661379853241
0.663314912088
0.667662897072
0.671175252775
0.674466971078
0.679163061369
0.682315728437
0.684919171223
0.685359447826
0.685276331517
0.687857750313
0.691139436563
0.694610784693
0.695475310374
0.695608849686
0.697258888223
0.700102887758
0.701452933198
0.702512891695
0.70413549994
0.705918806222
0.706912343816
0.706964593709
0.707483653902
0.70674358941
0.706573854066
0.708129414145
0.708914410934
0.708940199447
0.708840923969
0.70891606075
0.710307067384
0.708546520058
0.70909014618
0.709165856957
0.710404386245
0.710429872547
0.707974976128
0.705535108529
0.704021574023
0.70383709661
0.702622505014
0.698038759362
0.695042098821
0.690668916183
0.690405820224
0.686940044464
0.684980686671
0.682007508919
0.680404364076
0.677983527172
0.675259520783
0.672115359783
0.670376759504
0.666915363261
0.663659712929
0.658343968258
0.654076899562
0.649372324398
0.645356808668
0.64074965908
0.637257315274
0.631941578529
0.62679899141
0.619049089273
0.614083438749
0.608866014836
0.604038929344
0.598107998876
0.592227334983
0.588044424084
0.583901353859
0.578569214272
0.571868167777
0.565132197685
0.55931134301
0.552899058429
0.546482354314
0.539302547964
0.532799860229
0.525599334026
0.518331178496
0.511293000475
0.503893016787
0.496615105096
0.48983208494
0.483108699428
0.476582112107
0.469631419503
0.462729084527
0.455546113103
0.448346282323
0.441705579977
0.435087133214
0.428542565967
0.421131983306
0.414341287129
0.406117022316
0.399244308156
0.392335957676
0.385993756117
0.379009904463
0.371241375719
0.364173278737
0.357973363312
0.351738904409
0.346408782446
0.340169776126
0.334187914943
0.327225523369
0.32197030121
0.316500836285
0.311263305673
0.304505470183
0.298665428823
0.293394699321
0.287842792906
0.283437094507
0.277688138443
0.273120555187
0.266913013541
0.261949631157
0.256606123833
0.251740363868
0.24710452878
0.242791455785
0.23893289742
0.234566571086
0.230651181756
0.22744796984
0.224868853796
0.222853884615
0.219495747923
0.216397059033
0.212468471472
0.210182280748
0.20834588797
0.206467703424
0.203854246084
0.200333284651
0.197425789626
0.194512773659
0.191515416189
0.188733381297
0.185803085521
0.184085932224
0.181854378962
0.180499748454
0.177968711441
0.176608979702
0.174296297533
0.174002017576
0.172270490445
0.171550476239
0.169931536397
0.170026003246
0.169997163102
0.169202592367
0.167565478487
0.166349298694
0.165875317083
0.166138177403
0.165377717888
0.163873083818
0.161805753232
0.159882176852
0.159033567057
0.15779913607
0.156480145176
0.154949656522
0.152871493613
0.151866378315
0.150953881646
0.150759684175
0.150079428202
0.148946586697
0.148105668133
0.147363366695
0.147673485309
0.146600871213
0.14631664239
0.144827939738
0.144846523693
0.143767582991
0.144044533231
0.142685243572
0.142461535468
0.140597899786
0.140474349922
0.138928245715
0.139127029304
0.137983549128
0.138591502413
0.136346228953
0.136213841909
0.134764098864
0.135815754892
0.135110169596
0.135242103326
0.134253825301
0.134784980113
0.13401755997
0.13458806112
0.134304344432
0.13404310213
0.133848124152
0.133009687876
0.133984907455
0.134117752538
0.135546979291
0.135362854701
0.135333868969
0.134781758869
0.135455258524
0.135706235542
0.137625755242
0.138142692467
0.139145484287
0.138735216787
0.13993179785
0.141504036088
0.144155855687
0.146299852324
0.14730752736
0.147817824445
0.148818842523
0.150781894751
0.152843007156
0.154460488857
0.156622833732
0.157191503999
0.157744083631
0.15808227645
0.159424829654
0.160419625634
0.161363298945
0.161931219198
0.161931274896
0.160564418976
0.159034353168
0.159130537411
0.159314261029
0.159373766553
0.15701050953
0.154415502714
0.152101339465
0.150066286186
0.149866835364
0.148229616899
0.147491950523
0.144360254547
0.141843607647
0.138299191212
0.13587899965
0.135085218536
0.134302261969
0.133787209299
0.131623652232
0.129865153883
0.127121933878
0.125220922443
0.124204546658
0.123951163639
0.12419387088
0.122715695893
0.121154407967
0.117666630899
0.115889664927
0.114225385182
0.114529300134
0.115180243488
0.115277410678
0.11469891714
0.112404933526
0.111313180138
0.110176423173
0.11043437483
0.111262753013
0.111576471367
0.112488860725
0.111606516515
0.111054390589
0.11008739267
0.109851717464
0.110481576743
0.111627995866
0.112592182853
0.112889216667
0.111763194956
0.110298959186
0.108757614721
0.108657196899
0.109043789716
0.110665553017
0.110950707485
0.111069001631
0.109997531497
0.109192014892
0.107968894075
0.107604137331
0.107754664835
0.109225888759
0.109713117131
0.11004935947
0.108601130509
0.107447192532
0.106163406002
0.105975943747
0.105923427184
0.10659073761
0.107231475464
0.107600976197
0.106708419723
0.10583950118
0.105115472017
0.104098375942
0.103923464619
0.104243947033
0.106003705016
0.107093199835
0.107158529897
0.106365785326
0.105477005095
0.104513190484
0.104945375886
0.105319250566
0.107305641178
0.107984714543
0.108976306271
0.108601876226
0.108471471149
0.106744937276
0.105746657961
0.105194603192
0.106160017346
0.106939439489
0.108031298505
0.10829302351
0.10823240352
0.107029917172
0.105629303451
0.104616994625
0.103909284763
0.104121024913
0.104415874198
0.105194492874
0.105678466955
0.106334542814
0.105947267424
0.105930533542
0.105261372943
0.105019449676
0.104864553234
0.104267226404
0.104683348924
0.104779530274
0.105882595234
0.105685172545
0.106120110741
0.106015071487
0.105277577246
0.104865559426
0.103876070441
0.105264318363
0.105913249395
0.10759356952
0.108802860939
0.108880143275
0.108729333752
0.107552674393
0.107752021201
0.107378143308
0.107690574739
0.107814925356
0.108849396779
0.109365343118
0.110308164657
0.110840149092
0.110716615581
0.108819393797
0.107642792719
0.106387355497
0.106923075596
0.105820192237
0.105536712175
0.10577984473
0.106706391798
0.108213299284
0.107498804185
0.107228387215
0.106557850527
0.106894129837
0.107209420828
0.107671037801
0.108969616528
0.110738361226
0.111789556776
0.113170559135
0.114021299999
0.115501822257
0.115865047837
0.115360124823
0.114469583202
0.11371849698
0.114138021099
0.113932327742
0.11430923984
0.114565358399
0.115614745452
0.116282009646
0.116181362035
0.115451767769
0.11467250049
0.113681126675
0.112839033445
0.111968632017
0.111236357335
0.111424402885
0.111025308044
0.112330572725
0.113462981801
0.115105628015
0.115484799579
0.114726812622
0.113655203721
0.112871897221
0.113256578782
0.113065182059
0.113062388457
0.113215129825
0.114636981944
0.114790083118
0.115206179728
0.115246340743
0.116146113982
0.116655463343
0.116302528171
0.115932397039
0.11536774048
0.116304392443
0.116971894927
0.117881985602
0.118428881367
0.120201678639
0.121200203513
0.121401905883
0.12112738419
0.121082341055
0.120920354865
0.119902383966
0.119176926324
0.119118292246
0.119747065774
0.119944590715
0.120264225026
0.120592188297
0.120591347623
0.120407257066
0.119729153266
0.119453240485
0.118535744772
0.118606837948
0.11744369131
0.117491628018
0.116599318
0.117076903965
0.117113164489
0.117709173926
0.118544330455
0.11921160965
0.119051466462
0.118506818842
0.118254500128
0.117998411456
0.117388996306
0.116916251203
0.116739410249
0.117951397941
0.117376965072
0.116891509095
0.116665043141
0.116685322295
0.117003544918
0.116173780932
0.11639999482
0.116894040084
0.116664265668
0.116853583692
0.115880390468
0.115868650456
0.11439196242
0.113060236
0.111622147427
0.111985014442
0.110743269847
0.109845580178
0.107372321381
0.107083037312
0.105701333447
0.104538468199
0.103228132679
0.102329329889
0.102159731752
0.101712277127
0.100812539683
0.0992846859837
0.0985328236903
0.0978349791638
0.0970489629749
0.0959352152646
0.0947033669799
END
