380.3
381.1
381.9
382.7
383.5
384.4
385.2
386.0
386.8
387.6
388.4
389.2
390.1
390.9
391.7
392.5
393.3
394.1
394.9
395.8
396.6
397.4
398.2
399.0
399.8
400.6
401.5
402.3
403.1
403.9
404.7
405.5
406.3
407.2
408.0
408.8
409.6
410.4
411.2
412.0
412.8
413.7
414.5
415.3
416.1
416.9
417.7
418.5
419.4
420.2
421.0
421.8
422.6
423.4
424.2
425.1
425.9
426.7
427.5
428.3
429.1
429.9
430.8
431.6
432.4
433.2
434.0
434.8
435.6
436.4
437.3
438.1
438.9
439.7
440.5
441.3
442.1
443.0
443.8
444.6
445.4
446.2
447.0
447.8
448.7
449.5
450.3
451.1
451.9
452.7
453.5
454.4
455.2
456.0
456.8
457.6
458.4
459.2
460.0
460.9
461.7
462.5
463.3
464.1
464.9
465.7
466.6
467.4
468.2
469.0
469.8
470.6
471.4
472.3
473.1
473.9
474.7
475.5
476.3
477.1
478.0
478.8
479.6
480.4
481.2
482.0
482.8
483.6
484.5
485.3
486.1
486.9
487.7
488.5
489.3
490.2
491.0
491.8
492.6
493.4
494.2
495.0
495.9
496.7
497.5
498.3
499.1
499.9
500.7
501.6
502.4
503.2
504.0
504.8
505.6
506.4
507.2
508.1
508.9
509.7
510.5
511.3
512.1
512.9
513.7
514.5
515.3
516.1
516.8
517.6
518.4
519.2
520.0
520.8
521.5
522.3
523.1
523.9
524.7
525.5
526.2
527.0
527.8
528.6
529.4
530.2
530.9
531.7
532.5
533.3
534.1
534.9
535.6
536.4
537.2
538.0
538.8
539.6
540.3
541.1
541.9
542.7
543.5
544.3
545.0
545.8
546.6
547.4
548.2
549.0
549.7
550.5
551.3
552.1
552.9
553.7
554.4
555.2
556.0
556.8
557.6
558.4
559.1
559.9
560.7
561.5
562.3
563.1
563.8
564.6
565.4
566.2
567.0
567.8
568.5
569.3
570.1
570.9
571.7
572.5
573.2
574.0
574.8
575.6
576.4
577.2
577.9
578.7
579.5
580.3
581.1
581.9
582.6
583.4
584.2
585.0
585.8
586.6
587.3
588.1
588.9
589.6
590.3
591.1
591.8
592.6
593.3
594.0
594.8
595.5
596.3
597.0
597.7
598.5
599.2
600.0
600.7
601.5
602.2
602.9
603.7
604.4
605.2
605.9
606.6
607.4
608.1
608.9
609.6
610.3
611.1
611.8
612.6
613.3
614.0
614.8
615.5
616.3
617.0
617.7
618.5
619.2
620.0
620.7
621.4
622.2
622.9
623.7
624.4
625.2
625.9
626.6
627.4
628.1
628.9
629.6
630.3
631.1
631.8
632.6
633.3
634.0
634.8
635.5
636.3
637.0
637.7
638.5
639.2
640.0
640.7
641.4
642.2
642.9
643.7
644.4
645.1
645.9
646.6
647.4
648.1
648.8
649.6
650.3
651.1
651.8
652.6
653.3
654.0
654.8
655.5
656.3
657.0
657.7
658.5
659.2
660.0
660.7
661.4
662.2
662.9
663.7
664.4
665.1
665.9
666.6
667.4
668.1
668.9
669.6
670.4
671.2
671.9
672.7
673.4
674.2
674.9
675.7
676.5
677.2
678.0
678.7
679.5
680.2
681.0
681.8
682.5
683.3
684.0
684.8
685.5
686.3
687.1
687.8
688.6
689.3
690.1
690.8
691.6
692.4
693.1
693.9
694.6
695.4
696.1
696.9
697.7
698.4
699.2
699.9
700.7
701.4
702.2
703.0
703.7
704.5
705.2
706.0
706.8
707.6
708.4
709.2
710.0
710.8
711.6
712.4
713.2
714.0
714.8
715.6
716.4
717.2
718.0
718.8
719.6
720.4
721.2
722.0
722.8
723.6
724.4
725.2
726.0
726.8
727.6
728.4
729.2
730.0
730.8
731.6
732.4
733.2
734.0
734.8
735.6
736.4
737.2
738.0
738.8
739.6
740.4
741.2
742.0
742.8
743.6
744.4
745.2
746.0
746.8
747.6
748.4
749.2
750.0
750.8
751.6
752.4
753.2
754.0
754.8
755.6
756.4
757.2
758.0
758.8
759.6
760.4
761.2
762.0
762.8
763.6
764.4
765.2
766.0
766.8
767.6
768.4
769.2
770.0
770.8
771.6
772.4
773.2
774.1
774.9
775.7
776.5
777.3
778.1
778.9
779.7
780.5
781.3
782.1
782.9
783.7
784.5
785.3
786.1
786.9
787.7
788.5
789.3
790.1
790.9
791.7
792.5
793.3
794.1
794.9
795.7
796.5
797.3
798.1
798.9
799.7
800.5
801.3
802.1
802.9
803.7
804.5
805.3
806.1
806.9
807.7
808.5
809.3
810.1
810.9
811.7
812.5
813.3
814.1
814.9
815.7
816.5
817.3
818.1
818.9
819.7
820.5
821.3
822.1
822.9
823.7
824.5
825.3
826.1
826.9
827.7
828.5
829.3
830.1
830.9
831.7
832.6
833.4
834.3
835.1
835.9
836.8
837.6
838.5
839.3
840.2
841.0
841.9
842.7
843.5
844.4
845.2
846.1
846.9
847.8
848.6
849.4
850.3
851.1
852.0
852.8
853.7
854.5
855.3
856.2
857.0
857.9
858.7
859.6
860.4
861.3
862.1
862.9
863.8
864.6
865.5
866.3
867.2
868.0
868.8
869.7
870.5
871.4
872.2
873.1
873.9
874.8
875.6
876.4
877.3
878.1
879.0
879.8
880.7
881.5
882.3
883.2
884.0
884.9
885.7
886.6
887.4
888.2
889.1
889.9
890.8
891.6
892.5
893.3
894.2
895.0
895.8
896.7
897.5
898.4
899.2
NEXT_SERIES
0.438701843179
0.441469291686
0.438199302268
0.440603947905
0.442106685747
0.448510495687
0.459801332914
0.472106041226
0.486554681264
0.50105874719
0.516797534613
0.534146371288
0.550293922655
0.566694502618
0.582473247795
0.600772065574
0.617670366367
0.633603818331
0.644184938727
0.651462595171
0.656548015988
0.657795289898
0.65658141842
0.651078344088
0.64398298008
0.635907827479
0.628881034798
0.621129548907
0.614273525225
0.60669657012
0.600811736672
0.595038219527
0.589650824337
0.58540971273
0.581317320221
0.578700106727
0.577269278675
0.577199004808
0.5761808042
0.575268415141
0.574233180556
0.576103003128
0.57674282484
0.577439134035
0.578283973575
0.57868013196
0.579713096618
0.579124071035
0.579801068836
0.580286790477
0.58025573354
0.581243200846
0.580443494526
0.581148645035
0.579674290403
0.579704711585
0.578023447227
0.578332320941
0.577353536397
0.577254194574
0.575483767809
0.575292842826
0.574641896048
0.573927044123
0.572403378487
0.57114793149
0.570067739333
0.569150806332
0.567403187178
0.566524180311
0.565017154983
0.563000008391
0.56018152149
0.558155146758
0.556236577256
0.554732308948
0.552773855101
0.550519929593
0.549420013441
0.547853540722
0.546158732951
0.543895341512
0.54282281533
0.542511937123
0.540768289889
0.53821969585
0.537576797191
0.535559245289
0.534820641497
0.533755262324
0.533392315045
0.533210667197
0.531651485557
0.531257788074
0.529855003861
0.529291218171
0.528749821405
0.527689064024
0.526425257051
0.525666226309
0.524853253551
0.524693533208
0.524741365845
0.525508261691
0.525677570242
0.528147155926
0.529317148931
0.530505526583
0.528676486693
0.529611735529
0.530637672705
0.531029414232
0.531080278327
0.532472266727
0.535454909068
0.536866439318
0.538074312227
0.538927951607
0.541995528943
0.543010160323
0.545014804226
0.545801434542
0.548706563032
0.549177758457
0.550632223843
0.553433050888
0.557004573184
0.560348699205
0.562602672716
0.566285138942
0.569171312605
0.570361940227
0.571810296706
0.572084601024
0.573651562616
0.575128273323
0.57885964772
0.58322348771
0.586868195291
0.589061884502
0.590141787167
0.592538164914
0.595569095167
0.597690696396
0.598079630681
0.599059302767
0.601018617823
0.605863561911
0.608515085551
0.611964364629
0.611398070268
0.612361365749
0.612644023227
0.612887230224
0.611434782565
0.609936774588
0.610325528469
0.611101871754
0.610521037228
0.610542161408
0.610643334964
0.610696819009
0.610138575261
0.609145919741
0.608093069484
0.605604100442
0.604077872747
0.603295959731
0.601330608987
0.600755560187
0.598987313718
0.598286163258
0.595373705197
0.59437117282
0.593110802861
0.593286327262
0.591697784477
0.591869983602
0.590915444704
0.589822747116
0.587730272253
0.5863273798
0.584152126177
0.582093002399
0.581124866316
0.58069392793
0.578088767338
0.57410666724
0.569642688608
0.568516306521
0.56643252581
0.563512204937
0.561534473645
0.559507250808
0.558780008229
0.554595540052
0.552323331497
0.550905767901
0.549897920206
0.545793740057
0.542500470744
0.539052116799
0.537219314798
0.532288902828
0.528686285885
0.524289161823
0.521177806087
0.516186582155
0.511914153154
0.507101678239
0.502859716178
0.498144964278
0.494120210805
0.491171261051
0.487452946411
0.484187747889
0.479718332366
0.476861129145
0.472477635324
0.469125070555
0.463518160746
0.458524700198
0.452505208998
0.447309614328
0.442560259909
0.43713157694
0.432395918719
0.428131267517
0.423135706462
0.418066892467
0.412425572069
0.408605794147
0.403839521922
0.398949025065
0.393615983001
0.389136571627
0.384673730269
0.379643873598
0.374963107281
0.37022426674
0.365953338074
0.360745700227
0.355581576928
0.35027851265
0.345702005375
0.34047536301
0.335185041903
0.329481673129
0.324275403479
0.319785864468
0.315910303517
0.31195929197
0.307570762389
0.303580241911
0.300239631868
0.296946776623
0.293332190896
0.289129188483
0.285191120277
0.281307042581
0.277395321687
0.273077771826
0.268625890313
0.265242455337
0.261466608734
0.257634393677
0.252984257471
0.249507947532
0.245641847882
0.24202150208
0.239066115938
0.236225437759
0.233014838882
0.230826405869
0.228829187043
0.228098287792
0.225291834473
0.22323585038
0.221025626306
0.219618391503
0.218597056547
0.217291239711
0.215828236704
0.212787311606
0.210868189516
0.208495077135
0.206158413625
0.203208063389
0.200521854976
0.199401663574
0.197174190991
0.195584412354
0.19319373132
0.19285830685
0.190874768832
0.190630637669
0.188886700932
0.189107840269
0.1878994124
0.188065047386
0.188088420798
0.188499145232
0.188061013432
0.187781601032
0.186793593674
0.186675903829
0.18580143678
0.184987708194
0.183445810137
0.182090222028
0.180943155937
0.180076218251
0.178770063919
0.177461098045
0.175163393686
0.173664854497
0.173106684224
0.173090778767
0.172504849556
0.171523873364
0.170356371211
0.169522023026
0.168925229259
0.168173759203
0.167551152281
0.166498945833
0.16621675615
0.165037555286
0.165437365578
0.164078628445
0.163989703236
0.161804871987
0.161352462463
0.160296798005
0.159767273486
0.159079339953
0.158970896124
0.157760417253
0.156968138439
0.155738424778
0.15581446541
0.155485122813
0.155976076532
0.155477422345
0.156242921062
0.15579725054
0.156926243071
0.156831163566
0.156587611552
0.156126359073
0.155571793569
0.156816778943
0.158287714166
0.160291736393
0.161157750987
0.161540629994
0.160966028536
0.161577596787
0.162292740349
0.165227373514
0.1667600138
0.168021172322
0.168339690344
0.169940757189
0.172678580529
0.176352942757
0.179989941611
0.182487270812
0.184551585532
0.185775312359
0.188374046664
0.190849881161
0.194408251718
0.197084992452
0.19914633772
0.200295572588
0.201112394767
0.202090840472
0.203821987819
0.206383756775
0.20790979279
0.207840219238
0.205643396298
0.20435834843
0.204160616462
0.204692822256
0.204521639727
0.202530360835
0.199066131934
0.195289682394
0.192269878124
0.191528873097
0.18966119859
0.187532084472
0.183298877021
0.180033584373
0.17545629938
0.172113757119
0.169905189413
0.168525331674
0.167169824218
0.164421572676
0.161490341683
0.157519382072
0.154037081409
0.151701859485
0.151536453077
0.15160968834
0.150269445277
0.14788744035
0.144001024929
0.141586634376
0.139509416728
0.13986759789
0.140828980246
0.140338890469
0.139040784125
0.136230585016
0.135137271935
0.133851261469
0.133918550852
0.134852982758
0.135253054432
0.135768322264
0.134133658906
0.133232229404
0.132310955681
0.132459480638
0.13323661202
0.134853692417
0.136296982457
0.136367367327
0.135469243217
0.133767886481
0.132618475115
0.13187727649
0.132360920208
0.134375597578
0.135043630606
0.13550989706
0.134015006057
0.132780540762
0.131550174749
0.130926809492
0.131764445403
0.13287703965
0.133601235416
0.133737356808
0.131641087229
0.130500647449
0.129007143761
0.129300017845
0.128943716503
0.129366281152
0.130169787546
0.131427251501
0.131112159341
0.130195987181
0.129281873333
0.128638362876
0.129136708707
0.129231042893
0.130346821039
0.130665973387
0.130736895189
0.13041376156
0.130359160585
0.129760110663
0.13015769883
0.130797687044
0.1325886627
0.133814822843
0.134466765294
0.134729414417
0.134079131684
0.132217369955
0.13107133247
0.130464850344
0.131143852495
0.131884790373
0.132815405152
0.133463444898
0.133918137508
0.133723632869
0.133042642898
0.131129366204
0.130234795148
0.129846937888
0.131113729941
0.131348874933
0.132231206673
0.133021687685
0.133206717784
0.132946752024
0.131688381058
0.13114377893
0.130606502412
0.130886315942
0.131796527803
0.132922035879
0.133639115447
0.134151892688
0.133915670054
0.133547698463
0.132583732544
0.132984574795
0.132642604635
0.133837329161
0.134150491941
0.135738408932
0.137301669
0.137877050599
0.138552860117
0.137299213021
0.137335259816
0.13665756497
0.137671114295
0.138283871214
0.139290056369
0.139198687289
0.140672117069
0.14090959827
0.141475157131
0.139490029702
0.138110008667
0.136066899402
0.135811434967
0.135470993176
0.135508049322
0.136151826458
0.13733252116
0.138909465288
0.138545976378
0.138509985444
0.138561103021
0.138443162625
0.137923141822
0.137760770778
0.139613893805
0.141897997135
0.143910917818
0.145916421957
0.148002525671
0.149534130718
0.149965598223
0.149067119299
0.148358664044
0.147681219018
0.14803110477
0.147281846497
0.148083149163
0.148813782916
0.150582560627
0.15115415661
0.150545016401
0.150048773199
0.148510958282
0.147560003614
0.145572601745
0.143959348149
0.14323383941
0.143588959216
0.144495020516
0.145643113225
0.147221578957
0.148732642808
0.149435292788
0.149245880518
0.148098352448
0.147464819597
0.146424568945
0.146060381425
0.145816800641
0.14626531502
0.147389840098
0.147482271347
0.148835431891
0.15024544268
0.151300267555
0.151537954415
0.149944425695
0.149478550721
0.148949876748
0.150690008342
0.151863525841
0.153416327046
0.154713380702
0.156798647491
0.157605029311
0.157343775516
0.156996818382
0.156937460767
0.157430469526
0.156533912639
0.156378178502
0.155521201835
0.155460319594
0.15479688385
0.154546182012
0.155206745538
0.155901390333
0.156662385709
0.155812274686
0.154413820389
0.152919673909
0.151916055185
0.150826575042
0.150741470976
0.151162269197
0.152240632936
0.15197417365
0.151961096105
0.152379221377
0.152602094953
0.153161503296
0.153006250466
0.153644596224
0.15250589227
0.151817343926
0.150938408898
0.150992259558
0.151365119451
0.150710049339
0.150484569789
0.150279865213
0.150558960076
0.150831405885
0.15124024171
0.150966333923
0.151602739016
0.150592028709
0.150281686669
0.148839600664
0.148550113984
0.148167587905
0.147371386922
0.145976516838
0.144566478247
0.142343970003
0.140043365597
0.138224346697
0.13670371194
0.13596884906
0.134666105958
0.133305112665
0.131425800866
0.129145657385
0.128270871761
0.126977813834
0.126215499054
0.125594197057
0.124049633308
0.123321443341
0.121135526139
0.121104240494
END
