380.3
381.1
381.9
382.7
383.5
384.4
385.2
386.0
386.8
387.6
388.4
389.2
390.1
390.9
391.7
392.5
393.3
394.1
394.9
395.8
396.6
397.4
398.2
399.0
399.8
400.6
401.5
402.3
403.1
403.9
404.7
405.5
406.3
407.2
408.0
408.8
409.6
410.4
411.2
412.0
412.8
413.7
414.5
415.3
416.1
416.9
417.7
418.5
419.4
420.2
421.0
421.8
422.6
423.4
424.2
425.1
425.9
426.7
427.5
428.3
429.1
429.9
430.8
431.6
432.4
433.2
434.0
434.8
435.6
436.4
437.3
438.1
438.9
439.7
440.5
441.3
442.1
443.0
443.8
444.6
445.4
446.2
447.0
447.8
448.7
449.5
450.3
451.1
451.9
452.7
453.5
454.4
455.2
456.0
456.8
457.6
458.4
459.2
460.0
460.9
461.7
462.5
463.3
464.1
464.9
465.7
466.6
467.4
468.2
469.0
469.8
470.6
471.4
472.3
473.1
473.9
474.7
475.5
476.3
477.1
478.0
478.8
479.6
480.4
481.2
482.0
482.8
483.6
484.5
485.3
486.1
486.9
487.7
488.5
489.3
490.2
491.0
491.8
492.6
493.4
494.2
495.0
495.9
496.7
497.5
498.3
499.1
499.9
500.7
501.6
502.4
503.2
504.0
504.8
505.6
506.4
507.2
508.1
508.9
509.7
510.5
511.3
512.1
512.9
513.7
514.5
515.3
516.1
516.8
517.6
518.4
519.2
520.0
520.8
521.5
522.3
523.1
523.9
524.7
525.5
526.2
527.0
527.8
528.6
529.4
530.2
530.9
531.7
532.5
533.3
534.1
534.9
535.6
536.4
537.2
538.0
538.8
539.6
540.3
541.1
541.9
542.7
543.5
544.3
545.0
545.8
546.6
547.4
548.2
549.0
549.7
550.5
551.3
552.1
552.9
553.7
554.4
555.2
556.0
556.8
557.6
558.4
559.1
559.9
560.7
561.5
562.3
563.1
563.8
564.6
565.4
566.2
567.0
567.8
568.5
569.3
570.1
570.9
571.7
572.5
573.2
574.0
574.8
575.6
576.4
577.2
577.9
578.7
579.5
580.3
581.1
581.9
582.6
583.4
584.2
585.0
585.8
586.6
587.3
588.1
588.9
589.6
590.3
591.1
591.8
592.6
593.3
594.0
594.8
595.5
596.3
597.0
597.7
598.5
599.2
600.0
600.7
601.5
602.2
602.9
603.7
604.4
605.2
605.9
606.6
607.4
608.1
608.9
609.6
610.3
611.1
611.8
612.6
613.3
614.0
614.8
615.5
616.3
617.0
617.7
618.5
619.2
620.0
620.7
621.4
622.2
622.9
623.7
624.4
625.2
625.9
626.6
627.4
628.1
628.9
629.6
630.3
631.1
631.8
632.6
633.3
634.0
634.8
635.5
636.3
637.0
637.7
638.5
639.2
640.0
640.7
641.4
642.2
642.9
643.7
644.4
645.1
645.9
646.6
647.4
648.1
648.8
649.6
650.3
651.1
651.8
652.6
653.3
654.0
654.8
655.5
656.3
657.0
657.7
658.5
659.2
660.0
660.7
661.4
662.2
662.9
663.7
664.4
665.1
665.9
666.6
667.4
668.1
668.9
669.6
670.4
671.2
671.9
672.7
673.4
674.2
674.9
675.7
676.5
677.2
678.0
678.7
679.5
680.2
681.0
681.8
682.5
683.3
684.0
684.8
685.5
686.3
687.1
687.8
688.6
689.3
690.1
690.8
691.6
692.4
693.1
693.9
694.6
695.4
696.1
696.9
697.7
698.4
699.2
699.9
700.7
701.4
702.2
703.0
703.7
704.5
705.2
706.0
706.8
707.6
708.4
709.2
710.0
710.8
711.6
712.4
713.2
714.0
714.8
715.6
716.4
717.2
718.0
718.8
719.6
720.4
721.2
722.0
722.8
723.6
724.4
725.2
726.0
726.8
727.6
728.4
729.2
730.0
730.8
731.6
732.4
733.2
734.0
734.8
735.6
736.4
737.2
738.0
738.8
739.6
740.4
741.2
742.0
742.8
743.6
744.4
745.2
746.0
746.8
747.6
748.4
749.2
750.0
750.8
751.6
752.4
753.2
754.0
754.8
755.6
756.4
757.2
758.0
758.8
759.6
760.4
761.2
762.0
762.8
763.6
764.4
765.2
766.0
766.8
767.6
768.4
769.2
770.0
770.8
771.6
772.4
773.2
774.1
774.9
775.7
776.5
777.3
778.1
778.9
779.7
780.5
781.3
782.1
782.9
783.7
784.5
785.3
786.1
786.9
787.7
788.5
789.3
790.1
790.9
791.7
792.5
793.3
794.1
794.9
795.7
796.5
797.3
798.1
798.9
799.7
800.5
801.3
802.1
802.9
803.7
804.5
805.3
806.1
806.9
807.7
808.5
809.3
810.1
810.9
811.7
812.5
813.3
814.1
814.9
815.7
816.5
817.3
818.1
818.9
819.7
820.5
821.3
822.1
822.9
823.7
824.5
825.3
826.1
826.9
827.7
828.5
829.3
830.1
830.9
831.7
832.6
833.4
834.3
835.1
835.9
836.8
837.6
838.5
839.3
840.2
841.0
841.9
842.7
843.5
844.4
845.2
846.1
846.9
847.8
848.6
849.4
850.3
851.1
852.0
852.8
853.7
854.5
855.3
856.2
857.0
857.9
858.7
859.6
860.4
861.3
862.1
862.9
863.8
864.6
865.5
866.3
867.2
868.0
868.8
869.7
870.5
871.4
872.2
873.1
873.9
874.8
875.6
876.4
877.3
878.1
879.0
879.8
880.7
881.5
882.3
883.2
884.0
884.9
885.7
886.6
887.4
888.2
889.1
889.9
890.8
891.6
892.5
893.3
894.2
895.0
895.8
896.7
897.5
898.4
899.2
NEXT_SERIES
0.381580625961
0.382888346663
0.38418456199
0.384717770053
0.38682680768
0.392148536803
0.399871197546
0.410662988255
0.423340651848
0.436343146098
0.449720554402
0.460957254255
0.474784869265
0.489530235119
0.503336378989
0.51843820784
0.530919679184
0.543796074075
0.551726370425
0.557808504358
0.560790668132
0.560615076382
0.557758073566
0.552585981022
0.546356504378
0.53909522396
0.532378347778
0.52467406213
0.516724739949
0.509405042523
0.503871380949
0.499735935604
0.494961621053
0.490617425584
0.487592050413
0.486572796856
0.485581969365
0.485741110384
0.48447558499
0.484225330383
0.48263560385
0.482277447948
0.482946915011
0.483975752618
0.485963100103
0.486351831822
0.48675449348
0.487130575694
0.488078138831
0.48810174197
0.486894050315
0.486438828877
0.485413327034
0.485011758888
0.483803542026
0.482859610258
0.482238534991
0.481603961193
0.481676371156
0.481029719481
0.480574607376
0.479346907354
0.477575856336
0.47614541341
0.475594193858
0.475214800615
0.474329958203
0.473067079207
0.47196547445
0.470554632096
0.469396301245
0.468057209262
0.466614000114
0.46522907093
0.463352732618
0.462241778212
0.460714722396
0.459880905616
0.459130746959
0.457657432654
0.45720483172
0.456466105574
0.455624366987
0.453731749783
0.452372262787
0.451469380738
0.451109978145
0.449898254505
0.449366040681
0.448318559702
0.446988048926
0.446244626464
0.445935791182
0.444961009507
0.444893834409
0.445580472554
0.446473266012
0.446067847815
0.44474955061
0.444293798115
0.443936226036
0.444192691495
0.445336641037
0.446703932801
0.447690177183
0.448744652309
0.449676829675
0.4508750277
0.450903644377
0.451678045611
0.452550472652
0.453148159237
0.453461609695
0.454807791111
0.457764676204
0.461267276956
0.462501306326
0.462075725448
0.463223177621
0.465745452811
0.468226955109
0.469577736215
0.470655550659
0.473855230646
0.475801363694
0.479207403777
0.481268338613
0.484095018785
0.486574062437
0.489453044931
0.491921201441
0.493432455069
0.49603495966
0.497907616054
0.50038822992
0.50219147187
0.505335632028
0.508198619758
0.511008540487
0.513495077831
0.516606609676
0.519480229963
0.522663428599
0.524520059486
0.526948788743
0.528274922041
0.530469778155
0.53235722518
0.535050888546
0.536953075235
0.537275038385
0.538649619956
0.539403868798
0.540516902087
0.54092497466
0.54181328996
0.542314634756
0.541379191102
0.539873960692
0.540631072418
0.541880822044
0.542456957404
0.542426859432
0.542234312222
0.543966841026
0.543963521471
0.54330560524
0.541761656332
0.540299312416
0.538958964328
0.538584351356
0.538442214565
0.537886923114
0.537158452579
0.53593673668
0.535263832339
0.533371387382
0.533002156564
0.532776789537
0.53300158168
0.532886037169
0.53169671699
0.530508329665
0.528760546002
0.527778624316
0.525626179582
0.522564422169
0.518878558965
0.516757793761
0.5146833745
0.51402816427
0.511419454603
0.510789547054
0.508737465608
0.507525267033
0.50520417763
0.50256403802
0.50106097326
0.497351419087
0.495378569738
0.492093153757
0.490981928465
0.488166559784
0.485192908628
0.481358569747
0.478166622753
0.473875986235
0.469059528446
0.464749362461
0.461750217742
0.458941287537
0.454699724193
0.44985541417
0.446199523262
0.443757876914
0.440967187999
0.437096942661
0.431910820766
0.427187637409
0.423470220242
0.419493885727
0.415531074131
0.410560716348
0.405847873588
0.400735652884
0.394934203403
0.389507913706
0.383894661164
0.379714344526
0.375285415311
0.371655218463
0.366843259855
0.362682689376
0.357220290502
0.35317251925
0.347984002351
0.343994583419
0.339228088421
0.334857502174
0.330517522565
0.326284843309
0.320749652025
0.315376603864
0.309483881315
0.305401613129
0.300712558202
0.296233419616
0.291401585649
0.28697735442
0.282041984893
0.277893907873
0.273202853287
0.269376684934
0.265052589463
0.26186271562
0.258210784538
0.254688992695
0.250489514117
0.247015202451
0.243066272784
0.239021070052
0.234943059443
0.230955456181
0.227892680463
0.223572014204
0.220045483681
0.216232234469
0.212821583304
0.209007719023
0.205462378144
0.202706342847
0.200124946448
0.197130085918
0.194937236518
0.192877133741
0.191843006752
0.189270028808
0.187450934231
0.184500502618
0.183419957233
0.182127723264
0.181175835558
0.178723807012
0.176178697232
0.17415215223
0.172220339638
0.169570011484
0.167058460176
0.165015048237
0.163679960848
0.161737645587
0.160059367953
0.157750589032
0.156521712593
0.155468547138
0.155035506263
0.153829567244
0.153087462246
0.152078001078
0.152061639066
0.151689490023
0.151695056789
0.150930730961
0.150819443396
0.150336817726
0.150372756718
0.149429743791
0.148243085252
0.146652714411
0.145257276442
0.144331025869
0.14379185631
0.142613876327
0.141149434932
0.139037774655
0.137608402761
0.136564358435
0.13609891607
0.13542388004
0.135401359466
0.134608422874
0.1341146555
0.133503708322
0.132610693268
0.132553930744
0.131200051525
0.131075672009
0.129821819503
0.130218049134
0.129368596516
0.129274426194
0.127491210873
0.126733004671
0.125424105343
0.125749075442
0.124747661657
0.124940106366
0.122663835309
0.12297833498
0.121452013947
0.122517519541
0.12187537483
0.12256530999
0.121730095354
0.121787196319
0.12112414463
0.121672680065
0.121641815629
0.121310280217
0.121021726149
0.120443280257
0.120960357683
0.121603886702
0.123276669525
0.124449311915
0.124910062195
0.124139274996
0.124153382771
0.124929899334
0.127157863988
0.12821491603
0.129252958426
0.129137473012
0.130291013661
0.132028121279
0.135013993441
0.137381829265
0.138600548905
0.139503731039
0.141177594081
0.143682598186
0.146013994801
0.148562431707
0.150357011086
0.151467275984
0.151560080123
0.151658026096
0.152551224711
0.154088555528
0.15640051124
0.157784955928
0.157200520723
0.155211058903
0.15378442024
0.153708342055
0.154355886231
0.154554560572
0.153190090517
0.15077339625
0.148005506967
0.146235761398
0.14570348534
0.144466972173
0.142996570745
0.139866328184
0.136832349855
0.133418039892
0.130960458239
0.12998419508
0.129076458918
0.128135331644
0.125769558338
0.123609423588
0.120319495652
0.118041853196
0.116612614315
0.116860475171
0.11727048621
0.116145799265
0.114012235676
0.110745406555
0.108372067295
0.107299224905
0.107493119935
0.108526925692
0.108469608791
0.107220076938
0.104608164891
0.103595815994
0.103073216539
0.103459949472
0.104168753584
0.104717615185
0.105584540055
0.10474978093
0.104397899498
0.103730385837
0.10346916651
0.104273074396
0.105677549514
0.106887292062
0.10653432157
0.106279213324
0.105525491315
0.104744723985
0.103587421289
0.103408298334
0.10441087667
0.105291566557
0.105858901108
0.105334610383
0.10430814724
0.1035237666
0.103024764976
0.103463134983
0.104191846923
0.104861335254
0.1053043789
0.104274974439
0.102943505677
0.101768039135
0.101393566596
0.101545421912
0.101885834702
0.102385750457
0.103426201604
0.103501385785
0.102811257202
0.102292257735
0.101313121645
0.101933979353
0.101777053127
0.102875221795
0.103342916466
0.103922229267
0.103366971867
0.102621866052
0.101858247794
0.102743310082
0.104022196648
0.105436409628
0.105846904256
0.10647702492
0.106245452905
0.10633979898
0.105114540515
0.104877280308
0.104386213998
0.104732637647
0.105547212226
0.106472260872
0.107036796742
0.107048798264
0.106474721739
0.10602385732
0.104579410583
0.103959162467
0.103556665794
0.104495992951
0.105035844899
0.106048861402
0.106852680396
0.1066720389
0.106461784134
0.10545356917
0.105335037854
0.105033537048
0.104852314323
0.105679664716
0.106245196568
0.107515502793
0.107675417272
0.10784132403
0.107465097187
0.106798180353
0.107224427998
0.106569847312
0.10744247925
0.107774276408
0.109190575598
0.110733336297
0.111056454644
0.112195356223
0.111558282447
0.111341635777
0.110861709578
0.111079955447
0.111549006279
0.112173808774
0.11242865606
0.113262775281
0.113472339195
0.113945673177
0.112941992478
0.112053683676
0.110408228929
0.110372585523
0.110238390973
0.110624510253
0.110505732453
0.110866566697
0.111860736982
0.111522731022
0.111879641295
0.111228139683
0.111858233161
0.111638846937
0.112833056857
0.114321124673
0.116228034333
0.11757245258
0.118998617239
0.120424104364
0.121534760989
0.121806583589
0.120774281724
0.120276171733
0.119617439383
0.12047468543
0.120232281327
0.120965334435
0.121720970067
0.123061151288
0.123395809754
0.123178808737
0.122353782906
0.12182417187
0.119351400812
0.117623332182
0.116034649622
0.116339425782
0.116561641252
0.116638108471
0.117797992805
0.1192026775
0.121258768672
0.121937873535
0.121446844061
0.120171370997
0.119329477243
0.119030451537
0.119042233324
0.119182165661
0.119862407188
0.120683147153
0.120615705191
0.121931365474
0.122914203204
0.124236634877
0.123844980094
0.123637233003
0.122911064183
0.122507859385
0.123261126991
0.124275204261
0.125754166429
0.126415050238
0.127892667529
0.129630137599
0.130526772101
0.130504494338
0.129575447545
0.128855438039
0.127399910952
0.12633549671
0.125757846604
0.126836638992
0.126680103603
0.126223975701
0.126086087719
0.127113604411
0.127947955121
0.127630757543
0.126994558428
0.125117459934
0.12474881643
0.12385413852
0.124613681024
0.123966259406
0.124057218354
0.123968702878
0.124015041299
0.124359225322
0.124772964994
0.12524694302
0.125213077634
0.124830223885
0.123733702073
0.123331051908
0.122939253842
0.122890431054
0.122952987367
0.123140556414
0.123364023516
0.122908370885
0.122638131576
0.122589097543
0.123197386648
0.122665112451
0.123377440012
0.123207275815
0.123622221174
0.122413972429
0.121264942967
0.120045902956
0.118754962504
0.118130037964
0.117910383706
0.116660985111
0.114602177036
0.111662195162
0.110605967948
0.109655719458
0.109001842548
0.107666811297
0.105970806752
0.105285336381
0.104354016072
0.104339056192
0.102916624423
0.101922270825
0.0991973188915
0.0991256520106
0.0984866745401
0.0983450081259
END
