380.3
381.1
381.9
382.7
383.5
384.4
385.2
386.0
386.8
387.6
388.4
389.2
390.1
390.9
391.7
392.5
393.3
394.1
394.9
395.8
396.6
397.4
398.2
399.0
399.8
400.6
401.5
402.3
403.1
403.9
404.7
405.5
406.3
407.2
408.0
408.8
409.6
410.4
411.2
412.0
412.8
413.7
414.5
415.3
416.1
416.9
417.7
418.5
419.4
420.2
421.0
421.8
422.6
423.4
424.2
425.1
425.9
426.7
427.5
428.3
429.1
429.9
430.8
431.6
432.4
433.2
434.0
434.8
435.6
436.4
437.3
438.1
438.9
439.7
440.5
441.3
442.1
443.0
443.8
444.6
445.4
446.2
447.0
447.8
448.7
449.5
450.3
451.1
451.9
452.7
453.5
454.4
455.2
456.0
456.8
457.6
458.4
459.2
460.0
460.9
461.7
462.5
463.3
464.1
464.9
465.7
466.6
467.4
468.2
469.0
469.8
470.6
471.4
472.3
473.1
473.9
474.7
475.5
476.3
477.1
478.0
478.8
479.6
480.4
481.2
482.0
482.8
483.6
484.5
485.3
486.1
486.9
487.7
488.5
489.3
490.2
491.0
491.8
492.6
493.4
494.2
495.0
495.9
496.7
497.5
498.3
499.1
499.9
500.7
501.6
502.4
503.2
504.0
504.8
505.6
506.4
507.2
508.1
508.9
509.7
510.5
511.3
512.1
512.9
513.7
514.5
515.3
516.1
516.8
517.6
518.4
519.2
520.0
520.8
521.5
522.3
523.1
523.9
524.7
525.5
526.2
527.0
527.8
528.6
529.4
530.2
530.9
531.7
532.5
533.3
534.1
534.9
535.6
536.4
537.2
538.0
538.8
539.6
540.3
541.1
541.9
542.7
543.5
544.3
545.0
545.8
546.6
547.4
548.2
549.0
549.7
550.5
551.3
552.1
552.9
553.7
554.4
555.2
556.0
556.8
557.6
558.4
559.1
559.9
560.7
561.5
562.3
563.1
563.8
564.6
565.4
566.2
567.0
567.8
568.5
569.3
570.1
570.9
571.7
572.5
573.2
574.0
574.8
575.6
576.4
577.2
577.9
578.7
579.5
580.3
581.1
581.9
582.6
583.4
584.2
585.0
585.8
586.6
587.3
588.1
588.9
589.6
590.3
591.1
591.8
592.6
593.3
594.0
594.8
595.5
596.3
597.0
597.7
598.5
599.2
600.0
600.7
601.5
602.2
602.9
603.7
604.4
605.2
605.9
606.6
607.4
608.1
608.9
609.6
610.3
611.1
611.8
612.6
613.3
614.0
614.8
615.5
616.3
617.0
617.7
618.5
619.2
620.0
620.7
621.4
622.2
622.9
623.7
624.4
625.2
625.9
626.6
627.4
628.1
628.9
629.6
630.3
631.1
631.8
632.6
633.3
634.0
634.8
635.5
636.3
637.0
637.7
638.5
639.2
640.0
640.7
641.4
642.2
642.9
643.7
644.4
645.1
645.9
646.6
647.4
648.1
648.8
649.6
650.3
651.1
651.8
652.6
653.3
654.0
654.8
655.5
656.3
657.0
657.7
658.5
659.2
660.0
660.7
661.4
662.2
662.9
663.7
664.4
665.1
665.9
666.6
667.4
668.1
668.9
669.6
670.4
671.2
671.9
672.7
673.4
674.2
674.9
675.7
676.5
677.2
678.0
678.7
679.5
680.2
681.0
681.8
682.5
683.3
684.0
684.8
685.5
686.3
687.1
687.8
688.6
689.3
690.1
690.8
691.6
692.4
693.1
693.9
694.6
695.4
696.1
696.9
697.7
698.4
699.2
699.9
700.7
701.4
702.2
703.0
703.7
704.5
705.2
706.0
706.8
707.6
708.4
709.2
710.0
710.8
711.6
712.4
713.2
714.0
714.8
715.6
716.4
717.2
718.0
718.8
719.6
720.4
721.2
722.0
722.8
723.6
724.4
725.2
726.0
726.8
727.6
728.4
729.2
730.0
730.8
731.6
732.4
733.2
734.0
734.8
735.6
736.4
737.2
738.0
738.8
739.6
740.4
741.2
742.0
742.8
743.6
744.4
745.2
746.0
746.8
747.6
748.4
749.2
750.0
750.8
751.6
752.4
753.2
754.0
754.8
755.6
756.4
757.2
758.0
758.8
759.6
760.4
761.2
762.0
762.8
763.6
764.4
765.2
766.0
766.8
767.6
768.4
769.2
770.0
770.8
771.6
772.4
773.2
774.1
774.9
775.7
776.5
777.3
778.1
778.9
779.7
780.5
781.3
782.1
782.9
783.7
784.5
785.3
786.1
786.9
787.7
788.5
789.3
790.1
790.9
791.7
792.5
793.3
794.1
794.9
795.7
796.5
797.3
798.1
798.9
799.7
800.5
801.3
802.1
802.9
803.7
804.5
805.3
806.1
806.9
807.7
808.5
809.3
810.1
810.9
811.7
812.5
813.3
814.1
814.9
815.7
816.5
817.3
818.1
818.9
819.7
820.5
821.3
822.1
822.9
823.7
824.5
825.3
826.1
826.9
827.7
828.5
829.3
830.1
830.9
831.7
832.6
833.4
834.3
835.1
835.9
836.8
837.6
838.5
839.3
840.2
841.0
841.9
842.7
843.5
844.4
845.2
846.1
846.9
847.8
848.6
849.4
850.3
851.1
852.0
852.8
853.7
854.5
855.3
856.2
857.0
857.9
858.7
859.6
860.4
861.3
862.1
862.9
863.8
864.6
865.5
866.3
867.2
868.0
868.8
869.7
870.5
871.4
872.2
873.1
873.9
874.8
875.6
876.4
877.3
878.1
879.0
879.8
880.7
881.5
882.3
883.2
884.0
884.9
885.7
886.6
887.4
888.2
889.1
889.9
890.8
891.6
892.5
893.3
894.2
895.0
895.8
896.7
897.5
898.4
899.2
NEXT_SERIES
0.330206673662
0.332012976047
0.332310117047
0.333603238827
0.333749357077
0.336395570448
0.341874044931
0.350009934481
0.359726433791
0.370451871341
0.381371566119
0.390555143888
0.402841043125
0.414260377398
0.427166110253
0.438612779228
0.450818380063
0.461207003238
0.469089347262
0.471968316183
0.473744831607
0.471742638887
0.468934444959
0.464250860371
0.459654922592
0.454078270143
0.448900831262
0.442617412664
0.436769161062
0.430448358959
0.425371091269
0.421667077835
0.418719468015
0.416777108884
0.414403778734
0.412034718427
0.409962317162
0.409525504125
0.408998603151
0.407858499837
0.406594806861
0.407118615058
0.407742983859
0.407015970139
0.406575896976
0.406850316819
0.407709893503
0.406915074446
0.406006291421
0.405842760686
0.40551756028
0.404586563229
0.403214193193
0.402104413285
0.402159341968
0.40149386632
0.401089901495
0.399642949258
0.398851402714
0.397866674866
0.39690656448
0.395971493225
0.394204087783
0.393479784408
0.392118574612
0.39252764693
0.392097730049
0.391529189968
0.390285530169
0.388616540889
0.388523530086
0.387606941344
0.387456807763
0.385963738459
0.384438591412
0.382809472531
0.382076493747
0.382116378477
0.382333596872
0.381419793985
0.380741211184
0.37964816228
0.378849012807
0.377801737669
0.377410809665
0.377576991121
0.37742731108
0.377340326042
0.377168288458
0.377879957147
0.377565307105
0.37898027045
0.379465094663
0.380689668698
0.37971141883
0.380451032023
0.380426782372
0.380349639363
0.380109043756
0.381253196763
0.382434027457
0.382225325894
0.382339896184
0.383917165243
0.386280616371
0.3877497748
0.388757720102
0.390225297228
0.390893161095
0.393198189745
0.394115865277
0.396168657826
0.396401109285
0.398244215347
0.39972855161
0.402380179103
0.402803225008
0.405045279534
0.407601161463
0.411028497403
0.412720367665
0.413904606475
0.416516809611
0.419353067944
0.421554571433
0.422786533546
0.42500904136
0.427864462792
0.430875401226
0.434124850413
0.437132739055
0.439462172597
0.441099099788
0.44287865591
0.445675160234
0.448571800595
0.451562131301
0.453666559318
0.455590253634
0.457746654572
0.460845143395
0.463918495477
0.466081242943
0.468291471148
0.47033927452
0.472898071873
0.475424679857
0.47816566516
0.479823490343
0.482288409432
0.483531522428
0.485579106791
0.486437886623
0.487049822825
0.487322754096
0.48870140445
0.490741905921
0.492680137744
0.492427972138
0.493491235231
0.495164025018
0.496653837721
0.497417501543
0.498228973897
0.498833541999
0.498813256938
0.499930801523
0.500510868964
0.500390799675
0.499017953861
0.498714139254
0.499203551751
0.499051891205
0.499601608454
0.499871212508
0.499455982706
0.498233299735
0.49822703762
0.498686065995
0.498958128436
0.498242122753
0.497014793646
0.495974551257
0.494321875052
0.493768902803
0.492559537336
0.49070481417
0.488230280891
0.486277612684
0.483781041298
0.481508266287
0.479355053629
0.479172824378
0.477476851209
0.475696646051
0.472605709905
0.470103747931
0.468863702376
0.466614660958
0.463858598125
0.459639063049
0.457447563948
0.455083650709
0.452647626951
0.448690202968
0.445289863752
0.441780751225
0.437872361233
0.434131254548
0.429848247898
0.426040173278
0.421736523672
0.417834072471
0.414341405221
0.410685243394
0.407490591539
0.403193123788
0.399716049096
0.394786951129
0.390863974314
0.386144674741
0.382009509838
0.3774961616
0.373128415334
0.368200985625
0.36219084749
0.356183337659
0.351191318707
0.346420179902
0.341824967982
0.336326529997
0.332305710336
0.327903381498
0.323832164676
0.318587814906
0.313932591369
0.308795947209
0.30342144108
0.298033817089
0.293193974799
0.288553412904
0.282987049051
0.278020997645
0.27281752896
0.268636151988
0.263050147429
0.258266585472
0.252834054751
0.24830982677
0.242800530994
0.238107840281
0.233220178444
0.229813599623
0.225351795222
0.22134776582
0.217442762605
0.213543244601
0.209312598131
0.205043452649
0.200632212009
0.196748795177
0.192688896229
0.188905675359
0.185411646178
0.181407973644
0.177580257601
0.173976627633
0.170520934672
0.167746008062
0.164142954624
0.161504309953
0.158072020196
0.154757468776
0.152369067577
0.150577078997
0.149571865873
0.146718047145
0.144187355738
0.141622275626
0.139778094875
0.138173026919
0.13653854244
0.133760098224
0.130995142371
0.128837576786
0.127597998473
0.125283236534
0.122850974243
0.120783351216
0.119646525951
0.117636698733
0.116093892084
0.114322796783
0.113261600717
0.11139372546
0.110267219055
0.109219045141
0.108795556425
0.1079803146
0.107545328835
0.106739460876
0.106123039513
0.104959677696
0.104429572501
0.103653005538
0.103490561184
0.102509790931
0.101156961741
0.0993262501234
0.0978673204804
0.0972249312191
0.0967821252511
0.0960376047264
0.0951026387278
0.0937100479483
0.0926247762739
0.0917662518645
0.0913203912717
0.0908436102874
0.0898060605711
0.08894190923
0.0878955095863
0.0880060529594
0.0873534507882
0.087137301595
0.0860036380113
0.0852915569459
0.0842913445659
0.0839252041818
0.0831518616825
0.0826091709424
0.0809066192138
0.0801998802602
0.0794853726773
0.0801518001786
0.0799796725224
0.0803983891609
0.0791302160184
0.078545264238
0.0770439233915
0.0775232910908
0.0773232354817
0.0777086179366
0.0766447172123
0.0763441429982
0.075740305396
0.0764218259773
0.0765983760477
0.0764531935225
0.0759185415402
0.0756439312672
0.076021834735
0.0765140082452
0.0767476302932
0.0772025319475
0.0773838002582
0.0773434484503
0.0777253723255
0.0778440867717
0.0791477230157
0.0793887394624
0.0799416755546
0.0797868419429
0.0805827113797
0.082026392537
0.0839644589744
0.0851912080825
0.085707984117
0.0863813676991
0.0874022688774
0.0892299448731
0.0906201959263
0.0923066153322
0.0935268982054
0.0941637561017
0.0941348911059
0.0941300692577
0.094562958899
0.0956941873523
0.0968217151521
0.0978792027759
0.0974337980645
0.09630359033
0.0956138895602
0.0958199572132
0.0961330458293
0.0959639835585
0.095092517443
0.0938947960765
0.0922664159174
0.090944085683
0.0906396670805
0.0894960023106
0.0885105408478
0.086275987775
0.0843954037272
0.082488420828
0.0804884759841
0.0799348581877
0.0790313359477
0.0786806085748
0.0777306799389
0.0761149714548
0.0738417936876
0.071638763579
0.0711429799148
0.0711514485732
0.0716730771704
0.0706001030206
0.069478775143
0.0671423098654
0.0656377841387
0.0649325020336
0.0655009669227
0.0665348284536
0.0661697736304
0.0648917656617
0.063082497984
0.0624000012617
0.0626464161646
0.0631178774499
0.0642148925864
0.0640514552817
0.0643059585138
0.0635609351877
0.0632030938476
0.0628203791823
0.0624446178047
0.063022676595
0.0640230088584
0.0651293105391
0.0654836511207
0.0650244235157
0.0639340908133
0.0630960412029
0.0628080131537
0.0636277916145
0.0647061327811
0.0652894955459
0.0653150618572
0.0648597151913
0.0637132686574
0.0634032449528
0.0627878643513
0.0639966273482
0.0649034235816
0.0654079182494
0.0652255567041
0.0639615630059
0.0631743529698
0.0626288372124
0.0626412636938
0.0630565861372
0.063115407487
0.0636091349587
0.0640036440879
0.0639652442996
0.063717053461
0.0633064779293
0.063121985732
0.0629927569754
0.0639517830562
0.0647842444243
0.0655813596525
0.0654418837135
0.0652840033976
0.065095017264
0.0646524948967
0.0650260456294
0.0655725413423
0.0670030551858
0.0679376284267
0.0685118561782
0.0685876594183
0.0682534907364
0.0675470559853
0.0672583811278
0.0669444377764
0.0676474268355
0.0678933807764
0.0688815806364
0.0688923095416
0.0692355328297
0.0688707048187
0.0687114262676
0.0676783167067
0.0673780207825
0.0672604894743
0.0680532685495
0.0682547626003
0.0688376008829
0.0694282919874
0.0693451686721
0.0694664343008
0.0687811187383
0.0690449119541
0.0690818844631
0.0696439639302
0.0706511011695
0.0708768136864
0.071339382233
0.0712848918286
0.0717439118178
0.0718277537464
0.0713452271778
0.0717580490665
0.0713148523274
0.072062682386
0.0722267523948
0.0738561727037
0.0747871503544
0.0753079024663
0.0754979666671
0.0752535958053
0.0750409112448
0.0745982836623
0.0756424024422
0.07645841432
0.0776564525647
0.0775186103433
0.0785419008419
0.0791630980446
0.0796514454997
0.0779762270195
0.0768904608808
0.0760684096342
0.0770749706305
0.0767896996475
0.0769033290181
0.0766571443499
0.0774200874153
0.0788994335121
0.078890315456
0.0790165423565
0.0782210894252
0.0788793857797
0.0790096232091
0.078987561489
0.0797015445737
0.0813850288769
0.0828489112319
0.0840349037543
0.0846805420978
0.0859459799138
0.0864803006074
0.0861558515939
0.085869873857
0.0856635608037
0.0859666172517
0.0854910559421
0.0859270120405
0.0866537254181
0.0877495284771
0.0881161257925
0.0882315873478
0.0875295652508
0.0871740682824
0.0855582029158
0.0847612640073
0.0836869254661
0.0839998132739
0.0841345859938
0.0842683334507
0.0849007813192
0.0863290854987
0.0878000058719
0.0884234379659
0.087952502273
0.0868016491162
0.0865173702367
0.0858608405689
0.0858921421185
0.0853865941237
0.0862844236129
0.0871291464171
0.0877310106073
0.088231698036
0.0891268250203
0.0892404897346
0.0895732756047
0.0884829135716
0.0890277446647
0.0888039228971
0.0902881963783
0.090573772036
0.0914887312198
0.0921701759923
0.0935314246945
0.094827701351
0.0952428413235
0.0957006831603
0.0947266003338
0.0946989511316
0.0931621627364
0.0933033161187
0.092506118455
0.0929655553663
0.0924278950375
0.0932380913731
0.0936990213623
0.0944431724625
0.0946943142662
0.0943124487251
0.0936154329256
0.0925099149914
0.0924648939284
0.0923804408915
0.0915656718168
0.090620864973
0.0905010937244
0.091025629034
0.0916784339135
0.0918606075127
0.0920331175996
0.092238507501
0.0926884297612
0.0930578316812
0.0929689218628
0.0925515311016
0.0915069169712
0.0907671250088
0.0908293748546
0.0902061655962
0.0903764497194
0.0897284960149
0.0905984390265
0.0903101214511
0.0910939985617
0.0909894541067
0.0917472366301
0.0908882598597
0.0906656852785
0.0895920887526
0.0887560784817
0.0872015622696
0.0866561197424
0.086010109769
0.085977229806
0.0844362230838
0.082977698911
0.0817572886334
0.0806964625544
0.0804435578454
0.0792339061895
0.0789317742147
0.0772646888447
0.0753698076737
0.0735589848438
0.0735860065918
0.0734918454889
0.0745774361015
0.0731694986685
0.0732583389434
0.0711259215352
0.070295412483
END
