10 50
0.1701092230389643 0.0004640376098951052
0.2502360412342238 0.0006622102248082708
0.18380852571875966 0.0006603562404051053
0.11234343885214518 0.0006076773039389048
0.09942119266207666 0.0006154705658494476
0.10172966839763034 0.0006142508127031077
0.10970061805841769 0.0005996540447219248
0.11558585983777739 0.000566385734462035
0.10520395628046544 0.0005279104632766597
0.08743264441319477 0.0004972576364765375
0.06452957874082721 0.0004583714719069008
0.04341854794091581 0.0004316440119889449
0.016595511312544567 0.00041341310038953285
-0.02563924893869907 0.00040768497829505977
-0.06140826442796106 0.0004129430875450933
-0.08309878544345056 0.00040675628169261496
-0.06214286813848025 0.0003758519412529167
-0.031616889630089566 0.0003541181901220071
-0.014874924695365983 0.0003378647221142196
-0.002771014941233098 0.0003171998989498127
0.005837639080237025 0.0003174963294910533
0.011179751397421566 0.00030633241395022813
0.015285717600072137 0.00029871682844026146
0.015995191892089103 0.00029920397144334694
0.015573820875795518 0.0002979327751126674
0.014263812743936753 0.00028964890815525227
0.014153604672779301 0.000272953597659638
0.012992151935786588 0.0002684668006029787
0.013750215334012827 0.0002677531205865
0.010433826950781638 0.00026138352576904377
0.011096088182102963 0.0002686523173243529
0.007156718425476816 0.00026542801485443697
0.006761921444014332 0.00026436474673590586
0.0062413606980075125 0.00026026221132710917
0.005271661095781789 0.00025804570896835986
0.003953002453286703 0.0002485530483360384
0.006312969552730385 0.0002462812680165717
0.0055584064341676126 0.0002485678895879794
0.004259898129256071 0.00024914721643836573
0.006342444439775422 0.0002479509494822502
0.003803533992610046 0.0002445895803655379
-0.0010487359784256307 0.0002489422816911646
-0.0075773742916552065 0.00025693623039891987
-0.004246440760117822 0.00025863392932233347
-0.012962549194113205 0.00025660334616696705
-0.020404569912358655 0.0002525841825607759
-0.018679023649289177 0.0002544983206148611
-0.025361185559045603 0.00025435454253466795
-0.03062830987144156 0.00025039269866495266
-0.034735094572995596 0.00025051616772077065
