3 215
0.01938405481091803 5.2796192251978234e-05
0.0222425394176359 6.183144456719099e-05
0.02335569680728649 6.15980026354701e-05
0.025833696975050384 7.10961125392818e-05
0.03021919411041256 7.80035597713484e-05
0.031627573665938186 8.347305313479956e-05
0.03017987138818747 8.546601466961235e-05
0.026233338413523974 8.445060824352822e-05
0.02430254659603555 9.069483830571449e-05
0.018181717261964592 7.720175394233491e-05
0.015127515619276902 7.536069215742631e-05
0.013856101396285125 7.479800248721142e-05
0.013081818701739292 7.457299701692065e-05
0.014168247674907021 8.445565580018699e-05
0.012477545024717072 7.55982254459263e-05
0.01174896373220485 7.593649764025482e-05
0.01244981325931588 7.623027681490044e-05
0.012540752139028707 7.602402367548334e-05
0.01230369633940546 7.540273639379247e-05
0.012954739629173009 7.524829134709303e-05
0.014769384091297097 8.422001899811747e-05
0.01361944791572776 7.420525014087603e-05
0.013613478580770739 7.265051262574851e-05
0.01422603487888601 7.193489304356014e-05
0.014289284709924781 7.089718881999853e-05
0.015869998291519354 7.73311452538126e-05
0.014257674419286576 6.70704810005496e-05
0.013740666237219335 6.561757846122713e-05
0.012619954047806161 6.505901449646603e-05
0.012014045434086152 6.360702049966184e-05
0.011201981953750526 6.264249061027425e-05
0.0108023411489721 6.163599483711746e-05
0.010566197159610342 5.999869416463313e-05
0.008924012742784386 5.82953988031707e-05
0.008420106242060903 5.682420286783872e-05
0.007633137104220474 5.58346520244359e-05
0.006556506893714 5.508516118962775e-05
0.007181844568733458 6.038408322704104e-05
0.004665396594056238 5.283253984106562e-05
0.0045880232057897985 5.251746923655015e-05
0.003895080248681226 5.116630568268655e-05
0.0021291397392406747 5.1188299483502096e-05
0.001151711979734312 5.675631631979288e-05
-0.0009301503660584315 5.0903361646909485e-05
-0.002070547409289202 5.058642563574058e-05
-0.004360650412285051 4.9760764154776035e-05
-0.0050335657214553246 4.9778851576335025e-05
-0.005869706129371663 4.999202130488841e-05
-0.007529606420180746 4.997384133215634e-05
-0.011065382598291132 5.66952815032108e-05
-0.010513718257713788 5.08469934302659e-05
-0.010355807842527086 5.0516229793911264e-05
-0.009887707438350234 4.909131458545792e-05
-0.00972617819408397 4.854240738504064e-05
-0.008313271821233191 4.810529304705639e-05
-0.00742313061388822 4.750523639111808e-05
-0.0062857242606872005 4.630430640422801e-05
-0.004854267716491882 4.566252135080858e-05
-0.0037987741755305957 4.474187534991497e-05
-0.0029407162709384144 4.429075934044111e-05
-0.002970438802434841 4.3625944584910354e-05
-0.0018114431149589924 4.287297657909711e-05
-0.0011878588055835822 4.25641420822504e-05
-0.000568044243949059 4.1472568631826784e-05
-0.0005524154061189149 4.10513891764688e-05
-0.0004210803312338334 4.058880739627765e-05
0.00046452040521845705 4.1267347396367596e-05
0.0007155857904031435 4.0843692617127485e-05
0.0005354084890828629 4.026413980914661e-05
0.001103601119193894 3.9546875469821363e-05
0.0009964409362326885 3.9180779455029466e-05
0.001482229314235294 3.904203938040416e-05
0.0016760561434512294 3.8576366106885494e-05
0.0020717892612395934 3.883321916838921e-05
0.001908771484586068 3.8859329956209716e-05
0.0021275342349390686 3.82055856370743e-05
0.0015479212161416045 3.817409043081399e-05
0.0017832335297540138 3.7930117146143986e-05
0.0021080153597827153 3.7926701094602325e-05
0.0024214780548140824 3.8198459730183476e-05
0.0022281767129741985 3.8104983003403936e-05
0.0020444615341732707 3.774305468020042e-05
0.001881381009448972 3.7805208425114944e-05
0.0016705561668432128 3.733018339035815e-05
0.0020174040235177246 3.739612997893419e-05
0.0016468051346355686 3.7347115132517655e-05
0.0018393966657834838 3.72653693149187e-05
0.0019493084987611408 3.733939128949064e-05
0.0017130078099895163 3.23748718036072e-05
0.0015188153124213954 3.20394680314647e-05
0.0015809426528170121 3.185883454762018e-05
0.0019008672156820056 3.640369537480467e-05
0.001342958890356235 3.18780224364409e-05
0.0016598740871019845 3.204419102545759e-05
0.0015136004250377484 3.189519760764633e-05
0.0018754836357316026 3.6155941722076535e-05
0.0018871964311654142 3.5968650711857944e-05
0.0012311870189509772 3.087675471923564e-05
0.0012803018367094437 3.10590835146913e-05
0.0012029606031708456 3.1081304178787324e-05
0.0012820186379251114 3.5673730500679256e-05
0.001444927435036799 3.5828516828730566e-05
0.0013663692338231836 3.141115636998741e-05
0.0010392876321759 3.1614089828578765e-05
0.0006371683953175337 3.535634916628744e-05
0.001048092333557203 3.5392458481019415e-05
0.0011611302713615452 3.0405921812117623e-05
0.0008203878733231288 3.1005772558218474e-05
0.0007876001816084395 3.067505934895708e-05
0.0007263769005587047 3.5349596679674775e-05
0.0006537346982157313 3.4684884161188974e-05
0.000738937010068386 3.0593076196543016e-05
0.0007518817727733061 3.014070359273454e-05
0.0007460754996295218 3.0431156967291684e-05
0.000887419711168259 3.4463547275348654e-05
0.0005123984450026726 3.0102992996811314e-05
0.00027892376913945193 2.9622179059976995e-05
0.00037239627396653196 2.965547394665462e-05
0.0005345924213358554 3.3777324687605244e-05
0.0006791214034217148 3.337628052409872e-05
0.0009909866095932467 2.9272923349833388e-05
0.0009137801529079739 2.9055970734999645e-05
0.0003884074308655297 3.352300291939835e-05
0.0009536336225215456 3.324694354259645e-05
0.0005596738756294408 2.917637646415692e-05
0.0007577129452638794 3.2906014012769216e-05
0.0007297773814384216 3.327281357475459e-05
0.00047740077012728064 2.830536825609496e-05
0.0004857442822886541 2.884542975590513e-05
0.0005878764569307098 3.245323334325757e-05
0.0009413220724192465 3.249857619689847e-05
0.0009016778783130068 2.8439469976444877e-05
0.0005553888077630557 3.241088175171217e-05
0.0003184338043699023 3.292590700047095e-05
0.0003604552077532057 2.8418541500627556e-05
0.0005235631849995984 2.858260127487337e-05
0.0004877515745626982 3.236754278038371e-05
0.00029298055617179826 3.20734027498031e-05
-9.920930358199142e-05 2.8178271789319614e-05
-0.0006164213054767473 3.205582167343883e-05
-0.0008898240724572587 3.234675810255043e-05
-0.0008675370100973822 3.220186050255986e-05
-0.0009656709498886226 3.178220437248713e-05
-0.0006109766389870799 3.252335415327107e-05
-0.0006043541956758867 3.218827337441628e-05
-0.0004449786586476688 3.2172690012169225e-05
-0.0007013716716202153 3.2578923202570366e-05
-0.0015597179707208361 3.188639802230829e-05
-0.0015682028762686211 3.214143444530508e-05
-0.0018854460108095445 3.2117513074724855e-05
-0.002442807478791068 3.144246375996417e-05
-0.002718711581427633 3.160006495338866e-05
-0.002343850779327542 3.16034047267692e-05
-0.002239784098896731 3.143841065228978e-05
-0.0024358747675596315 3.204848966867828e-05
-0.0021177904503113815 3.1720769637499966e-05
-0.0029231290954598093 3.177377196989084e-05
-0.0028193375846812477 3.214713954608106e-05
-0.003256049929244903 3.1774278464872374e-05
-0.003651735320145445 3.144233437762237e-05
-0.0037617793218115516 3.1798497741470046e-05
-0.0039486781956767514 3.1212183571789604e-05
-0.003696084103479748 3.1114483276012396e-05
-0.004134300452679188 3.141906448837637e-05
-0.004047571164897249 3.1161159865802666e-05
-0.004575938700521285 3.147884531762227e-05
-0.004724049690234812 3.11152855284085e-05
-0.004880407615693224 3.143451943629337e-05
-0.005245167772062291 3.147504848960259e-05
-0.004687520056111234 3.12045278369944e-05
-0.005109601065977165 3.17726796361998e-05
-0.005348406907077023 3.164659875243015e-05
-0.005827566160333013 3.1613344805762905e-05
-0.0056583050933681454 3.19508356002367e-05
-0.006073427171349844 3.184005822033128e-05
-0.006826963876579573 3.193525184483352e-05
-0.006028305409194142 3.166194492867614e-05
-0.005859227732996414 3.237758175472541e-05
-0.0057185294488888965 3.2678107221967986e-05
-0.006724989990256935 3.247260850999992e-05
-0.006686700292261317 3.321426423578049e-05
-0.0075277694040302495 3.412047462689815e-05
-0.007742581502114902 3.3676400331728346e-05
-0.007843677595971304 3.360375161377558e-05
-0.008554649617392607 3.42924100526981e-05
-0.008763122068873943 3.451247750095202e-05
-0.009083269594520075 3.404934045218932e-05
-0.009140346146248481 3.4053893154512223e-05
-0.009446962479739156 3.473368398970759e-05
-0.009350051424711356 3.516159898339259e-05
-0.009089597266241648 3.5264254544042345e-05
-0.011293921833557617 3.9725122771116444e-05
-0.009450379519620166 3.5654362147455505e-05
-0.010295793558497144 3.6517876884939636e-05
-0.011375919322297473 4.111385928465201e-05
-0.010601469777516557 3.718514451520109e-05
-0.01066322445011426 3.751970305380734e-05
-0.011954125447488553 4.198624535803457e-05
-0.013470240973663667 4.264459483896619e-05
-0.011540782792450585 3.7800179197495686e-05
-0.0113041138467315 3.7799401542655166e-05
-0.013150372117986845 4.229718195910335e-05
-0.011531961280935584 3.7616083049468046e-05
-0.011006074810724333 3.76394224975418e-05
-0.012685464704491266 4.272249867370467e-05
-0.011649950153861763 3.8423889454028335e-05
-0.012258129545046384 3.880854158035963e-05
-0.013785261503115273 4.3255058356976334e-05
-0.011581230556980734 3.877530113715289e-05
-0.01201931010198942 3.846463263191538e-05
-0.014091924544831673 4.381344653606222e-05
-0.013231307107861516 4.285861793563868e-05
-0.011875765048615058 3.788893091097192e-05
-0.012575838738182871 3.7160011972914234e-05
-0.014831872919810462 4.171255571378913e-05
