0.024915573798971948 6.54119867577933e-05
0.02424318127711142 6.571231503129064e-05
0.024216955750186422 6.627816559866242e-05
0.023641114021726334 6.726934143393926e-05
0.024234538359300457 6.826241449607206e-05
0.02519332701322502 6.91407956532447e-05
0.026752188537285983 7.168071547736258e-05
0.028273955042342123 7.487349103341627e-05
0.030115286975873266 7.912151555525681e-05
0.029996661748853973 8.395342994189857e-05
0.03180058574770968 8.759038414320305e-05
0.032783656689915376 9.014989720499893e-05
0.035121059984657046 9.276151553789868e-05
0.037075703875838625 9.573891690124762e-05
0.03847228140019169 9.926998252712065e-05
0.039650241949836865 0.00010164619585331121
0.03929973124850047 0.00010366831784318447
0.03976920291634388 0.00010501431499381142
0.03880192473949126 0.00010638715381687589
0.03830028799036845 0.00010688048804337896
0.03714939048009915 0.00010678454863064895
0.035897499280927656 0.0001063479461330463
0.03406536577655617 0.0001059290961021703
0.03151798025725284 0.00010519742450664726
0.03011140216965178 0.00010336753436329382
0.027924214314473273 0.0001016037744257267
0.02608144478782932 9.994031069808839e-05
0.024357150691033624 9.854587144887928e-05
0.023303698479674756 9.71772362937791e-05
0.022150594675239325 9.582714856206909e-05
0.02057670394409213 9.543014582821846e-05
0.01939561932906301 9.4528429253862e-05
0.018423169719128708 9.387330113970113e-05
0.01775287900840125 9.334825788486311e-05
0.017409318458827653 9.344473416070874e-05
0.017230935031884675 9.355027205731713e-05
0.017102796298410026 9.331156061662715e-05
0.016508884671800023 9.326020575343108e-05
0.016195662082547743 9.317228678886785e-05
0.01569368116835853 9.334089891229713e-05
0.015778065776261604 9.367914683440216e-05
0.015706929056865902 9.40000882771292e-05
0.016031824376628624 9.412184688109356e-05
0.015629239946573358 9.430074814178358e-05
0.015564622615218885 9.46948154730294e-05
0.014843226977246606 9.484196659809224e-05
0.014526029724036778 9.488384044717678e-05
0.014846379606474933 9.495740365345759e-05
0.015290975708002044 9.505606241610319e-05
0.01561428527565371 9.521127586632218e-05
0.01551024787263555 9.536441617092624e-05
0.01562739889963292 9.568503176017643e-05
0.015722067613387306 9.51264324109695e-05
0.01562981273418625 9.493362677774968e-05
0.015559066418303274 9.444642605499173e-05
0.015412629115289938 9.45124428735981e-05
0.015346611733225463 9.399439811089383e-05
0.01554627882563029 9.412968348212912e-05
0.016005528199766687 9.391539359312523e-05
0.01638132087316537 9.420533477460467e-05
0.016352474676290814 9.361192435164382e-05
0.016436323512683794 9.368717118977381e-05
0.016384530023530727 9.346842658381345e-05
0.0166587690155702 9.342600501429221e-05
0.016939831783315814 9.310918825136882e-05
0.017108788006003097 9.240393710081862e-05
0.017080625939768005 9.174225876989667e-05
0.01693050691063906 9.111307647633174e-05
0.017103189541287304 9.051320508803696e-05
0.017300132501105285 9.050129632422233e-05
0.017532699285365813 9.012261188532385e-05
0.018032387911848708 8.971462072357392e-05
0.018248419456027218 8.930876365328184e-05
0.018154649190910113 8.894422223771632e-05
0.017568562583901336 8.829874981227748e-05
0.017434117113030285 8.718101964380784e-05
0.017518691551174585 8.627836854383407e-05
0.017747971318869318 8.556862090908716e-05
0.017688197444842128 8.476282233117838e-05
0.017802711506329408 8.408370748753206e-05
0.017841474541889057 8.359249501385148e-05
0.017746203269714933 8.309404819382487e-05
0.01729193479612371 8.220601402940124e-05
0.017059730796924143 8.183793212366425e-05
0.016584783317409667 8.162962670643539e-05
0.016148199557924584 8.158519055731076e-05
0.015401685561590373 8.106234568385198e-05
0.015418505119489934 8.042199054286886e-05
0.015213331283017125 7.974491460784442e-05
0.014821782302197828 7.927263664130793e-05
0.014217876958564494 7.871900106146475e-05
0.014175545342128967 7.8415770743473e-05
0.01382940954224695 7.819045578221036e-05
0.013757715933648704 7.800457299383786e-05
0.013302569883496512 7.758759225223279e-05
0.013703282988933354 7.650239484055869e-05
0.013650229209668439 7.58010724831209e-05
0.013495213995837738 7.512617223195001e-05
0.01292027890318774 7.487056317963069e-05
0.011976559923484932 7.395898002074126e-05
0.011318996754605062 7.334326494676824e-05
0.010991035102355587 7.239523206115645e-05
0.010650920285863529 7.209116487562487e-05
0.010899134057551552 7.126977444406066e-05
0.010151131547601906 7.079073272554418e-05
0.01010044394846844 7.022901724163249e-05
0.009561508265054756 6.992362990820986e-05
0.009521334495497519 6.966300015288783e-05
0.008871430742628 6.946889534931875e-05
0.008363361037690762 6.914193741780804e-05
0.008027906196594008 6.85709655562594e-05
0.008255120929030588 6.773565358089889e-05
0.008203674073462518 6.732519443410517e-05
0.00775598052372234 6.68616571815365e-05
0.006887118363196509 6.654682419106056e-05
0.005910010048273172 6.611827374288295e-05
0.005753481436867253 6.596307585977922e-05
0.005987490581867866 6.600130950784574e-05
0.005830724029357297 6.567467701371437e-05
0.005639333985117035 6.561899607765914e-05
0.005197873912489359 6.502497577369286e-05
0.005287405997103525 6.431010458964768e-05
0.004450294624599401 6.36056596170669e-05
0.003675196701049534 6.345798953257057e-05
0.0026757037912843997 6.403573357828424e-05
0.0026471455568172074 6.393501513046919e-05
0.0018548580092343564 6.377650061962732e-05
0.001733977346149796 6.297618936989032e-05
0.0008253826088154096 6.31489580074304e-05
0.00015633501398712034 6.358491125134159e-05
-0.0007484305620405669 6.364158523397009e-05
-0.001576945353105643 6.361681888331085e-05
-0.0016521662954239505 6.310301088056217e-05
-0.002263230914864351 6.343700577108449e-05
-0.002913137608358583 6.302905831826517e-05
-0.003915361246129109 6.267587076667291e-05
-0.005089123461280733 6.219768685513351e-05
-0.005812502569431742 6.220422353180476e-05
-0.006067281658379898 6.214245675367749e-05
-0.0062420071290945935 6.230388496432006e-05
-0.00634190717454354 6.214324397651571e-05
-0.00705124249647082 6.239339872458538e-05
-0.007166102172616753 6.24255321219265e-05
-0.007508163150812194 6.255452114029274e-05
-0.00821752641778276 6.25867282303624e-05
-0.008961458784048144 6.253391367798065e-05
-0.009862557266403452 6.24006896524084e-05
-0.010935872792183892 6.248920261814408e-05
-0.011725432826373979 6.264257514207885e-05
-0.012864306280938716 6.334693930949595e-05
-0.012655102231825865 6.333199259112702e-05
-0.013306142406283979 6.366501631773527e-05
-0.01297815323800012 6.345246725792769e-05
-0.013244894746999945 6.382419974717802e-05
-0.012881817040651392 6.33172233258696e-05
-0.013007702565667797 6.297335115891574e-05
-0.012538073452485777 6.207158254072449e-05
-0.012312609946284112 6.157917739474148e-05
-0.012406658649592884 6.114910906891032e-05
-0.012594666498132094 6.103512193333408e-05
-0.012448394351801041 6.078200392419692e-05
-0.011867051133408541 6.0574014538402986e-05
-0.011346740896219286 6.0268673054728554e-05
-0.010660286252714243 6.014520007218353e-05
-0.010122893300366963 6.011803254544721e-05
-0.010080243642267488 5.991431060144986e-05
-0.009686371585779945 5.97289128644441e-05
-0.008871454948939024 5.903417811334097e-05
-0.00808875773007569 5.865453806829003e-05
-0.007896649084943586 5.8039237476822615e-05
-0.007817661566775313 5.7721528533754e-05
-0.007275823679407318 5.733394037205468e-05
-0.006502005790863519 5.733138353671535e-05
-0.005633663500366874 5.682491984031257e-05
-0.005212540195635821 5.643351437925648e-05
-0.004818794987661084 5.601889420703051e-05
-0.0046781404511645934 5.5835794167747376e-05
-0.004146797518060471 5.559000441501254e-05
-0.0037865002929666114 5.532291976715724e-05
-0.003565290384379844 5.540397858395184e-05
-0.003456836037606463 5.512247771243871e-05
-0.003571634412567576 5.467864786991378e-05
-0.0038544625935199484 5.43862135923683e-05
-0.003386458092373682 5.4016812208519244e-05
-0.0028016867366754124 5.3742527965035075e-05
-0.0017269210507216814 5.3439913482698556e-05
-0.0016770993161991628 5.328244324205019e-05
-0.0015460858224105223 5.3425638797068455e-05
-0.0014235611915486026 5.2984716408563596e-05
-0.0012086302648145586 5.2766920613627936e-05
-0.0008984342823871279 5.1900824077692405e-05
-0.0005216763274856007 5.1780597501880454e-05
-0.0008874751541023567 5.1723539319306864e-05
-0.0005443573086895066 5.158058613840395e-05
-0.0008366812066076636 5.10478868027593e-05
-0.0004457691801966102 5.0547142457791077e-05
-0.0008235365585372691 5.06582540796419e-05
-0.00022916426954722516 5.081376441104357e-05
0.00020931057271268737 5.129413328975187e-05
0.0005308595370359331 5.1590041190496095e-05
0.0006304414760102752 5.1578327300428784e-05
0.0006894073684164154 5.144154546208114e-05
0.0008906004172257581 5.114766184660177e-05
0.0008983640587822058 5.096156969622273e-05
0.0008724185867788285 5.0700795632316316e-05
0.0007400110295848805 5.043597656938339e-05
0.0005985101931221607 5.0224372953474567e-05
0.0010786560395382575 4.9849727177062506e-05
0.0012099147148223362 4.949967750694386e-05
0.0015490880831625555 4.936751116761515e-05
0.0012531875474604513 4.913488190903838e-05
0.0014620620584280828 4.909998856535404e-05
0.0010290402821537827 4.8851960072225174e-05
0.0015672869442303623 4.888247999715066e-05
0.0016966635410633013 4.868188539539125e-05
0.002008909744524617 4.892321305561086e-05
0.0017275277752009767 4.863776816737812e-05
0.0018594615743725983 4.845526226638496e-05
0.002330678784255713 4.798565300083425e-05
0.002515233833489134 4.808972505314486e-05
0.002737608077264924 4.829373143787206e-05
0.002441865075834355 4.878931648310649e-05
0.002545219199676853 4.885078799282666e-05
0.002322051896431284 4.8759799423288314e-05
0.002449876815033478 4.8388525467227705e-05
0.0028013532787427306 4.8071073686849985e-05
0.0027098914128372504 4.7833353717028365e-05
0.002608944174509966 4.7680610375649225e-05
0.0021196440633916343 4.757306930335067e-05
0.0018729263072760202 4.7800037704466587e-05
0.0019968767330782126 4.763518837257385e-05
0.0018569884994349235 4.7739335394373324e-05
0.002113530019471196 4.742206816049802e-05
0.0023445538049140895 4.740322470486735e-05
0.0025581933152986082 4.716259357149175e-05
0.0026415684790247486 4.751794406035741e-05
0.0026284699204315917 4.7298808676140334e-05
0.0025653484617637395 4.773337497487864e-05
0.002986811481971152 4.7519142876613064e-05
0.0030668836550643962 4.797700644885107e-05
0.0033985360136834326 4.761585851707595e-05
0.003046571560843828 4.763825440596871e-05
0.0025238702215919845 4.7624203102546544e-05
0.0022197015101964148 4.7611300882483874e-05
0.0024271917260360637 4.7366835385981514e-05
0.002683962109396678 4.699080131451148e-05
0.0027152477750441778 4.6866032033565757e-05
0.002432440015798432 4.721147115615005e-05
0.0022710125078242655 4.7301549906642676e-05
0.00201603013242431 4.6981399980451114e-05
0.0020969927761548364 4.666125131441417e-05
0.002079397640953433 4.6664207161486505e-05
0.0023791247468804514 4.6913300668946097e-05
0.0024214465194865907 4.681518974824148e-05
0.002622063539307292 4.667513519908601e-05
0.002370530963676634 4.666082925458846e-05
0.0021024769801011953 4.672617532497166e-05
0.0020145358564873797 4.664161250631451e-05
0.002290943398783344 4.6703224556699214e-05
0.002273390414830494 4.655242182062486e-05
0.0023251012496284763 4.661100146667717e-05
0.0020177522287315895 4.664048344106546e-05
0.0024604550510083003 4.666137421831364e-05
0.002412816195894135 4.668710400540501e-05
0.0023937028358216777 4.661697963424977e-05
0.0024739733986344414 4.638989923427425e-05
0.0024203346299075117 4.610973449032675e-05
0.0026908460013859757 4.571291987788498e-05
0.0022762418182708435 4.5654846382447784e-05
0.002063230502932862 4.588649085030256e-05
0.002068039527837774 4.5843940066296475e-05
0.0022114897497259763 4.576625040728844e-05
0.0023054892583223353 4.5258991157334734e-05
0.0023282676383563714 4.5291162479091065e-05
0.002301177110412116 4.537699372504273e-05
0.002450990928793169 4.563224471197412e-05
0.0022862723279668522 4.580799031397257e-05
0.002006886273505361 4.5506602322990727e-05
0.0018301391275122023 4.5573461781120225e-05
0.0019363442317337836 4.54048605166863e-05
0.002324385120999705 4.5773950258892004e-05
0.0024181122707207124 4.5780881242424335e-05
0.002626807475008871 4.5725821916254966e-05
0.0021143955352543094 4.560072824800824e-05
0.0022101771077104064 4.552840777383247e-05
0.002087588193374616 4.5418843525992096e-05
0.0022783212741592654 4.533938624388034e-05
0.0024103878151700104 4.505046806131612e-05
0.0024569173850987397 4.4944536275959636e-05
0.0024945428068859324 4.5033963662276605e-05
0.0022234482710272053 4.4887663117360554e-05
0.001931282303613607 4.4899644521107646e-05
0.0018269407737032126 4.4124673206834374e-05
0.0016907364232999229 4.409462599099034e-05
0.0016109622752361514 4.399514637093591e-05
0.0016739910519594854 4.448883418966444e-05
0.0019840141957815464 4.4251404423733516e-05
0.001722863147735448 4.4525738303379734e-05
0.0018878838472669408 4.41050806205916e-05
0.0015491464475066773 4.469864560450926e-05
0.0015892140298182555 4.438947963880926e-05
0.0015012800006655805 4.478402012695195e-05
0.0017037665941473793 4.440030612475127e-05
0.001968933524000362 4.4724963649738464e-05
0.001812906632907993 4.463794108857352e-05
0.0017994119546836953 4.493335098324523e-05
0.002141514049749616 4.485013968964149e-05
0.0021257303268537816 4.489290721038979e-05
0.0017781817697842647 4.4853253846725824e-05
0.0014904730473536071 4.501327627814955e-05
0.0014313003507080385 4.5096223354106684e-05
0.0015380928840800557 4.5229747584683906e-05
0.001150213834966063 4.4804254481617094e-05
0.0009154319714490903 4.44359323316779e-05
0.0006774890168448347 4.3954940584045715e-05
0.0007346813426945286 4.400410262770046e-05
0.001093533899199353 4.422598731515132e-05
0.0015266969346934324 4.4255158887389664e-05
0.0018661804408118955 4.389268475655781e-05
0.0015126118962127744 4.339131303460876e-05
0.0018049031648205368 4.3482749285735754e-05
0.0014628009658847916 4.390626338535229e-05
0.0013593763139490894 4.438831197310899e-05
0.0009845890384025543 4.419960962179515e-05
0.0007942575363876425 4.4085806765003045e-05
0.0011126222566212392 4.369782855991715e-05
0.0011376639765455798 4.39451981513831e-05
0.001378200178941809 4.386265107973714e-05
0.0012314951265622472 4.429423290535864e-05
0.0005844471248346159 4.407975879383334e-05
0.0004612051261246588 4.399504178535883e-05
0.000489127891086064 4.3288892054038076e-05
0.0011452088544531248 4.3423318348926966e-05
0.0009688334679451849 4.3379337915443104e-05
0.0012222020966179059 4.392140159127502e-05
0.0008890465035776857 4.348738754171354e-05
0.001063208542879441 4.338226208807991e-05
0.0010101792380893518 4.298384781842821e-05
0.0011380543984056673 4.3132448160807753e-05
0.0012815301006893084 4.3346303210184324e-05
0.0010870035335633441 4.360669816997884e-05
0.0010446407510926417 4.333946459372015e-05
0.001363530967010581 4.3219680901037065e-05
0.0011411510195312377 4.29591648936222e-05
0.0010773982583892213 4.319970329474208e-05
0.0005543154084498785 4.312136196021037e-05
0.0008447491234733882 4.3129364295671286e-05
0.0006192464336772482 4.2879187123798004e-05
0.0007876202618305802 4.26632608870922e-05
0.0002343962818924228 4.2437724924829374e-05
0.0005625287727916761 4.219707238938512e-05
4.349795536391383e-05 4.223509417275328e-05
0.0006669063279991767 4.223869324713422e-05
0.000397083026190844 4.249123231473062e-05
0.000817493450679967 4.2380371709159815e-05
0.0004917914759223796 4.242375591493073e-05
0.0008446895774173347 4.201955580408717e-05
0.0007532491677515007 4.179099277577949e-05
0.0010035850594407552 4.167862236644067e-05
0.0006942184491133879 4.176207894379902e-05
0.0010254146390063696 4.173320872542017e-05
0.0011579146923901852 4.183735704091407e-05
0.0016734756207336513 4.1799566815760924e-05
0.0017340466734389569 4.183880720384137e-05
0.0014515216371362375 4.142224397574041e-05
0.0011592787997435179 4.159481526711031e-05
0.0005768503794379497 4.178537133654597e-05
0.0004479795350959318 4.199476782221821e-05
0.0005230390420679498 4.181273947628244e-05
0.0009049412162568527 4.154839277118885e-05
0.0012403450589907562 4.151894800287833e-05
0.001143738997312905 4.159841085360569e-05
0.001172719609709221 4.173924730292924e-05
0.00086957766375115 4.166531185226168e-05
0.0007294905523331234 4.1695763759623355e-05
0.0006493940819979921 4.135037110294693e-05
0.0008689392015207552 4.1199631919161166e-05
0.0010253431616387817 4.106540311275486e-05
0.0010316357735195272 4.117345628603868e-05
0.0009900159819235628 4.1537961805122077e-05
0.0008344274716725979 4.164407213176913e-05
0.0009092457709288697 4.141468595815422e-05
0.0006740219918824645 4.070847368552841e-05
0.0006899802084811054 4.016400704616624e-05
0.0004378981186697469 4.0297183189871906e-05
0.0006369911780868963 4.092524817148645e-05
0.0007508496284520272 4.1490265416808565e-05
0.0007772811569430351 4.145570289418046e-05
0.0008890335603825531 4.095025499806625e-05
0.0005806575819443081 4.018282836008228e-05
0.0010451568460818086 4.007990021192613e-05
0.0008309395874818081 4.0199953747394354e-05
0.0015223655935661063 4.104648674484489e-05
0.001357842235174045 4.1046431838429646e-05
0.0015478787335888252 4.093254096949299e-05
0.0010283437758771582 4.032308753464315e-05
0.0008568313819442635 4.012945015898702e-05
0.0007702852547369825 4.039071954918273e-05
0.0006181867646705356 4.063648483009078e-05
0.0005071474047017642 4.115060630633404e-05
0.00024084735760777258 4.098959886947563e-05
0.0005552371533170284 4.132516863170644e-05
0.00042437200511044886 4.089634566694363e-05
0.000660112784491589 4.09240439168968e-05
0.0003697592376603609 4.027178894203381e-05
0.0005633530422456683 4.046045582215619e-05
0.0007554792502872023 4.07759607030007e-05
0.0007404155639975103 4.0888614368074025e-05
0.0010465816303839568 4.099125080968561e-05
0.00045993771772641313 4.0561152519256244e-05
0.0007594412186802293 4.0357704431696114e-05
0.0005495003929764577 3.9976572174317215e-05
0.0005590224763246591 3.984383296758522e-05
0.0001734289141048773 4.033967390692709e-05
-0.00012427655902525273 4.0197241921470725e-05
3.385944731202706e-05 4.054808365494842e-05
-0.00031731460040341206 3.996126431453095e-05
-0.0006746306890408679 4.0283711516237733e-05
-0.0009597529036443767 4.002274428133389e-05
-0.0005813003600473592 4.011680990225635e-05
-0.00039267126150569235 4.010633038283469e-05
-0.0009968051205435872 4.021025505557687e-05
-0.001227755060599685 4.065664020080379e-05
-0.0016179158111617885 4.0542920576946344e-05
-0.0011384640721378413 4.046587455188761e-05
-0.0010303784531057359 4.003877670451663e-05
-0.0010403933696258236 3.9845991097530836e-05
-0.0010103099466811304 3.978573490513317e-05
-0.00140386742804056 3.966977602608917e-05
-0.0010084623258893321 4.011889281591001e-05
-0.0009680225501962637 4.037122860272458e-05
-0.0005594190472713067 4.093715678044614e-05
-0.0008701240530471395 4.07002778804325e-05
-0.0007666473192856037 4.0522230381606224e-05
-0.0007442381699039819 3.99484530544276e-05
-0.00046588716339946356 3.981299141150336e-05
-0.00048447751624665684 3.992954479924022e-05
-0.0006279691303725779 4.05021802311874e-05
-0.0006723533594134981 4.09728894977241e-05
-0.0007932894296854286 4.0870532013147085e-05
-0.00096013974936521 4.0576775993283485e-05
-0.0012976787244212188 4.020795372785658e-05
-0.0017106052070690173 3.993858923955472e-05
-0.0021886897197332935 3.977740581622053e-05
-0.002184087310740105 3.980922895709615e-05
-0.002080947434135276 4.0000427753557845e-05
-0.0018395597565359413 4.0353158359698e-05
-0.0020528047675652107 4.043672631662529e-05
-0.0022816908422806283 4.0375556117252955e-05
-0.002431924184742829 3.9918226569552324e-05
-0.0025562505565733295 3.940385121588539e-05
-0.00283079592380479 3.9312355335224555e-05
-0.003276222773173228 3.9293804064690336e-05
-0.0037690402310705784 3.963527518558381e-05
-0.003552627236888202 3.9463735963546505e-05
-0.0032441517166812667 3.9536426419929615e-05
-0.002956915397645942 3.964475190191703e-05
-0.003009787788194215 3.962523934260974e-05
-0.002849839160124973 3.9383272474317745e-05
-0.002863460249535201 3.898309036152787e-05
-0.0025978451834504568 3.9225218845393004e-05
-0.003001615063790895 3.937080778532473e-05
-0.0028821601418957633 3.971269201384096e-05
-0.0030794945336536043 3.9899382287114784e-05
-0.003010192385244956 4.0221841884574085e-05
-0.0026798696160415998 4.0134210118033824e-05
-0.0026056039418600307 3.9899081643151805e-05
-0.0026888721839187233 3.9402842450602605e-05
-0.0031070714189843293 3.939239226735638e-05
-0.003589415616234127 3.955010842248119e-05
-0.0037184071224158123 3.988432150225043e-05
-0.0040691810962156395 4.033646962713785e-05
-0.0035873771647646274 4.0181125064289003e-05
-0.0034609667969388927 4.018672380091821e-05
-0.00346856059070021 3.975252756018345e-05
-0.003906788715230869 3.97707111710423e-05
-0.004233336107880693 3.966498499113186e-05
-0.004220866522582711 3.9300808360511896e-05
-0.004448652704839685 3.923028886933165e-05
-0.0046806855955231486 3.937554707471757e-05
-0.0047041392712796415 3.990787530561491e-05
-0.004706423113018633 3.98206302781073e-05
-0.004698025191510781 3.9675614075572315e-05
-0.004892488378438017 3.9369695828932995e-05
-0.004985602455565693 3.9122580926089184e-05
-0.004886093033626746 3.890787800338926e-05
-0.004669623638711965 3.873883463532768e-05
-0.004647254434841044 3.8860733932216214e-05
-0.004592955823858853 3.89254742578192e-05
-0.00512026565247929 3.89594930655829e-05
-0.00501703313880986 3.941757813303694e-05
-0.005318717992887228 3.913008308789727e-05
-0.0046524562429409565 3.92234026711856e-05
-0.004938312963356879 3.8743223593125336e-05
-0.005180614948885386 3.9159676071374694e-05
-0.005608527775146395 3.930227932741902e-05
-0.005927017922477903 3.949685152649449e-05
-0.005512828828825957 3.9200261767565656e-05
-0.006056590957291702 3.903019187830556e-05
-0.005766319161751571 3.8848562543090945e-05
-0.006043805063836132 3.8939651277934734e-05
-0.00583602116618565 3.892897515649222e-05
-0.006065284378504116 3.922408731774233e-05
-0.006135734660729641 3.936221127299556e-05
-0.0060696910605746845 3.943044317849295e-05
-0.0066264913240552115 3.9451017558449465e-05
-0.006486428106101264 3.923660366556147e-05
-0.006461368449206219 3.921367316463782e-05
-0.006013110083002316 3.880987055004304e-05
-0.005705690057274771 3.920144904243629e-05
-0.00629184587288508 3.9247072509303804e-05
-0.005980302957143237 3.964177038000182e-05
-0.006793699707798587 3.978992871049092e-05
-0.006435471523476395 3.9802090394305705e-05
-0.006751403206220736 3.9815323463446326e-05
-0.00661961406147258 3.9301173417633554e-05
-0.006862912423867975 3.9585421692713424e-05
-0.007102489852116088 3.943155424933015e-05
-0.007466425548717273 3.960180776508159e-05
-0.007218600749473676 3.9543950572818115e-05
-0.007232168713811177 3.970092237586014e-05
-0.006913594019609991 4.017616662473614e-05
-0.0072688868926854295 4.004753525853307e-05
-0.007461749401463982 3.997388922209344e-05
-0.007721818526909333 3.962625632872799e-05
-0.008104916434549816 3.9649950179438405e-05
-0.008449253678973149 3.986592391221877e-05
-0.008618156012474325 3.9972205699858225e-05
-0.0081127849144153 3.977449125594069e-05
-0.007681134391678501 3.943205614523039e-05
-0.007389629131307712 3.972280617646445e-05
-0.00770596731780736 4.024066973183785e-05
-0.007399018873115605 4.0495986172854456e-05
-0.007249050459376264 4.044796821396368e-05
-0.006642405204467271 4.0657285094744674e-05
-0.006987081166764816 4.092418075873642e-05
-0.0073092424554582385 4.077108729618821e-05
-0.008011865117394332 4.0447659959888626e-05
-0.00819439279583736 4.0384316519566496e-05
-0.008618082179803546 4.079720475542639e-05
-0.008314911427313281 4.090382800085978e-05
-0.008426272176891483 4.133435812082215e-05
-0.008290478553760387 4.170130246862201e-05
-0.008861499825211264 4.240707827855905e-05
-0.009361298427175911 4.2628063662999906e-05
-0.00945812508290078 4.2673122904250324e-05
-0.00962960778356751 4.220887785941984e-05
-0.009496310990768544 4.2094258377397826e-05
-0.009860142764519806 4.209674245192782e-05
-0.00986969508293107 4.189946220558323e-05
-0.009930692831313438 4.200518345713662e-05
-0.009678501158615937 4.2004195577307096e-05
-0.010114414731564011 4.277449534617946e-05
-0.01055777835583211 4.2672083902784894e-05
-0.010828845687647583 4.305894122895305e-05
-0.010711559783885221 4.302700836277099e-05
-0.010866111418380137 4.322050851366218e-05
-0.011041693753802848 4.3060685238710505e-05
-0.011043678594043467 4.287944690466662e-05
-0.011103798682413096 4.274105799446044e-05
-0.011604375303888378 4.238229313601771e-05
-0.011981999267906229 4.2406852655455586e-05
-0.011551383860951756 4.262910208688582e-05
-0.011299481504670743 4.2505630799399565e-05
-0.01138215602542521 4.291763336716267e-05
-0.011744156875763061 4.3052409549901215e-05
-0.011873249323586167 4.378180042437271e-05
-0.011532565921922804 4.380122920732072e-05
-0.011697856189824442 4.395038216377388e-05
-0.011677272371951961 4.395361529470008e-05
-0.011610292373883755 4.3926305757050374e-05
-0.011276980936932728 4.408166992172698e-05
-0.011447012228669456 4.407896643837136e-05
-0.012348276259787402 4.40746733316805e-05
-0.012723897493465088 4.414219492079879e-05
-0.012373706581108026 4.413585568168443e-05
-0.01165789393220628 4.3963170986595114e-05
-0.01145601109720836 4.4344250584680706e-05
-0.012169937701840045 4.479165478395048e-05
-0.012805411187110895 4.5525225227264135e-05
-0.01315687269307587 4.573021411306537e-05
-0.012582611203164798 4.5564478099275935e-05
-0.012554262037700272 4.5782883678471804e-05
-0.012440080555774483 4.554600064476485e-05
-0.01283974016043957 4.5818131098897066e-05
-0.012823044931552178 4.583865623327803e-05
-0.013120788072105842 4.614928139648512e-05
-0.01338288637168329 4.681357989150968e-05
-0.01352863406351086 4.6815030129883456e-05
-0.0136193659876962 4.721006089517588e-05
-0.013038695137587175 4.658919673933448e-05
-0.0127659461734467 4.672184208900102e-05
-0.012959570877120683 4.656802313322541e-05
-0.013605152339521217 4.6734744329076005e-05
-0.01434828898487521 4.688928572848844e-05
-0.014769261049696222 4.709579312294711e-05
-0.015164607780668238 4.766997318586901e-05
-0.014815210654611569 4.777341697528071e-05
-0.014607687345661044 4.7410767848687765e-05
-0.014244269635467061 4.70896801450568e-05
-0.014341236327809466 4.703310925783351e-05
-0.014173273668595606 4.70825114061818e-05
-0.014087010948234753 4.74159924504615e-05
-0.014462450172275517 4.72225375493704e-05
-0.014611395002135298 4.72265174246127e-05
-0.014611654148947318 4.6767220262285985e-05
-0.014105294613423148 4.679113550440594e-05
-0.014343977983924422 4.6887261701827425e-05
-0.014485925218416174 4.715294592184803e-05
-0.014330626615526 4.736682332470306e-05
-0.013815595004459594 4.7251612847015925e-05
-0.013699592022352798 4.684694339684392e-05
-0.014036336149060911 4.7007492718499416e-05
-0.013997042612601904 4.713520210079013e-05
-0.014192878952934954 4.780368384077819e-05
-0.01455560522510929 4.796296528538088e-05
-0.014474934468152824 4.7962890002637864e-05
-0.014649940916503238 4.8096833632438445e-05
-0.014579871099785079 4.834699972874154e-05
-0.015160816008353017 4.8712368723675525e-05
-0.015484507854264683 4.830898522722908e-05
-0.015444795615189903 4.8113033436957276e-05
-0.015440037896119552 4.802856070960039e-05
-0.015193876555248498 4.80937911947939e-05
-0.014842831443469772 4.828147447037452e-05
-0.01446709415227508 4.827040703142307e-05
-0.014485982240174288 4.8667845811450874e-05
-0.014677018515692973 4.823537795410619e-05
-0.015033975918258106 4.815066397234824e-05
-0.015014299336712887 4.8010917607432044e-05
-0.015299730090747709 4.8447465534139265e-05
-0.015421652873615386 4.861415499255867e-05
-0.015893735003785166 4.874905953201418e-05
-0.015535271265787975 4.824836903441848e-05
-0.015068338279699158 4.801605236580342e-05
-0.014334566404434578 4.7225320824495154e-05
-0.014405531674514166 4.73203870403407e-05
-0.014736688655985255 4.7223954072568296e-05
-0.014952723965549858 4.7498373204853426e-05
-0.015336691074600737 4.7276387568757516e-05
-0.015544278167607095 4.6635271716008305e-05
-0.015895318677847402 4.6264758216269354e-05
-0.015710325330662668 4.594320030621712e-05
-0.016305728732452757 4.622484644441164e-05
-0.01665398886712688 4.6469721808455425e-05
-0.016742091135976744 4.6188492664611024e-05
-0.015667427122995257 4.5797340018789744e-05
-0.015289245902601485 4.527353871889996e-05
-0.015497414536260518 4.5671546189468426e-05
-0.01567991374567565 4.5807792791238653e-05
-0.01561425728275986 4.554922743125056e-05
-0.016168999091027886 4.537137189897404e-05
-0.016546078511512404 4.502898390487046e-05
-0.016897607529526175 4.510429480152585e-05
-0.016211703940337052 4.452877742952324e-05
