42 12
0.8862852473201143 0.003016464051683608
0.5383407975071003 0.002966538296890477
0.3211860705407407 0.002320032433496306
-0.27030800872562044 0.002022944694877028
-0.06143585109321785 0.0016674253075900595
0.0734535803442143 0.0015022428824644995
0.06762880619725486 0.0013696344366932942
0.04065585060814545 0.0013100623191840731
0.0266687335979501 0.0012577207889368184
0.017542790332620226 0.001235336821871971
-0.05677139856956966 0.0012803069543304247
-0.14612295624587304 0.0012653863861221814
