3 215
-0.023744554773549524 3.682140897421171e-08
-0.026771050645031033 4.256077087055441e-08
-0.015254205533075146 3.92708055904101e-08
0.0011249682443493086 4.1534977058538265e-08
0.01935922984389879 4.459534547051647e-08
0.03238662780195963 4.776215188143189e-08
0.03826070803758815 5.003422009291116e-08
0.034546121060993557 5.0569722960702565e-08
0.028532089955791276 5.6240544456716374e-08
0.017531255717135652 4.897245782159036e-08
0.012981800127593965 4.823190150658426e-08
0.012169973845196747 4.802199968294346e-08
0.012551185817864297 4.807597117476459e-08
0.015820652020934453 5.457580308430408e-08
0.016637114949440854 4.91679821962434e-08
0.017953223654757683 4.980148996607376e-08
0.018498047226858355 5.064461108101852e-08
0.018486807745319772 5.1080076053719295e-08
0.018983909453699266 5.144989800124859e-08
0.018674478424023574 5.1851591514364005e-08
0.02061728563250187 5.849087307378876e-08
0.017574229406982736 5.175163106201201e-08
0.017263580801954947 5.150764371421467e-08
0.016812826220109697 5.098426317216723e-08
0.015799007433997425 5.025026159351526e-08
0.015954351750095644 5.558843267706864e-08
0.013913550160358182 4.8558227948607054e-08
0.01259465471686845 4.7728238258227806e-08
0.012323406498310763 4.65968047105498e-08
0.011646230099103122 4.5771215244632465e-08
0.01135514920452433 4.488138459050529e-08
0.011086356104578081 4.3935838332476167e-08
0.00979276986890315 4.301788958674728e-08
0.009257190000257098 4.225054085959567e-08
0.008602848296574102 4.162122717346177e-08
0.008047130012163513 4.111328384813902e-08
0.00836528045416457 4.0450126720857095e-08
0.008951597943222062 4.515757459309389e-08
0.007506936061998912 3.9895906908985366e-08
0.0073496657621339445 3.974059101653987e-08
0.006834715663124491 3.9479859193880175e-08
0.006360808085388081 3.9459600681568835e-08
0.008029055794032222 4.430722104224922e-08
0.00789428139181856 3.9196142847669845e-08
0.007148418963799398 3.9003633199203927e-08
0.008532984233451238 3.8848888542524394e-08
0.009209476513433984 3.86468168254942e-08
0.009759454995797404 3.847418969242016e-08
0.010725851835930333 3.823706389475774e-08
0.013703779505099281 4.256312078658195e-08
0.013138835222139739 3.7125604537413054e-08
0.012777084651053712 3.6074745657360484e-08
0.012710744732507918 3.5031324074861826e-08
0.01296351363557887 3.4113689612434924e-08
0.012824291298862124 3.319873061507996e-08
0.011823512264338462 3.2081489947483976e-08
0.011221346930842063 3.095769346560682e-08
0.010394103886317986 2.998146447458096e-08
0.009383387265652993 2.9253241143514723e-08
0.009065743577123468 2.8734337427225634e-08
0.00935344169299062 2.8205522162435238e-08
0.00908578193610101 2.761258591846397e-08
0.008262632416816316 2.689758263293864e-08
0.007487272255054037 2.637931834410972e-08
0.007961295679963253 2.609009385754389e-08
0.007416226430528972 2.587726905098675e-08
0.008317953075237139 2.5680342466505357e-08
0.008726188504592072 2.5357962082549573e-08
0.007531424854931017 2.4993099182239366e-08
0.006959729671763962 2.4592281121314454e-08
0.0065823929276436766 2.4317094563758616e-08
0.006996265926300073 2.412088997237107e-08
0.007444033180548034 2.4056644398001827e-08
0.006917227067184402 2.4010206473828845e-08
0.006732139118819952 2.3734092808687837e-08
0.006377150725582502 2.340117279255625e-08
0.006612442640037443 2.3256647392085365e-08
0.006371684299328523 2.3303417047197507e-08
0.00608875967482744 2.3249962929827964e-08
0.006720458536541886 2.3187772414145072e-08
0.007155695145554752 2.3147832531237302e-08
0.006149696822700324 2.311482625532475e-08
0.005760268738892849 2.293709552325171e-08
0.006322008821134782 2.2860683916174245e-08
0.006529410541389273 2.2897400689576985e-08
0.006191692778840463 2.3074331657933806e-08
0.00665872313490385 2.294527762187409e-08
0.006150280075833188 2.2832409449905365e-08
0.005548001143203314 1.9801176945962355e-08
0.004788222887271508 1.9670761771147773e-08
0.004865636278079392 1.9574224215348322e-08
0.00596461125522986 2.2486774767959138e-08
0.005575244523253746 1.978277734736843e-08
0.005920616465123124 1.9962931686771937e-08
0.005081573358710789 1.9932053533031183e-08
0.005653917346126164 2.259724018833424e-08
0.005602196850685647 2.252735957148464e-08
0.004350026059462116 1.9643699010154906e-08
0.00461472652742622 1.977904124349268e-08
0.00487549799152838 1.9924253576119747e-08
0.005768871389453992 2.313127913056047e-08
0.00648360105062892 2.3305715223774516e-08
0.00535066992904349 2.0329136101386813e-08
0.005519424692662856 2.0212682583590502e-08
0.0053792148331567 2.2918448533133956e-08
0.005311220217542302 2.278159298676958e-08
0.004616714153063348 1.9781402233265683e-08
0.004931408220374352 1.975561259301558e-08
0.004984762702208195 1.9677465966466e-08
0.006258984782010792 2.2331844421270653e-08
0.005463188968806772 2.2235506788079645e-08
0.0044022434164049905 1.9288471318369842e-08
0.0040441779972669595 1.9187470821444803e-08
0.004113196149161075 1.912998473685108e-08
0.004614013188481338 2.2152010693243662e-08
0.0038579043504256803 1.9574022965718166e-08
0.0031666859937089127 1.9769492150233245e-08
0.003241025761083885 2.022788237029201e-08
0.0029772458474815883 2.3696080131714432e-08
0.0022270767834887753 2.4285484819826333e-08
0.0016432080003691008 2.2036007687610985e-08
0.0017571452463156084 2.2944950744849445e-08
0.0015781984672664923 2.7421246796389883e-08
0.0015537990997442352 2.8591357012942828e-08
0.0019392872394649804 2.6135212093881254e-08
0.0012653020458384123 3.0484840992958036e-08
0.0020932194511962543 3.1229790823947754e-08
0.0010004459923759201 2.717509576299322e-08
0.0017105243025468259 2.6863035737260017e-08
0.0015255312717034827 2.980326834355963e-08
0.0025622453606840775 2.8409397067666826e-08
0.0027025263026047783 2.356390970492658e-08
0.0035331287378771864 2.523231756445267e-08
0.004986699034076385 2.41254011865674e-08
0.0038193460801504674 1.993028363279309e-08
0.004568628535634299 1.9253574973979944e-08
0.004514124578577982 2.1282145629914764e-08
0.003812506063709281 2.048744681998338e-08
0.004403960143746735 1.7744587911148307e-08
0.0036342872601409122 1.970031273590021e-08
0.00404858065365574 1.962263034416154e-08
0.003931788818260083 1.9523304170940265e-08
0.004227694070071463 1.9217640731132005e-08
0.005406083528653367 1.9459599883852627e-08
0.004177519873160094 1.9187558135734423e-08
0.004533587963110659 1.913922973420936e-08
0.004668430555560432 1.9310272110791535e-08
0.004094154766612276 1.892936861111753e-08
0.004785217198635436 1.9007957616317392e-08
0.004086043869395133 1.8869924428511803e-08
0.0039600891337593265 1.853081536267054e-08
0.004590760642697811 1.864238233920574e-08
0.0035541981145867027 1.8527886585536607e-08
0.0036097187378976332 1.8396848740374344e-08
0.00424014314711247 1.85835681887641e-08
0.0037732882387959514 1.8412376236936924e-08
0.003921450737427199 1.8529817619117867e-08
0.004388699062068069 1.8768109188459386e-08
0.004325020229539133 1.8463583932121955e-08
0.004159619444919074 1.8377941762582054e-08
0.004885218015357906 1.848080001730188e-08
0.003793144285810176 1.8192178303083773e-08
0.0038450303101519104 1.799097427405169e-08
0.004041579278719898 1.816702072344998e-08
0.003490480894239055 1.8187467107419745e-08
0.0030612828898870514 1.797873275453968e-08
0.003629355723405746 1.8134811444544823e-08
0.0033014125594416147 1.820458932879141e-08
0.00316439419201614 1.8075602852952372e-08
0.003448020969446436 1.824826449933551e-08
0.0038927424323189214 1.849562181687294e-08
0.0036389076384892236 1.8387473507257787e-08
0.003839080773247062 1.846513957889286e-08
0.0043988845678424 1.8681109449259074e-08
0.0038656506917191732 1.853224830728297e-08
0.00318019038822568 1.8278574969345138e-08
0.0036968589333815777 1.8294524668662307e-08
0.0032015746216915997 1.8444855170658426e-08
0.003790020505268943 1.8367420368261077e-08
0.004181774134302589 1.8720291537637555e-08
0.005275110360227223 1.9280558713601886e-08
0.005591997208459692 1.9400746354773104e-08
0.006001565047840229 1.9338841197313183e-08
0.005955946258870054 1.947797305289507e-08
0.0059032529015426265 1.9630659374157593e-08
0.005640280303286047 1.932978130054975e-08
0.004647872658479699 1.8967444552020077e-08
0.0048134763989410335 1.9066760426405472e-08
0.00592875793065737 1.9239872425393755e-08
0.006223342256699533 1.9070704160057044e-08
0.0051009667786792515 1.8970416635174705e-08
0.006993179784944039 2.1439070317857693e-08
0.006569361701578638 1.9359186203584456e-08
0.0066049812372785885 1.9310603864938958e-08
0.0077520123400340105 2.1850749912966036e-08
0.007401781830917865 1.9765567803606985e-08
0.008233592150317583 1.9965468065859522e-08
0.008839847086091361 2.2311085528300568e-08
0.008874520782646812 2.215471629789797e-08
0.008053386189356616 1.9743204991320827e-08
0.008267338828657371 1.975707746034504e-08
0.008807908446651368 2.1934056882941563e-08
0.007543552801906255 1.930549416684956e-08
0.007667025716337178 1.937910005859096e-08
0.009427517834083611 2.1842233467701374e-08
0.007827402867760964 1.940191816894001e-08
0.008032489703723826 1.921125848622346e-08
0.00917718697151431 2.1607506524573214e-08
0.007273976536906472 1.9196625618821234e-08
0.007671247352941064 1.9233312864814274e-08
0.008037970693105141 2.1664895528650294e-08
0.0075722521531445056 2.129292672290456e-08
0.006438883830476472 1.858814449905779e-08
0.005636811739746814 1.8153483588007766e-08
0.004641914474630707 2.006707945991555e-08
