10 50
-0.1662188548353749 3.1020459746025304e-07
0.20461412903515197 3.8043424876623975e-07
0.22005225013018265 4.059998515906654e-07
0.10107682549165597 3.907673871664142e-07
0.1387270079525711 4.023392048217151e-07
0.15240349974702294 4.17604376478695e-07
0.14338142947909815 4.201837647701147e-07
0.12216323790837735 4.047737801269322e-07
0.10021145835123324 3.8070100341695573e-07
0.08644346460833252 3.5564401163067963e-07
0.06857332244589276 3.3610754124999863e-07
0.061582121794175104 3.2469803419356053e-07
0.05550431270126105 3.2036845796159046e-07
0.06470437336297713 3.1629179145532565e-07
0.08807550579844858 3.1546099996271257e-07
0.10419798400286273 2.9172177364568797e-07
0.09667975145304875 2.5701705435950843e-07
0.07641582863534457 2.3162710868608812e-07
0.06965396446299538 2.1636009806582055e-07
0.060087807428578 2.0140678681454507e-07
0.06172317937064059 1.972329981333899e-07
0.05545459798057964 1.9010131645896684e-07
0.051334640274123516 1.827191700391402e-07
0.050102430255792085 1.8311940188722975e-07
0.04923242985762752 1.8154956636092052e-07
0.04971807286624297 1.7799296386537507e-07
0.04446841277970831 1.6721785017698088e-07
0.04430649484932614 1.6597880592848916e-07
0.042912727985492005 1.6735383732341292e-07
0.038470566415442886 1.665377515563319e-07
0.046295654273442954 1.7429700752339215e-07
0.04079628661993567 1.714217060322006e-07
0.04371544795089333 1.6863545399799916e-07
0.03744586130548272 1.653300123934018e-07
0.0332305079814571 1.6687142562310723e-07
0.02262322338748196 1.7407074082404276e-07
0.013108471908828911 1.9515781241728156e-07
0.01342478064719621 2.2602990045865212e-07
0.011896967506356548 2.3375393122152252e-07
0.024751276622012708 2.028678761402808e-07
0.03643309235251968 1.684664902693088e-07
0.03266342486595364 1.5680146997198466e-07
0.03303643824449093 1.555637505835994e-07
0.03637162352111098 1.5380395324772686e-07
0.035363023135710436 1.5174743857448518e-07
0.03247909444354369 1.4853093083812942e-07
0.03144660684040787 1.4785140811293087e-07
0.03436886129054206 1.4833572200830196e-07
0.032813458689335884 1.455081392631961e-07
0.02719773467782291 1.448036543120994e-07
