-0.030546719691780952 4.5592395209420584e-08
-0.02990737940471143 4.5955761774126225e-08
-0.029454007529165736 4.6097760661408274e-08
-0.030550353711607095 4.6634518157701486e-08
-0.03110823887339676 4.697370186628019e-08
-0.028382984782229267 4.760578895717645e-08
-0.026715947183933414 4.8267932307444376e-08
-0.021888187635126954 4.883679887741787e-08
-0.01624732619756035 4.9340215098605974e-08
-0.009509262900734464 5.0219863671504806e-08
-0.002280959424153045 5.126213870260822e-08
0.005093380035026324 5.257530394373597e-08
0.013108816845631324 5.386786527279769e-08
0.0212362845240167 5.5073622383714454e-08
0.027161790085729554 5.641474129257513e-08
0.033765631908953236 5.769465084859676e-08
0.038070953261329143 5.9071445866251304e-08
0.042895616243568704 6.033393383732673e-08
0.0460794413495674 6.128768993579329e-08
0.047795261632428504 6.227205484774091e-08
0.04785650846154048 6.281349538453521e-08
0.04600018202296016 6.333761464992328e-08
0.044731811958198975 6.324222841164718e-08
0.041633490694283695 6.318207899010743e-08
0.03814260505550657 6.28296539237279e-08
0.0333732657825494 6.266860054817868e-08
0.030031378563655023 6.231038713341642e-08
0.02658528994085757 6.185683747970055e-08
0.023381039476274595 6.142892333900147e-08
0.020447099816567046 6.10022212149814e-08
0.018659006044640283 6.067510530920581e-08
0.016879085407637745 6.034253835018524e-08
0.015575414911346702 6.023721541627372e-08
0.015132672433723238 6.017428884290017e-08
0.014961935112252064 6.011695928645825e-08
0.015462999500739372 5.99380399208987e-08
0.01527544298505941 5.994144616928242e-08
0.015701962075097886 5.998006049686338e-08
0.015676002469562425 6.02098674400464e-08
0.016401608427805872 6.032873638800738e-08
0.01711880078939547 6.054956419972522e-08
0.01803820370157086 6.072999820984245e-08
0.01903140980732891 6.103428447200804e-08
0.02041558063848685 6.13040653550666e-08
0.021177206735114765 6.161589013554016e-08
0.02138976672803461 6.186660928989895e-08
0.022370487752406285 6.207484654444634e-08
0.022512571384487215 6.242887837073629e-08
0.02319184959883472 6.280738250107901e-08
0.022888518267554614 6.319956789791772e-08
0.023356599799590552 6.341195980462677e-08
0.023207577461241816 6.356787068034426e-08
0.022880653632406642 6.379059370414608e-08
0.02333636573089541 6.390959643015945e-08
0.023367959709839153 6.415066557628266e-08
0.023804238009168283 6.424138234154732e-08
0.023655535625082644 6.438336266158145e-08
0.023851672336901622 6.453547129943001e-08
0.02342560104279376 6.474294171446236e-08
0.023260595017264477 6.48860370714458e-08
0.022918019465311912 6.498175357075793e-08
0.02291789265267849 6.497389568262933e-08
0.022898297641768303 6.500582225911856e-08
0.022563638579320686 6.490815391417432e-08
0.022287615890610207 6.472237093201255e-08
0.02164795762684603 6.465670672301561e-08
0.021510430504937617 6.451561305392365e-08
0.021583757449590152 6.446743332947092e-08
0.021575194555296634 6.43016759560639e-08
0.021674872761521635 6.40824991643797e-08
0.021303255762551945 6.38522872986309e-08
0.02072880978772168 6.360837063178537e-08
0.02035364100698603 6.331069315918412e-08
0.020075591847894522 6.300248695348017e-08
0.01942192673709843 6.262316703030619e-08
0.018627626370319075 6.231180960131976e-08
0.0176482523340612 6.19590239963613e-08
0.017805862666152195 6.157082639712766e-08
0.017390746373494928 6.121861445508369e-08
0.01760022593618235 6.089160520063333e-08
0.017183649464715012 6.05039646708912e-08
0.01681048144933399 6.015065591868591e-08
0.015793481061020243 5.984006162062334e-08
0.015693155731150432 5.94805340249445e-08
0.015841733937977748 5.9028860375374655e-08
0.015528761115776793 5.845604406154787e-08
0.015279755129999684 5.8035967714824985e-08
0.014722652965605681 5.765920297659347e-08
0.014941648089290105 5.735879866426638e-08
0.01417392715846727 5.706923944731314e-08
0.01432170058520929 5.6684295553430964e-08
0.014124453344444982 5.635482254825505e-08
0.014263419666865465 5.584863892800656e-08
0.013851733402160352 5.5477436215183494e-08
0.013847906595527384 5.511109511687877e-08
0.013867983665917377 5.47285007143101e-08
0.013532574771113443 5.4364695410444535e-08
0.012731717193121092 5.393840844898747e-08
0.01175020747913641 5.36063155178792e-08
0.011399419283387752 5.324821012029218e-08
0.011596896125336986 5.29706364302035e-08
0.011546078875305385 5.2655715718784156e-08
0.01094656905042711 5.2406115045392085e-08
0.010778981610022914 5.210464058853113e-08
0.010728139131413558 5.19484273451292e-08
0.010872368360274678 5.168837529204416e-08
0.010238421215063118 5.150054208288557e-08
0.009879403815346757 5.128266753746782e-08
0.0101011755276679 5.107195426522892e-08
0.010158261122077294 5.070907842098852e-08
0.010754940013333866 5.04162383811528e-08
0.010825504719498447 5.025481281602225e-08
0.010223511114575368 5.022788409948908e-08
0.00966892875925067 5.012228166293798e-08
0.00893085571299422 4.9994188776105635e-08
0.009728931484214637 4.9855288858600894e-08
0.009038408670782372 4.988447841386111e-08
0.009015459847062923 4.982517305479671e-08
0.009056889198616136 4.97764346746447e-08
0.009317275206718476 4.9575042866703566e-08
0.009191141435203984 4.944889435093729e-08
0.008472323578437857 4.936556771488346e-08
0.008614465579373204 4.9334080269815545e-08
0.008415238838102773 4.9286797903329485e-08
0.008220777970141563 4.929488856548604e-08
0.007681242243328501 4.9354113138434644e-08
0.008424663941723295 4.935074204400179e-08
0.00848247271015061 4.9304971969436154e-08
0.009359873498810345 4.915551923556459e-08
0.009660695335334563 4.908578953633102e-08
0.009951564297815213 4.9006377742811816e-08
0.009784139181732321 4.8983979376368344e-08
0.008908228801805931 4.8938297170122647e-08
0.009013410917683096 4.879140807641306e-08
0.008857636491815146 4.871767492159536e-08
0.009458895783989021 4.86890460965746e-08
0.010072300923100089 4.864212002639302e-08
0.011260159660527666 4.8480101329916584e-08
0.01133165281588687 4.837112797135957e-08
0.011882656901619881 4.831010794992468e-08
0.011141034381964746 4.830693411380944e-08
0.012090035452504672 4.821820147743219e-08
0.01198896050541394 4.8124190615076696e-08
0.012409676984079299 4.806128361597234e-08
0.012835921915840265 4.7940557185880996e-08
0.013133288045284644 4.7890670545440596e-08
0.013681341544540815 4.7701989191452375e-08
0.01408317574987232 4.757800679891464e-08
0.014564676296066587 4.7390301545856846e-08
0.015888167048597315 4.7194411313210577e-08
0.016123051482715957 4.6890354313904374e-08
0.016514717611677728 4.658460340607999e-08
0.016332370443671113 4.622940793745134e-08
0.01627078296864537 4.581371485715364e-08
0.016279308277591026 4.531623057230305e-08
0.015663403350045083 4.4870633571103273e-08
0.015845374421801624 4.4412148843448736e-08
0.015695733970421025 4.402104822926247e-08
0.01608112786085058 4.3557261957897064e-08
0.01570140126039981 4.322478913681196e-08
0.016306558014454867 4.281721547528177e-08
0.016102226074491875 4.2467008555804314e-08
0.01623094764343458 4.206507974749759e-08
0.01601114846466991 4.1724958328391e-08
0.016049579782482684 4.127186820930186e-08
0.01562030288937051 4.0800998126182096e-08
0.014994574723146553 4.030178208522899e-08
0.014564205937697125 3.990194278347412e-08
0.014103162641273342 3.945129525913891e-08
0.01403272946635141 3.8958933019863234e-08
0.014020637860755386 3.843530064415823e-08
0.014301864010722212 3.80239505610822e-08
0.0134607630465121 3.7648989368540067e-08
0.012524496669284346 3.7304671817916587e-08
0.011934593843176675 3.696531810410134e-08
0.011774273229074123 3.668334680658551e-08
0.011684194935056381 3.644975605219505e-08
0.011517551307066443 3.619140705826289e-08
0.011338988888549013 3.600474791112356e-08
0.011325370054260965 3.58310956569446e-08
0.011212529300651607 3.5628655777656866e-08
0.01161151898922231 3.53857616633927e-08
0.011772085243255646 3.5128043742699405e-08
0.012059656502668256 3.492957455969155e-08
0.011453974049766495 3.463979574085451e-08
0.011260480790484098 3.439166905529953e-08
0.010744968890957295 3.4064842833621316e-08
0.0108272230355912 3.374517171009144e-08
0.009829358006450753 3.349878487225898e-08
0.009378580340099689 3.327578245824409e-08
0.009122674345406756 3.309370579953925e-08
0.009595506292229425 3.2854590060738774e-08
0.010146087475703017 3.2714593736577884e-08
0.009996414520659191 3.265771380586902e-08
0.009906824679247292 3.2567520837985137e-08
0.009423028605484982 3.245955193931402e-08
0.009222486057162804 3.2356648848242064e-08
0.00931808001915807 3.233652377921931e-08
0.009576869376376348 3.2289434775911037e-08
0.01027399870706399 3.2172794323439134e-08
0.010520883981030044 3.2028061842827915e-08
0.011089759919517946 3.1895454157616216e-08
0.010974547079715014 3.1774218218880514e-08
0.010840924181766402 3.162068698749703e-08
0.010435446931381681 3.143320203195544e-08
0.009524648889107 3.128990179967638e-08
0.009303913248218935 3.1192846155916694e-08
0.008685994066002886 3.1062014740055414e-08
0.008947461924433416 3.0842334632041076e-08
0.008451862254977453 3.063836817124855e-08
0.008438100515860497 3.049857244120658e-08
0.008150181525893974 3.045031714156681e-08
0.00830580079321614 3.034241926783319e-08
0.00838021519635028 3.022847407813822e-08
0.008516055992689023 3.0157892463587726e-08
0.008974608823059678 3.0144332467334793e-08
0.009081545855686171 3.0105384622285606e-08
0.009564972988921817 3.007507504428338e-08
0.009045109962449338 3.0066535950724604e-08
0.009006713535654236 3.009396085368125e-08
0.00846022957637603 3.006555561249044e-08
0.008832838091585957 2.995996057208508e-08
0.008492618259487827 2.987069247226974e-08
0.00875516675658091 2.9754218029883802e-08
0.008075181040467547 2.958101399183073e-08
0.008004740266971247 2.942814574318081e-08
0.00782199597652615 2.9273038626897478e-08
0.008120880837428741 2.9229893354488165e-08
0.008390186601360601 2.9122768407936465e-08
0.008411788589808691 2.9091337623635112e-08
0.008119318010285849 2.9050280856581605e-08
0.008084911781415183 2.90934507862845e-08
0.00787176713258389 2.9138406734046663e-08
0.008057443615738326 2.9120135883950414e-08
0.00787300807017735 2.9118755443702317e-08
0.0074736647298241435 2.90666899946266e-08
0.007748234457243132 2.905821732993836e-08
0.007971936058013981 2.9007518082746178e-08
0.008369215850288006 2.8996037374362813e-08
0.008431930491067656 2.897339366100316e-08
0.008704221649963366 2.8980404731800115e-08
0.009132278154545662 2.8932582017229994e-08
0.008756959709342226 2.8936999310866564e-08
0.008131526864139316 2.8879566715254028e-08
0.007769060877472624 2.8910172230230147e-08
0.007605181179276846 2.8876893408076817e-08
0.007495600784423032 2.8849236223291442e-08
0.007265932207123821 2.8727613329677105e-08
0.007134739640109085 2.861512547845544e-08
0.007518391711212373 2.8565886697292526e-08
0.007714204447627243 2.856616613906944e-08
0.008090817605210618 2.8585543651369417e-08
0.007886034000639815 2.860036182066143e-08
0.007856558329709086 2.8593384293753097e-08
0.008466968023762685 2.8650117430184495e-08
0.008337531429101652 2.8701370095540567e-08
0.0080162164574923 2.8846920201256158e-08
0.0074630154896075385 2.883890894357344e-08
0.007887928942156841 2.879436501961349e-08
0.008291833720157946 2.869840783230186e-08
0.00835497411710262 2.8664786222386628e-08
0.008119807310685359 2.8657632157770914e-08
0.007876020934292342 2.8554446985008416e-08
0.007499679255289313 2.8526576639750133e-08
0.007614762156767159 2.8368563597246895e-08
0.007910109241008094 2.835076211063157e-08
0.007941322596717232 2.822402916355209e-08
0.007118489864660731 2.8215747279912723e-08
0.00691258856745517 2.8120060691791246e-08
0.006768048253319683 2.8082115797198743e-08
0.007370209431730432 2.8017503991519527e-08
0.00702773233051758 2.797099893170632e-08
0.00687408560685121 2.7955355969285247e-08
0.006688273054772993 2.7981141323397017e-08
0.00696748196993896 2.8061035031176027e-08
0.007944046168136515 2.8155901888725006e-08
0.008031551965878757 2.821606663654373e-08
0.008173501089877161 2.8247872572038614e-08
0.007755768976561071 2.8274348420438936e-08
0.008310129595602192 2.8382520977746012e-08
0.00853171356004026 2.8492608986296903e-08
0.008384333483170317 2.85443386901999e-08
0.007830811510320237 2.855088318202269e-08
0.007332312990094021 2.8487198989896233e-08
0.007186468034793003 2.846152539018917e-08
0.0072565615127934135 2.837900158576619e-08
0.007049022898345851 2.8279748165862132e-08
0.007085770466970384 2.8213352304976677e-08
0.0066145797792400984 2.8157695779145234e-08
0.007113410960780067 2.8203692963976887e-08
0.006892081165932859 2.8114705964729915e-08
0.0069586451993572385 2.8111912331084932e-08
0.006243012458288517 2.8026262324699287e-08
0.006185633425890132 2.809859199003448e-08
0.005930282269192039 2.8094525045466762e-08
0.006607088511382135 2.8242242442793918e-08
0.006577844424120509 2.8269303967181504e-08
0.006775964787354052 2.838668860673571e-08
0.006802921737986585 2.8387005327413895e-08
0.007127072523522196 2.853943346149596e-08
0.007464642311121386 2.8677060675992115e-08
0.007242146544947897 2.886413987604435e-08
0.0071800319286879286 2.8964057950360113e-08
0.007512781826755514 2.9058562989167126e-08
0.0077758853054064395 2.910452562693234e-08
0.008433117321164488 2.915976243249897e-08
0.008131527244533573 2.9145799662608034e-08
0.007829517518064162 2.9083078348651852e-08
0.007458110850633012 2.9000167655316124e-08
0.007584264375919497 2.8918284308204567e-08
0.007761540227803718 2.8880182326019947e-08
0.008008244608374869 2.8870339341377732e-08
0.007622979231600088 2.8804411513096223e-08
0.00722689718462536 2.8707920959954806e-08
0.006221139898267163 2.8588200372883334e-08
0.006261664380721302 2.849411969073482e-08
0.006568658824520082 2.8484001136504206e-08
0.006709391719334545 2.8469981330414884e-08
0.00648039285893879 2.8426036632440006e-08
0.00646932230529082 2.82931813829126e-08
0.006721289560605734 2.8225110712137724e-08
0.007028159028516057 2.8178187810759555e-08
0.007166984858578633 2.8262061716230412e-08
0.006922752913918612 2.8182545692381863e-08
0.007214567939132804 2.8204278780004082e-08
0.00680853135431933 2.811883417441339e-08
0.007433647794846017 2.8102497158342945e-08
0.007353959122912236 2.7996375735844446e-08
0.008029408964031537 2.796666062351775e-08
0.007618052990996348 2.7862950429662042e-08
0.007457043992845129 2.789326828695379e-08
0.006677824057201638 2.7800879337488065e-08
0.006980148364814108 2.7787887632706305e-08
0.0067530181904291164 2.764713735525853e-08
0.006729280372718478 2.7612517913558993e-08
0.005848557959868411 2.7497400138931644e-08
0.005876877851463673 2.7554635676005342e-08
0.0053992374967108195 2.739594153724177e-08
0.006155556781194033 2.7425403666882663e-08
0.005650379544241316 2.723459431228553e-08
0.0062389891940744235 2.733432031856943e-08
0.005512999803529796 2.7322778929581838e-08
0.006154239807117379 2.7553411094841793e-08
0.00559995915918312 2.7600319675489143e-08
0.005935073812019236 2.7779707057615294e-08
0.005370654816722768 2.778825026244183e-08
0.005707457084790923 2.7935425942532717e-08
0.005315126773569254 2.7990353959524638e-08
0.005141536124698302 2.8099217995571688e-08
0.004682571787869898 2.820454314559487e-08
0.004365102479869251 2.827972014078216e-08
0.0044281786859424604 2.8507066111717038e-08
0.00443511093387193 2.870771608841506e-08
0.004824962669224296 2.9086233540986935e-08
0.004525628650524083 2.929802299279303e-08
0.004099801505314672 2.9560522682034647e-08
0.0033433131133897218 2.96796776472548e-08
0.0031426680491506848 2.991839181838221e-08
0.002704455205593634 3.0146184808727745e-08
0.002863236753127843 3.05675272408329e-08
0.002565300550555566 3.0907243286939175e-08
0.0025895419752483967 3.134336519019278e-08
0.0021053380258066745 3.161665677441617e-08
0.002114054414749239 3.207391282948761e-08
0.002341152117462053 3.248750365052541e-08
0.002679262872010778 3.306949847761161e-08
0.0023803120792369598 3.360454471598193e-08
0.002279741314287223 3.4088923302469953e-08
0.001665754853879195 3.4464193688508655e-08
0.001809106744880995 3.4898692457670074e-08
0.001773156324134606 3.54168085905543e-08
0.002111341425225635 3.6061583941796676e-08
0.002648753690221217 3.662973803047412e-08
0.002789569488492169 3.715814168485824e-08
0.0027512511956940475 3.751389286909548e-08
0.0018813920695232023 3.775649200305715e-08
0.0016160759299001515 3.7973279338630714e-08
0.0015471791846956295 3.8238823143757865e-08
0.0024167856475564437 3.85580348299805e-08
0.0024862765273435602 3.8928867134127764e-08
0.0027467721006473877 3.914560992574605e-08
0.0019531066888176102 3.9167254714101487e-08
0.0016515170566120882 3.89486830388372e-08
0.00120690006446178 3.869444771256695e-08
0.0014258863436340877 3.8563434549933274e-08
0.0021146650571794434 3.8411113542100165e-08
0.002772547235811121 3.834041713578061e-08
0.0024869910629506733 3.798772384374891e-08
0.002214340361306938 3.7560641136005926e-08
0.0015994878179520153 3.694752972289739e-08
0.0018593486208612967 3.6305831158984355e-08
0.002757386064249037 3.5809317139023834e-08
0.003648227337460591 3.521417553013718e-08
0.004450120378912299 3.479632085536305e-08
0.003830890971773096 3.399165632366627e-08
0.0038906127499555992 3.333379997613052e-08
0.0034440493431489166 3.246488367957724e-08
0.004023830845920916 3.1816567777583065e-08
0.004808990998771301 3.126422613354323e-08
0.0058383266922936924 3.079928817748201e-08
0.006329072102566578 3.0435935301508655e-08
0.006137675482625116 2.9877567664913256e-08
0.0060050938998781195 2.940204109429842e-08
0.005446223646293553 2.8740308956525644e-08
0.005466193725564207 2.8203358565736637e-08
0.00572654529359911 2.774622742271145e-08
0.0062450476525597945 2.756514719986915e-08
0.006808176734968044 2.7445067011507485e-08
0.006701508447443813 2.7196987270653024e-08
0.006284247481974176 2.6850505927077618e-08
0.005001063964469851 2.635485814770477e-08
0.004483829789529409 2.5990537767786638e-08
0.004534349455787942 2.5650598681460575e-08
0.004996915703485809 2.5568018368500784e-08
0.005779384920591081 2.551091351600869e-08
0.0063278715183887405 2.5438498182912522e-08
0.006254871749458282 2.5260324420365078e-08
0.005316257252304349 2.4946928706011158e-08
0.0045895935114608 2.4734010882881603e-08
0.004496124638890722 2.4516770956864725e-08
0.004613016470996385 2.4482922187542236e-08
0.005123107734587469 2.4504091851131764e-08
0.0049983438995524765 2.4552484009274878e-08
0.0055271768610640135 2.460175223489354e-08
0.004827023056486267 2.4478600130388886e-08
0.005002448989164486 2.4329660296964548e-08
0.00479005475389685 2.410982445035548e-08
0.004998252141894435 2.4006924164476795e-08
0.0055709830332848626 2.4037177663355946e-08
0.006039422405953142 2.4172438708448047e-08
0.006877681875883113 2.4317351768004682e-08
0.0066375269457491295 2.4331647941622737e-08
0.0059927516863982205 2.424265924633235e-08
0.0054183021467758 2.40682933284669e-08
0.00502549753612358 2.3900602010865063e-08
0.005083245669058781 2.383029319771539e-08
0.0054044779595987386 2.381861063520888e-08
0.005929491948178552 2.4029463700317247e-08
0.006301061608968671 2.4097332522660708e-08
0.005981874746824045 2.4203725894562713e-08
0.005689201642077708 2.407195438241887e-08
0.005191200485327438 2.390324843451923e-08
0.0051245620458684055 2.372646315452687e-08
0.005110824870662854 2.3596958373269655e-08
0.005758273674741583 2.36277292577169e-08
0.005781225380337138 2.371686514772288e-08
0.006181817616250446 2.3803028893066545e-08
0.005812514238754438 2.3836101742456686e-08
0.00546281202723202 2.3676243792900588e-08
0.004752297646254962 2.3498567278374892e-08
0.0046031926319388405 2.3290956282226355e-08
0.004776881827771855 2.3202036206392998e-08
0.005123341006626991 2.3125002200285977e-08
0.00544718455640756 2.3166591184722673e-08
0.005778042571767169 2.3249457073028255e-08
0.00569885903497799 2.335649877498875e-08
0.0051739972667160065 2.3335013748829672e-08
0.004679228299791366 2.321406508511681e-08
0.004206266986675894 2.3105651378727347e-08
0.004207014835161373 2.3020731997532966e-08
0.004281697962421491 2.2997873961977096e-08
0.00474259888232182 2.299424788895484e-08
0.005047614249345661 2.309173894969504e-08
0.005401190650943376 2.3213219862963818e-08
0.005199167216836907 2.324570060894247e-08
0.005105828718452908 2.3165774195736425e-08
0.004798673953282637 2.3054351518125688e-08
0.004634546643707754 2.2976589074219243e-08
0.004437158950135654 2.302162449076972e-08
0.004625557453288277 2.3096274992468847e-08
0.005178069390280274 2.322826905532846e-08
0.005632888834734451 2.3380221968976084e-08
0.005587541699026553 2.345746162087214e-08
0.005384205956144236 2.3462811350278996e-08
0.0054465323039876515 2.3334192236961944e-08
0.005448818787032787 2.3155893538716542e-08
0.0053637317868141104 2.3003066291584417e-08
0.005194149942130966 2.28854986429965e-08
0.005040254829051578 2.2916381282507958e-08
0.005358793783245219 2.3028473123943272e-08
0.005517017330295811 2.3109262697558598e-08
0.0060283141821733215 2.3137404216099397e-08
0.006184730856222124 2.3064595827157923e-08
0.005685037291238641 2.3025545454298628e-08
0.005044040979378495 2.284508322011451e-08
0.004438819735147495 2.26353625375975e-08
0.00444656530776269 2.2490517370895386e-08
0.004677753869992023 2.2444146573432182e-08
0.004934821905388291 2.253328911169961e-08
0.005181792650907291 2.2555863751500663e-08
0.005195615203791762 2.2644003206232675e-08
0.004908332993007136 2.27735486023884e-08
0.004587729496463036 2.2807202006225237e-08
0.004409953952101395 2.2812713379124097e-08
0.004316248283495527 2.265595438942139e-08
0.004252381400856667 2.2564604720896308e-08
0.003934920345704772 2.2493064951528655e-08
0.003718286879013301 2.24537669348231e-08
0.004059439162723326 2.2524312890920815e-08
0.00452808466083441 2.2612348631982167e-08
0.004545304647680472 2.2724679979382464e-08
0.004376021444899281 2.2736394941171818e-08
0.004040243017662905 2.274006027849348e-08
0.0042132883809415725 2.2771413043487626e-08
0.0038984845502319093 2.2688249632879954e-08
0.003966683886011815 2.264819110539571e-08
0.003944301594028955 2.2540816026987794e-08
0.004250031592903679 2.2666191671417107e-08
0.004230221339058052 2.273893043294858e-08
0.0043898310845572955 2.2881730815386307e-08
0.004676960621130058 2.3008786007841833e-08
0.004671304341154543 2.309639148191454e-08
0.005060551739641955 2.3142663060263866e-08
0.004822651771116272 2.3061825369197563e-08
0.004803272162285689 2.3007230333456155e-08
0.004293996933937914 2.296145343469093e-08
0.004506477824038624 2.2978315158104096e-08
0.00466883727076936 2.3034667723472784e-08
0.004928864662348868 2.3128181223761986e-08
0.00484949653765545 2.3195011719012438e-08
0.005394071211486211 2.3325203650472457e-08
0.005603140208120437 2.3377569972677878e-08
0.005820279792548025 2.3408937632148224e-08
0.005134517427768853 2.3226922454072755e-08
0.004529609301528244 2.3103698314130714e-08
0.004047877022220106 2.2918785933635114e-08
0.004002764934535254 2.2894642036440025e-08
0.003947711036028277 2.2801795386918922e-08
0.003885295080190858 2.280800097873908e-08
0.004542281772637782 2.283937530401933e-08
0.004699865560816682 2.289693636763904e-08
0.0049959834501591555 2.3055609329768018e-08
0.004028524218728312 2.302480072937643e-08
0.003975412335501138 2.3087337197272258e-08
0.004064938848309767 2.2959004168300568e-08
0.004811775810031518 2.2960083960800647e-08
0.004663275453141359 2.2958466959854658e-08
0.004577398700990852 2.3089910194095365e-08
0.004813204497802766 2.329805206361398e-08
0.005641230837952822 2.350267678047593e-08
0.006221961950683065 2.3751525293719998e-08
0.006436733766794149 2.3988597143106462e-08
0.006751042133772769 2.4212799640894134e-08
0.006869750180904466 2.430091409719168e-08
0.007081501489494303 2.4293451535288175e-08
0.006898491531655698 2.420841435164735e-08
0.007455210556543246 2.4191029193367097e-08
0.007292530934828859 2.4156425281445564e-08
0.007711381684772568 2.4190677711840134e-08
0.007058786571254659 2.4172767332947852e-08
0.007559212654882831 2.4291994114179163e-08
0.00733065299229313 2.440293851806129e-08
0.007608137464717335 2.4516953697859495e-08
0.007288607069942707 2.4545388027518602e-08
0.007469525183912591 2.4531260407871206e-08
0.007107669145491179 2.4409983782620495e-08
0.007156550614509136 2.4273154780769733e-08
0.006944150143704787 2.405129847060053e-08
0.006305341750601212 2.3915878662908765e-08
0.005980557108459683 2.3738874289094103e-08
0.0056391245377402505 2.3679737090958775e-08
0.005806493858514644 2.3676723466710914e-08
0.005796687108669117 2.380003791040578e-08
0.006237003888684152 2.38668631556106e-08
0.006952773508874403 2.3985719858290548e-08
0.007378718291242467 2.4022114289093634e-08
0.007443176535401802 2.4077566774393486e-08
0.0077378161687575095 2.3984277166691396e-08
0.007671815998649738 2.387077864062086e-08
0.00788653964309776 2.3805981759517687e-08
0.0070579569525239735 2.3778534620830712e-08
0.006533001121331372 2.3741626108929696e-08
0.006219415825365698 2.3684415479003017e-08
0.006875788667795382 2.371737170756111e-08
0.00747550469290216 2.3792315267734965e-08
0.008064894829196083 2.385006321639446e-08
0.0082771482063827 2.399691795518327e-08
0.008405046074499378 2.4154929866929262e-08
0.008018358179445809 2.4243035642027745e-08
0.007843429666150814 2.4247794982783407e-08
0.007987925310482785 2.415440119548316e-08
0.008524527782712309 2.4122108466860116e-08
0.009172094727558654 2.4118082318692137e-08
0.008725376138116775 2.4203603132087064e-08
0.008501317950845959 2.4353618896721443e-08
0.008588192090284365 2.4458813438661543e-08
0.00907522481779409 2.463873495354635e-08
0.00942922975949901 2.47751845554669e-08
0.009420440081288194 2.4921087155088837e-08
0.010231656805098056 2.4954665224602813e-08
0.010352323570694169 2.4959004940041734e-08
0.01005152659210793 2.4886676043276984e-08
0.009741065882024301 2.4850134026840797e-08
0.0099030387537348 2.4730056036050604e-08
0.01026842688532175 2.4679410464804423e-08
0.010023677083046752 2.460184429945031e-08
0.009697480211724473 2.4630858584768642e-08
0.009837950943254008 2.462633057416408e-08
0.009760157270537452 2.466642657284351e-08
0.010373308202855203 2.4691585905461366e-08
0.010236366370029455 2.4714421040429965e-08
0.01054980718864288 2.4704337308895537e-08
0.01011853988300173 2.4688356341969882e-08
0.009639976867601208 2.4638772153800242e-08
0.009846536654026551 2.445616541739278e-08
0.009726593227421441 2.428618321136748e-08
0.009947623780185773 2.415459671939042e-08
0.00936372807298353 2.414114155016462e-08
0.009495153931783185 2.4122593866962027e-08
0.009559716501958072 2.4128109769428107e-08
0.009664483242410926 2.4187773932594725e-08
0.009503081048433094 2.425997621388543e-08
0.009720298413105233 2.430101900064857e-08
0.010485270297809515 2.4274520602289375e-08
0.010464769333487934 2.4263775992603794e-08
0.01064880212673014 2.4244762268935383e-08
0.010035664549644021 2.426338168987533e-08
0.00953284261975951 2.424141373247746e-08
0.009735872430391299 2.4129375210531284e-08
0.009862421560605072 2.4060076345299396e-08
0.010218802698705634 2.3968069870261984e-08
0.010209294354614165 2.398285508830803e-08
0.010129896805591607 2.399506451472759e-08
0.010263852019996217 2.402161665099188e-08
0.0094727528926025 2.4058797520389874e-08
0.009093485521893336 2.399992116074375e-08
0.009091455820371297 2.3991642886305242e-08
0.009108574893667513 2.4007090837837806e-08
0.009542751734624537 2.4015032494711215e-08
0.00963536664772649 2.4068249667320373e-08
0.009603976728720612 2.4044397668515603e-08
0.009230779633716272 2.4122260115781717e-08
0.008631377462071096 2.4021952170102966e-08
0.008595185825288634 2.392570505555626e-08
0.008082950870129717 2.3735599232020863e-08
0.008744276136856362 2.3582015707762272e-08
0.008859781821799542 2.3411275374655718e-08
0.008587569332415536 2.329762011359695e-08
0.00750964024377427 2.3172741134043555e-08
0.007126277028046288 2.300684696417282e-08
0.007096607693528462 2.2785775565780148e-08
0.006995421655837386 2.2597933404235383e-08
0.006103726389784125 2.2506168690761847e-08
0.00558140431292118 2.2359925541178044e-08
0.00473396118625842 2.2233584369746533e-08
0.004472412412010768 2.197977974052455e-08
0.003980699822607684 2.1791188376783975e-08
0.0038442835783621503 2.1605067743353208e-08
0.0036085915978837854 2.1493817081070547e-08
0.0034135532859803294 2.141180404925924e-08
0.003273031048492865 2.127543206480723e-08
0.0026456682708701114 2.1135532146655107e-08
0.0020731387725642196 2.100063909423142e-08
0.0018803303070732968 2.085025228678235e-08
0.0018415293396114966 2.070996300460085e-08
