42 12
0.49082310800060736 1.8700336384912754e-06
0.6892984885795324 2.0537255109660423e-06
0.36614340971599546 1.7048355620944063e-06
0.4338743441874422 1.504201900965157e-06
0.3392989964318758 1.06576192813999e-06
0.25866953769267376 9.212401370436048e-07
0.22537424674045758 8.477134684467078e-07
0.21198373469505616 8.416190999289133e-07
0.10975898181985588 9.291894724759483e-07
0.1296193510067356 9.601745602834053e-07
0.17134312574485877 7.611192400998081e-07
0.15742450551179576 7.349047236558634e-07
