3 215
0.037998507815002885 0.545521101972649
0.04170751466207814 0.6153505223654329
0.03653182335967689 0.5555236350248891
0.03843501781230538 0.5564722978348793
0.03613291264987213 0.5680098954019623
0.032487029236200435 0.5785659411903561
0.03019019070881193 0.5825028464175446
0.031054553355657558 0.5780928072392173
0.03785623063518045 0.6421157339255366
0.03602734736552922 0.5646385297209099
0.03731746585819869 0.5609858736883919
0.036891651002541145 0.562462545469054
0.03623968473221167 0.5621959634320832
0.03909260669325741 0.6341319920799893
0.03285985781961379 0.5673047868920055
0.029732385258771928 0.5726188036379405
0.027023386722241537 0.5760462874933956
0.024412786778042227 0.5821998582702139
0.02144126076774209 0.5902079745523452
0.018440819931123155 0.596462829011194
0.017008594478748282 0.6829436138945334
0.01187343077687044 0.618714930120233
0.008696919062057953 0.629983383089155
0.0050791379792496025 0.6452305854195935
0.0022306661968197264 0.6589045790391228
-0.0005234868512664914 0.7603314451925954
-0.0034998843233970123 0.6938826948292216
-0.005619512411925813 0.7126628251645105
-0.008142264411027417 0.7321032365230251
-0.010061413176330199 0.7513040645522993
-0.01192914884535988 0.7721923022884764
-0.012818016334789288 0.7886415571299119
-0.014086609298975851 0.8069685476627179
-0.014469786589313208 0.8224641265984458
-0.01577553984272674 0.8448601679061415
-0.016396889423101482 0.8655844221008032
-0.016626970469984875 0.8837259128096839
-0.01922427834609587 1.0170493608378475
-0.018169144376425583 0.9272450542644725
-0.017107054010476644 0.9394372174332887
-0.017393258028467376 0.9625261091804601
-0.01693769315668514 0.9810807684411037
-0.01945815649012042 1.1313107309477373
-0.016760004405231524 1.0238883987834084
-0.017537471122004183 1.0458547075083262
-0.0178118344980729 1.0634191090271201
-0.017017836069628492 1.0812130064784062
-0.01822926282222609 1.1088498913561504
-0.018058948365039226 1.122317953791728
-0.02076062467047106 1.2820528235003632
-0.016817874090423984 1.1518014443916123
-0.015146160828990438 1.1597899353132886
-0.014972185015151906 1.174592528916524
-0.012198310521170444 1.17896977132269
-0.010934025433906314 1.1907790509107188
-0.007268696420484222 1.187272703563907
-0.005133158921720046 1.1904000541852928
-0.0022257048763737186 1.1868663209045007
-0.0007439709508330061 1.1862484683047563
0.00031601298589398197 1.1859604852845633
0.0007953241533143612 1.182493649007889
0.0032296634111020905 1.1730507633559937
0.00504182695555809 1.1595950157853345
0.0065683493646960245 1.144266956645953
0.008158699312925594 1.1241438132049868
0.008236370037124144 1.1093620276808658
0.008746021881077995 1.0903966465315642
0.010073533241232613 1.0660286211374401
0.011730235197210129 1.0370463600935709
0.011664860770596128 1.009834584503534
0.012522088676995051 0.977543511100345
0.011823605612323568 0.9518911163795932
0.012003145004843715 0.9165573344365594
0.013209957413173039 0.8776360657029563
0.01374449838972925 0.8406919934256409
0.014826620153407716 0.7989475117983387
0.01581998446560514 0.7544937051853353
0.016706152666180918 0.7099281282202818
0.01767109239003837 0.6657918614784236
0.018434561894430858 0.6202583191005373
0.0199242569375853 0.5720537946683732
0.021359021316131457 0.5264136887158045
0.022845066234887426 0.48060227211420725
0.023940831268443447 0.4381690214687571
0.024184200436036085 0.3987909637071695
0.02471523789165701 0.3613598364674968
0.026305347040277052 0.3251666061086689
0.026948273605621235 0.2931164575440999
0.023754833752652298 0.23103014059132987
0.02364732993261364 0.20832199640511662
0.023750503729321908 0.1878373867451262
0.02691538654264834 0.193964067460265
0.02293824225721726 0.15399913005155969
0.022945204728098093 0.13994301869666298
0.022723837110413106 0.1273882168292745
0.025951483592553073 0.13276835946734686
0.02541333336368387 0.1225457868009984
0.021921279493450917 0.09881522635672815
0.021260500626150924 0.0927826896597329
0.020609972737393425 0.08765850576637678
0.022669758110673004 0.09509173996066966
0.021991528626721282 0.09072056004079558
0.019021881958339766 0.07568659496938272
0.018442493162894126 0.07296184011427018
0.020449899544543463 0.08077899527780023
0.02058324007436607 0.07800193690252707
0.01703877765741551 0.06723694490755286
0.016373777813073916 0.06632585615357675
0.015655630041560856 0.06534919109085018
0.01725910245871274 0.07333274377909489
0.0167076077465024 0.0725729544787799
0.01473379987535726 0.062499818307554904
0.014168323648448354 0.0618872669146271
0.014111849663842114 0.06139198126795237
0.015604664227278575 0.06968222931814383
0.013273801698906622 0.06012412606891788
0.01294192228478562 0.059103044565734966
0.012823153285806969 0.058728717410595876
0.014347137754561552 0.06647073093334081
0.01441016000259691 0.06581247520015894
0.011983283903827368 0.057644206642562694
0.011904225314127256 0.057105356102296605
0.013046038989879289 0.06498123222220255
0.013057388726710348 0.06434948951890719
0.011066516750050479 0.05650745299474937
0.012542064126254065 0.06389999449459369
0.012631009036303823 0.06346174547588884
0.011011498741059864 0.05434173119489163
0.01105484696052016 0.053901495436409506
0.01230964188737068 0.061458847618197254
0.0122871503264469 0.061531488999179686
0.010083216482495133 0.05410515849978042
0.011807338576455773 0.061307226100922346
0.011404002324366 0.06124142165927802
0.010446931774448998 0.05252057517063213
0.010528270547613527 0.052695724517223555
0.012038594054730272 0.05967795755354796
0.012326554485494452 0.058216098425622066
0.010458831823841696 0.051652072557984915
0.012385159382261385 0.05779074626190516
0.011777533417017792 0.05833242887363941
0.011755539575158253 0.05809219668418836
0.011877862837846542 0.05732948527085511
0.011961202561896613 0.05779787567329589
0.011863951305104339 0.05730559663423542
0.012412847210630054 0.05729121734923782
0.012298930548483845 0.057555334748171184
0.012358881422551298 0.05636697700790535
0.01235623312348609 0.05638750109728631
0.012368478443577115 0.05581089172210753
0.012611092880614752 0.05510574255522964
0.012245776825161477 0.05549138632888724
0.012568040937740122 0.05481533151496334
0.012756038679872062 0.05432580728758908
0.012580339714132261 0.05495803219795407
0.012494885999951931 0.054949920867097796
0.01242992368110794 0.0550881416455177
0.012262017621819117 0.05509465053744319
0.012505864809194252 0.05440422410844259
0.012383640879323941 0.05399408787993603
0.012526430569641651 0.054168993478709584
0.01296718762398134 0.05388932338011874
0.012933839878306956 0.05336133807726287
0.01307379121597731 0.05353351612944652
0.012750630903764498 0.05327244762251527
0.013200383946619237 0.05238498391751598
0.012870566880996156 0.05335764472648191
0.012845228935854835 0.05287409427185368
0.013103751226344062 0.052436790865069347
0.013380029167090558 0.052441195876576065
0.013654283393894885 0.05266181289035879
0.013773727849770677 0.05268186160707846
0.013695111081327076 0.052144398289716495
0.013965856973755077 0.05223873530641418
0.013766282535212903 0.052451376789855
0.014123616615596284 0.05140462995604169
0.014146415261213595 0.05150557898932914
0.014469403923950196 0.05135174039470897
0.014325153966044078 0.05134163451660993
0.013441856467778675 0.05307572069670709
0.013179433518863014 0.05386286757400948
0.013064403100507974 0.05357361547398011
0.012755434965605925 0.053051391643837716
0.012849396208863481 0.05329615299517709
0.013257927068855067 0.05269900232736044
0.012877138492467986 0.05250344138766104
0.01259064378579642 0.051540755293174235
0.01250603124396413 0.05164410457893418
0.012578003252448034 0.05244008613157852
0.012623606773156843 0.051652022297687734
0.011934671563721556 0.052274405278906075
0.013212300103857327 0.0591827860587636
0.011110092605465357 0.053501520607919545
0.011185280811135685 0.05352564335596193
0.012315941152628728 0.05974290813438228
0.011035496820777865 0.05418362343713963
0.010527222813630499 0.05535537999823197
0.011110836614453997 0.061737205523400736
0.011228610065490783 0.061712874789038336
0.009659303691205027 0.05524312078139511
0.009957478723716096 0.05522682421876674
0.010756405397730286 0.06179238778543449
0.009433118229717792 0.0544922102102677
0.00919153578231285 0.05497730514922855
0.01000200102134736 0.06211081673318287
0.008077711170433838 0.05568302349596726
0.008064651798488177 0.05535240926816784
0.00903062665936641 0.06301719342507926
0.00820419900199126 0.055121296902877585
0.007495802164116782 0.0561894384159848
0.008853293302400218 0.06275188433079196
0.008431362279702086 0.0632658367411496
0.007789390791542707 0.055331830605771404
0.007287375654394862 0.05415250433275151
0.008091085307394117 0.06025785887944767
