10 50
0.301266256990656 4.468176556974706
0.2840298815454656 4.723194103663232
0.2695060438020934 4.6492480179543
0.29881722685181455 4.565716111625161
0.2537306472811246 4.6302634150118624
0.17841898974810788 4.780569377045966
0.09256019201755306 5.040477901401173
0.006574179490624166 5.426449448775495
-0.06138267937939046 5.919352023954839
-0.10641770465393963 6.436989817142842
-0.12980756773182361 6.946393744654217
-0.1423137207334182 7.480812554161725
-0.14027888832991364 8.020797699973102
-0.14170735487365405 8.563109905081246
-0.15001903431175445 9.244162267213134
-0.12533448078486675 9.457093636870244
-0.07077474453796151 9.356234488119568
-0.008379458636601833 9.342174237769834
0.026361673733257596 9.213984950144635
0.06255921651647534 8.656018541519213
0.08734193786072131 8.205678884156075
0.09512366080048362 7.433901692196527
0.11158737940280922 6.345129249740364
0.13746474509682888 5.296561833569858
0.17012656299591114 4.0865310289690004
0.19062520545652092 2.9459215755234953
0.19951411854111667 1.9888176551013386
0.19697763998148876 1.413796004312967
0.1912602949669205 1.0309971265439994
0.18034091106747185 0.7929468956789912
0.1652768576086779 0.6753644417857846
0.15366928332231594 0.5961995454439564
0.13542970758061684 0.5610563889940832
0.12410282795378878 0.5357243335290176
0.11575706753970672 0.5182466388370401
0.10679894372000924 0.49094844279456334
0.098787024421867 0.4814528486135371
0.09488006088056708 0.4812665222733798
0.09540080010065141 0.4712254235958435
0.08987216009822513 0.46948326266576673
0.08937496359499808 0.45199429425534066
0.09451263135647944 0.4528379499979304
0.09399395574605923 0.46346543507870813
0.0968349465714092 0.4598467116913919
0.09897454312440027 0.45004929604724175
0.09981432803510609 0.4408211859971237
0.10043040421570196 0.4392727399589628
0.09900479062508971 0.43651061367799376
0.10290946471302725 0.43001894486906167
0.10355354723556093 0.42432923338346185
