0.04858233479116152 0.6746468778753075
0.047987195955711326 0.6777792239183299
0.04700907358180127 0.6860235310133702
0.0473048995169458 0.6813016504619678
0.047117071477515024 0.6820233247644613
0.0455662944382165 0.6854222804920908
0.04487523160264485 0.690242836671552
0.04513449794472861 0.6950334861901225
0.046195060454462304 0.6937756013720806
0.047188767748833765 0.6940860459300777
0.04775330951100414 0.6943815108309883
0.048334235019757935 0.69679923375619
0.047568146141199974 0.70293438580244
0.04583174928763064 0.7069355738220225
0.04450053233704837 0.713089164682863
0.042813616275294133 0.7168036307310603
0.04147978290768184 0.7214254969134518
0.03973779018281814 0.7249893560624178
0.03911661723486187 0.726914606399158
0.038014778054538435 0.7281516162935997
0.03746069871749032 0.7281054997502413
0.03754114936242322 0.726290310586709
0.038448034646187915 0.7238922611808448
0.039188348742954834 0.7213397569171783
0.04001014827366854 0.7185231552536127
0.04137226529986279 0.7150275055113887
0.042752691667207 0.7118963476565067
0.04364269751947552 0.709367939225139
0.044811599809386246 0.7067739968613564
0.045256768604441916 0.7048223274409985
0.04626751558561093 0.7033602800245071
0.04616589025849105 0.7018846914543618
0.04712777438700433 0.7005799927665983
0.04685786444355082 0.7006964373952442
0.046580581926900975 0.7025231877450169
0.04564854557945056 0.7036331759275983
0.04559759957653407 0.7044333028169726
0.04537315217521079 0.7029197968875206
0.04522605965531709 0.7025701116926677
0.04430581652928832 0.7025340233750721
0.04371795703021271 0.7038636430881692
0.04315450228813931 0.7053185615340648
0.042407761665595525 0.7054091553317132
0.0416812978328598 0.7079687049894722
0.040468346716173526 0.7102932622405213
0.03897569864234219 0.7138103715169128
0.03775164956373207 0.7150065801930687
0.03657931358319674 0.7165404289017621
0.03594919805187797 0.7171667524591915
0.034479519848732175 0.7187360670601886
0.03307894695687069 0.7213796516732802
0.03182698472901952 0.7248391975996186
0.030853884825108892 0.727072008375483
0.03017808212000012 0.7284276373001349
0.029087444225890786 0.7305615853558157
0.027634450708021615 0.7354770370306701
0.025968701211336688 0.7400428993502768
0.024937431776876174 0.7425178588375809
0.023708213212235554 0.7439742921890982
0.02239383661557165 0.7471827803388656
0.020894566530821973 0.7519185258020024
0.019474936106659423 0.7568081843889505
0.018321940512779744 0.7608442909321778
0.0170122817142917 0.7652653138518339
0.015473877664374532 0.7713769464885539
0.01420969927780117 0.7754103788120066
0.012540520219511658 0.7809705315365497
0.011683137410819236 0.7844287043642346
0.010059160244325328 0.7905297533586307
0.008599700271985686 0.797028171010871
0.007162687224184658 0.8030092248886879
0.005535157723939144 0.8100672386602731
0.004203671573065747 0.8155481711454938
0.0031526885567559546 0.8210987471432305
0.0024239769352932747 0.8261627004545532
0.0012879068739262353 0.8324974423956597
-2.935702607076429e-05 0.841191574534726
-0.0011339470878547753 0.84843385922664
-0.002500976666155834 0.8559152591543996
-0.003762222301057154 0.8631576959488861
-0.004987488507435869 0.8715490411242667
-0.005783277066040267 0.8795372427136747
-0.006656330500010986 0.8871690554229948
-0.007392450529803307 0.8944880074882564
-0.008472779317173815 0.9032044832445576
-0.009461410815557014 0.9111321448100669
-0.010894250212011278 0.9191259464974703
-0.011323166604197535 0.9258467031196995
-0.012135958753231098 0.9339384132850114
-0.013017574187594042 0.94432174809571
-0.013892923925659627 0.9537781726755252
-0.014833223438471932 0.9626340912297329
-0.014989648674927344 0.9678466644914305
-0.015381319948493996 0.9741923688743455
-0.015650582287713058 0.9812294970636041
-0.016394458549259763 0.9903743957611484
-0.016842391161940348 0.9987950712417141
-0.017567705218457255 1.005710885340527
-0.01764881802898189 1.0117104838162394
-0.017826745069517397 1.016584807086512
-0.017862587799280488 1.0243594031439012
-0.018311878674002025 1.0318009133521842
-0.01901022315896629 1.0408875188104256
-0.019334865134517917 1.0500037145759298
-0.020103984472301217 1.0621467051895441
-0.02036862582492438 1.0718999837346777
-0.020471790019110148 1.078496830251372
-0.02052043353864587 1.0854642250007587
-0.02034736377814922 1.092800544327902
-0.020787416821822335 1.1019848027538797
-0.020780009353139256 1.1073299792702986
-0.021000976142357367 1.1150347121114916
-0.02120294593546801 1.1245002965092692
-0.02151767261141002 1.135609394241417
-0.02240483104497186 1.1477125793264271
-0.023049828750829518 1.1562902375322552
-0.022373032190233816 1.1618223981288929
-0.022065417327790382 1.1661825756969302
-0.021448157625230252 1.1716549554954103
-0.021319477400960782 1.1769380880877782
-0.02063772220973069 1.18458851881599
-0.02143900505969376 1.1966219391038178
-0.022044140011474048 1.209693333847298
-0.022162561743754555 1.2176434555395244
-0.021201457868029544 1.2223550826132903
-0.021142775023682753 1.230346838489434
-0.020974534786276616 1.2404041382787816
-0.021253648297210284 1.2509204493056563
-0.02198669945861398 1.2631033972449353
-0.02232153791752936 1.2721859393722732
-0.021291547521552184 1.2762839846168486
-0.020608463491529075 1.2834370123418182
-0.02146312915864597 1.294050417327726
-0.0218431360787196 1.3044512765156224
-0.022000541726290207 1.3101854922551557
-0.021483212553732756 1.314076502313178
-0.02231563114765224 1.324877757286274
-0.022213955097529367 1.3336700152814884
-0.02222742391608344 1.3435163629101383
-0.021130395050295764 1.346649353261094
-0.021414195123774807 1.356383162934883
-0.021812119933947563 1.36946381939299
-0.023160008069773322 1.3842491227287264
-0.022413148985791262 1.3878756056616108
-0.022488518966172655 1.393517798422852
-0.021950348870927602 1.3968590200870243
-0.02319702204166979 1.408935864392256
-0.022870283793031326 1.412884380691253
-0.023553726714064888 1.4229520881563182
-0.02258099477586907 1.4260541862888254
-0.022476337793310416 1.4328264561982391
-0.0213188488228334 1.4371316192087005
-0.020725836403226047 1.44237199177029
-0.018995814927458776 1.441354090236532
-0.01897808516277566 1.4473869832560748
-0.01888731690970258 1.4520878550273115
-0.01979034366921842 1.4633625244492283
-0.019206704487916712 1.4675112942968098
-0.018223758049965053 1.468970027994667
-0.017527002899165256 1.4731537115618307
-0.015540678280817039 1.4705427775653368
-0.014955098022108676 1.4768816507413465
-0.013989180985503002 1.4795969998504324
-0.014199738539003914 1.4874824428147049
-0.013135325045759469 1.4894651844618376
-0.011853118270783267 1.4887675358253687
-0.00958231338415802 1.4833384167733015
-0.008589427667050897 1.4848433421362128
-0.007213094069813242 1.485104727876053
-0.006832682615759714 1.4877507788332445
-0.006000214688541186 1.4882493566301576
-0.005171303361236751 1.488687347551424
-0.00371604054456455 1.4857540725199034
-0.001848221646370038 1.481411729741518
-0.0009909661004403741 1.4800398478476409
-0.0010783717861765074 1.4835552893542263
-0.0007815555909058691 1.4820658814074121
-0.00019714168977921775 1.4823003286110974
0.0003023205531186568 1.481774181896799
0.00048771191161635363 1.483127031314778
0.0005302077331806043 1.480279359490667
0.0005751918657626309 1.4799781202305982
0.001413118517523529 1.4762560022892912
0.0022804063669784602 1.474160109099374
0.003790516528904553 1.467759227201047
0.0042836419988498825 1.4648676811886878
0.004889106807029878 1.4589769715121692
0.005705165886991548 1.4536278143399393
0.006899401501904434 1.4453597251235615
0.007952870851752517 1.438449775210617
0.008061916307204417 1.4338687237267407
0.008358957104536616 1.426798667888304
0.009021400010617006 1.419773880981572
0.009885354247218092 1.4103575858260575
0.010511394035094157 1.4000019471861698
0.010814807753772054 1.3929828315085253
0.010358403778681385 1.3887691143288996
0.01023252131412726 1.3846359548730287
0.010181966026617112 1.3771570854131983
0.010751745411384087 1.3669365843191825
0.011113309291312157 1.3590550320098833
0.011509803927245751 1.350498608420564
0.012231860816118253 1.3393329301124597
0.012951972286964791 1.325738622731292
0.014148364641151198 1.3112870094685227
0.014445647090894673 1.3016059407624365
0.014879940902128089 1.2910099594712698
0.014594898312820348 1.281129297508003
0.014565062813926818 1.2685328246278087
0.014597089112565187 1.2560536366311696
0.015204514560567498 1.2405049413695084
0.015549044518779809 1.2275054692872718
0.015756177173709654 1.2163533084637297
0.01513276159691053 1.2079352175807347
0.01479125344558066 1.1967995972695986
0.014767760585225734 1.1829281936791816
0.014685341225853146 1.1695075018934804
0.015013567233605182 1.1532623840058558
0.014994295278505765 1.138130952085673
0.015659432130034887 1.121468913194245
0.016116665460573956 1.105639058860463
0.01690822807236053 1.088451105397052
0.017067176886367066 1.0726328288917735
0.017181449274851296 1.058399725366565
0.01717979669946891 1.0433302581973578
0.017505843053870693 1.0265626115813602
0.018306231042734072 1.0073704897861495
0.018760319340782074 0.9899982897095267
0.01963273660819026 0.9706465989735861
0.01983917223559427 0.9517065168126
0.0197107889284208 0.9345277461508459
0.019948114504717215 0.9157067396962564
0.020458093851575106 0.8975130685497842
0.021307287813879583 0.8773072520010208
0.021830703168446236 0.8592615461392118
0.021913235234092478 0.8413132170946558
0.022264495740999646 0.8231664366012613
0.02232594493549883 0.8048213664824511
0.022820070885084552 0.7853573725078206
0.023266333850995177 0.7652884252436108
0.024001337537320297 0.7443759870659868
0.024582560249887343 0.7250321307834289
0.02522808209407873 0.7051023558875857
0.0256571165270813 0.686539603480263
0.0264273573669692 0.6672871457937871
0.02697019592335492 0.6487470759956117
0.027823890726341872 0.6296537545231652
0.028321176323625664 0.610193401088771
0.0287914892635961 0.5913122791968155
0.029144491621010446 0.5734243135219855
0.029616402775802818 0.556245094740033
0.030235675395309233 0.539177458931922
0.03003279090255377 0.5229920360936183
0.03023174025798453 0.5063574328484223
0.030228760832100517 0.49061997641941646
0.030524864747834536 0.47458930372921
0.030824679321411606 0.45922975095345797
0.03096341540772565 0.4441698402152068
0.03182927581664702 0.42882977976655207
0.03243892836375363 0.4139463792009078
0.03332443923694276 0.3989701360708108
0.03354348065759609 0.38565975218663506
0.03364015898770408 0.37266238899860377
0.03373052502634327 0.36012875486158347
0.0340284525712843 0.3471735851565085
0.03400487610714082 0.33550166366790873
0.03386607747187234 0.3245844523073837
0.03384021787497686 0.31401811766331433
0.03371785805612266 0.30298061513703856
0.033845941751340494 0.2922250888775416
0.03385152294350175 0.28228569919971064
0.03396989219491238 0.27288748127345647
0.03388868988886009 0.2637907665697264
0.03367859431676781 0.25498575749547686
0.033700388812917745 0.2464544821685245
0.03358807754370692 0.23845568648216559
0.03333548756385794 0.23082170516675235
0.03298745492919841 0.2236116214687116
0.032550380091418064 0.21638589296428742
0.03262540530798806 0.20921498936783245
0.03268205375695498 0.2028503417516252
0.032875674037617375 0.19698685452459355
0.03266430640829804 0.19081323613122114
0.03240297789161469 0.18497810524898292
0.03252227099527567 0.17898822854892057
0.032665280782812306 0.17372173050641276
0.03265195763698336 0.1681057731779367
0.032226751344403025 0.16381512549044933
0.031775885107779525 0.15959060199525607
0.03181970250419715 0.155489197919977
0.031713630905007124 0.15087526908249288
0.03173850774349407 0.1467094052132027
0.0315497538570411 0.14275021711182448
0.03108247326711049 0.13957900105028342
0.030604245850812138 0.1367020760202354
0.030344656591613707 0.13403518932579542
0.030399630911670708 0.13105820970199564
0.03025573054831227 0.12844698597574625
0.02974940178889888 0.12615662425837376
0.029136234603649933 0.12429624935982934
0.028812427493270495 0.12186706880914443
0.02833504749855896 0.12003482200479755
0.02833934777812677 0.11769452789689015
0.02797571074588085 0.11617153052857171
0.027610803492402913 0.11422768539791613
0.027368018074395616 0.11257371470405349
0.027266528284549993 0.11070130755349546
0.027334036524720245 0.10882263002334418
0.027014197641970092 0.10742478417491325
0.026650355600033974 0.1061173857522659
0.026424951487361785 0.1048725406095113
0.02626788612090373 0.1035898597169614
0.026080504247700444 0.10250840640380507
0.025746845488501716 0.10155229419786435
0.025377903372859847 0.10039519399664769
0.025421202831289565 0.099092815068591
0.02568105344578192 0.09806254549826815
0.025777046740128873 0.09694229675803291
0.025400215953710528 0.09645135564349129
0.02454902488884829 0.09616140408894053
0.024133196989486468 0.09594415278980063
0.023671859426057942 0.09575280396836773
0.02354038001219539 0.09501825670109086
0.023241842310869898 0.09448418945197329
0.022753606688533965 0.09394702511364911
0.02254607412264207 0.0935105817080926
0.02218429742467175 0.09320139283718148
0.022020720869228374 0.09243615952050273
0.021754211390017097 0.09185671061049684
0.021393544756767194 0.09147514883725082
0.021321099574115075 0.09099584884093621
0.020791267719557603 0.09094232614819299
0.020977751646694843 0.0904900600487413
0.02107589864909692 0.0898362301059396
0.021266024750981917 0.08940208979702091
0.020830546321471494 0.08916881965315333
0.02040062117504427 0.08909999166019168
0.020288130418922527 0.08853831195798735
0.020192794290927282 0.08828245065522144
0.020135056855462095 0.08798094660926599
0.020221173840508304 0.08797892805143476
0.02009839662761595 0.08742673271416056
0.020178903359575742 0.08733341725841264
0.019454354070921623 0.08720165769298366
0.019557306497271488 0.08700391560236106
0.018983921403785436 0.08672995508243488
0.019076097935741054 0.0862608003948146
0.018849049775424422 0.08552241694496752
0.018867828533871315 0.08495921321486728
0.01858641298747051 0.08448383613873264
0.018390507826200275 0.084382005477642
0.01835923529324296 0.08418672077356378
0.018371589781245423 0.08407134038043965
0.01826599103534354 0.08372499507839479
0.017978895339992532 0.0834810309759507
0.017925801768815846 0.08309628516035043
0.017942042617590078 0.08308054217301106
0.018097585642949936 0.08280727579583644
0.018143087132953206 0.08233841131280431
0.017882312873535998 0.08219277668757902
0.0175985193671179 0.08222621981037133
0.017274479177527335 0.08253486615974788
0.016963474833411332 0.08216286710473301
0.017195142534194786 0.08174842563025629
0.017036476476763804 0.08155806829767413
0.01697559584931187 0.08160009199459126
0.016364463580008266 0.08176152178936308
0.0164874728129165 0.08118792143923392
0.016127624661783576 0.08126515911628168
0.016361263971745213 0.08060213509646796
0.01629229378692596 0.08044421884921012
0.016351178029847133 0.08042950494804411
0.016072225511183987 0.08079228004063721
0.015909963236026482 0.08077736901107194
0.015708656049835106 0.08067249668822774
0.015613578019349249 0.08016763239948552
0.015607763039156041 0.08006297650513118
0.01574739727647645 0.0796870097313394
0.01577535795150982 0.07963940083887713
0.01583877969612556 0.07937848898262789
0.015738742894635793 0.07927587470710322
0.015859923970245594 0.07867982546198826
0.015611933041316875 0.07804601355902752
0.01584949193313784 0.07721607556922419
0.015575847133218648 0.07703098275229363
0.01597889091586879 0.0768715870909306
0.015606386114186757 0.07713268558451512
0.015581158236723854 0.07698326637665152
0.015187473536236297 0.07709325273073679
0.015586631182192154 0.0765538663147651
0.015637320922031857 0.0767890340798018
0.015490519877697567 0.07674941728431811
0.015227355938417059 0.077079305213618
0.014756015893521558 0.07738627428959423
0.014534012057347959 0.07740473864091371
0.01427517789264095 0.07718142850133108
0.014614772409665421 0.0766950328928466
0.014862023455286552 0.07661694816289534
0.014656322985850356 0.07665111708939745
0.014372188808264571 0.07672451576155173
0.014056049011139958 0.0767484746324461
0.014453956799776667 0.07635507951575762
0.014529053475487809 0.07588642149539396
0.01489077087217976 0.07517391368025708
0.014957605626244007 0.07488487252153929
0.015207402327311565 0.07475374052554046
0.015255815536901193 0.07497127610765714
0.014824957456283244 0.07558793679871055
0.014845125456817505 0.07562007877875354
0.014779030100833906 0.07535328419331265
0.015317455035989214 0.07384160969054454
0.01551891279198151 0.07302001154330504
0.015417911199490816 0.07229356918374498
0.015398475014247064 0.0732466768803185
0.01490504681416548 0.0736376127282274
0.015052247237765938 0.07405755419240828
0.014830129401779822 0.0735197959732533
0.015352973870271014 0.0727593559808178
0.015409437376619057 0.07237657289099747
0.015553461079031765 0.07210029276375308
0.015522198648872764 0.07231414298815088
0.014886749420484544 0.07269220494804227
0.014557084122061614 0.07313886723606451
0.01404774564573 0.07347828011472195
0.014659480721615522 0.07302504219304753
0.014729368216281784 0.07220544951743163
0.014868614047193127 0.07189130694736198
0.01478009439888309 0.0715765765049976
0.014914562695734948 0.07174713667214834
0.014984240249664164 0.07184606437718537
0.014847092451917428 0.07233223402045844
0.015055913952821558 0.07216245516276892
0.0146416756568851 0.07203079264589807
0.014897483856430464 0.07177722025130795
0.014762394406327855 0.0714867713342684
0.01553448392296608 0.07097435195933784
0.015613271142782777 0.07094619171839765
0.015418846883794126 0.07228185165470505
0.015057834867638654 0.0729093827037558
0.015179471002052124 0.07264119953037335
0.015567855369159242 0.0712471373400628
0.015667930915692838 0.0707160575305332
0.015379262592406993 0.07053167718590123
0.01551794096397301 0.07038576533387016
0.015495401149865695 0.07037474276157586
0.015612337580682752 0.07049722543088008
0.015278245228029844 0.07047152731232365
0.015410497666369474 0.0703061297948471
0.015459860423712994 0.06974581764352243
0.01546133568522715 0.06978141166173449
0.015650350525180677 0.0691229669822629
0.015607811159970132 0.06923452511401504
0.015919921041568537 0.0685298312740669
0.015544276607715428 0.06895071989436544
0.015395457567243332 0.06907208699202022
0.015218984495662103 0.06965637883020577
0.015479042933686453 0.06932422148671089
0.015652342395894758 0.06894537634916027
0.015767759948457333 0.06809295243825587
0.015972438947340115 0.06767530534922778
0.015986443183851826 0.0676755205239235
0.015903653515825605 0.06813899769503762
0.015594842302551277 0.06878108868735867
0.015758623268446133 0.0686599479127643
0.01569222601688184 0.06873513258210916
0.015581749014128328 0.06862156581128616
0.015495052144376801 0.06892446717654806
0.015742162855504803 0.06845033499120429
0.015902615427637934 0.06857387326596634
0.015637814964375947 0.06855003134789953
0.01543699423839567 0.06917032276590256
0.015410522689866975 0.0691514928135295
0.015336661464362654 0.0689854110897523
0.01531838259018688 0.06875121525386352
0.015563142924727982 0.068129902924689
0.015711511714322134 0.06809604926234207
0.015553150308660831 0.06791451100875275
0.015352438603214339 0.06794252702518024
0.015471776463601225 0.06750058855247082
0.015487325734705987 0.06748463114735777
0.015484580441442183 0.06766336818126537
0.015485403194346482 0.06776966060868732
0.015830673229759423 0.06765282308809434
0.015942107445004114 0.06758344760354808
0.016213629814331797 0.06748227113806013
0.016204339245623395 0.06724103731224436
0.01617203788823332 0.06714248179707545
0.016082380683716903 0.06668387841196978
0.016252219012052323 0.06671946678119499
0.016393483950779976 0.06626688929959623
0.016480096709044746 0.0667892774808137
0.016204381330895752 0.06704451284279116
0.015927855985465228 0.06740595958156405
0.015709895040299834 0.06705877638452322
0.01616668221910869 0.0661223426717536
0.01662123309957156 0.06528641533275896
0.016632104428996534 0.0653317816226679
0.016368855437553426 0.06563067817112951
0.01591202330377925 0.0667170711291397
0.016002187728458482 0.06667252082879328
0.016174229474033734 0.06672159098741906
0.016091833771018894 0.06621620759049829
0.01619085160099122 0.0660627935822744
0.015922220738647692 0.06612244209736731
0.01649337431877442 0.06554280457571228
0.016391650908870525 0.06564481981514732
0.01636772715699149 0.06544715734753348
0.016602640066846586 0.06546840167525039
0.01637408312983712 0.06552292651612325
0.017075989787886423 0.0655800631753057
0.016693090413700817 0.06595407534781283
0.017290661020851337 0.06566361597926701
0.016845047463882965 0.06599091624661871
0.016925525371179424 0.06615153525951827
0.017284612296355112 0.06596620540977155
0.017149707328073534 0.0657384486079321
0.017485342273361043 0.06531965548146527
0.017090514932171785 0.06513389491073818
0.017147262771147857 0.06522710081356048
0.017254226369308727 0.0651411936529157
0.017272568305988827 0.06538967229894636
0.017642074128400846 0.0652071659670965
0.017090232477168565 0.06579286577270234
0.017157889174124308 0.06588047729399069
0.017257817163905013 0.06524796468063564
0.017720499801569284 0.06430387118138241
0.01779263816888199 0.0640619389006422
0.017516403370105713 0.06444963598945108
0.0176237297925165 0.06447554208851809
0.017447005691019264 0.06461345789819765
0.017919032462016732 0.06415048957513254
0.01784980380166515 0.06437717392874291
0.01798098728852446 0.06435005193794908
0.01819252252135308 0.06402929904883062
0.018145458108112206 0.06381493137672815
0.01834805492155172 0.06350673068314285
0.017464829993560516 0.06484735560838926
0.017099513647428635 0.06565173887794819
0.016743067873702493 0.06611663741636749
0.01686157329574133 0.06657266432538894
0.01686592064278812 0.0667083906784356
0.016591580808939993 0.06732046832404122
0.01635700298821474 0.067336700610971
0.016222040860938744 0.06752504354366004
0.016311658817376385 0.06712526871386106
0.0163493489338954 0.06680876997109683
0.015900726551016462 0.06662120929524518
0.015963275254732616 0.06643721611705285
0.01592531215928401 0.06619126299254902
0.016274869404120058 0.06634974046187977
0.01603705883090249 0.06648795036512554
0.016086431691258042 0.06675243212282475
0.016445170646236 0.06631516617007875
0.016475730453474103 0.06598903646431484
0.016669087218660734 0.06575846935407503
0.016126398192810427 0.06584655656564331
0.016288032187061482 0.06572055355691904
0.015904814044105736 0.06553804991222235
0.015978024996389683 0.06504961755232337
0.015765775873908 0.06473072377351186
0.01571083359058484 0.06412116445943106
0.01572945798638898 0.06399154419709618
0.015668487442471717 0.06448583662452201
0.015596590667440385 0.0646244248228208
0.01588695578606179 0.06539660859662254
0.0158123380997136 0.0654071541093876
0.015632670031408277 0.06569306121956614
0.015750709756432564 0.0647708939701507
0.01571892165987473 0.06446202932609121
0.015840095273014686 0.06466802641811713
0.015093823226462823 0.06499327010759921
0.015038018849494943 0.06545646380485022
0.014798660059806401 0.06522954939240382
0.014654089234260887 0.06575057385967667
0.01463237254311135 0.06573526606877927
0.014728294354350122 0.06578203628403204
0.01457019019205524 0.06582676974044326
0.014161143828364607 0.06642543180451121
0.013614087685296417 0.06732836971527625
0.013697516938905755 0.06752555431488047
0.013729559742168052 0.06723736267134904
0.014233642285668775 0.06657674571854437
0.01418792105800628 0.06602540673849905
0.014006562499619329 0.06606212744644208
0.013362195617330631 0.06669989062994958
0.013536370627287006 0.06731617926743158
0.013596538740529535 0.06764784357556072
0.01399220331141277 0.06781121501727687
0.01336961801101503 0.06868291933787264
0.013308559302182138 0.06915060372218713
0.013009497731891865 0.06923784627338105
0.012976302747005508 0.06863416409231259
0.012467729553858465 0.06895130412353652
0.012223018478262147 0.06824248592846857
0.012034059528113915 0.06852411033920366
0.01254972135558765 0.06792159149379878
0.012402745456614721 0.06921813025962321
0.012226535591512426 0.06951646767970755
0.011987178641284731 0.06930593826379235
0.012161080586729205 0.06880186368970327
0.012458869542955046 0.06868415394336419
0.012197395482753427 0.06926325398246534
0.012696301326538227 0.06880380656445936
0.012296641225419402 0.06876305558030209
0.012256927066738834 0.06834868617353632
0.01164619603932908 0.06896773112743268
0.011895708494727665 0.06835313018353523
0.011920021538136169 0.06833184196086683
0.011662774036159656 0.06789868356481014
0.011778510026184127 0.06816303852399655
0.011506728986480082 0.06866818608982707
0.011472110469303349 0.06877507678325213
0.011036124155915235 0.06884612733323055
0.011052059418652086 0.06885377334751541
0.011174609517675946 0.06917026383733887
0.01102802272269408 0.06937194199003946
0.010602958149140477 0.0694523845643336
0.009591319776945256 0.06975517417559249
0.009693431615715689 0.06978644408744675
0.00973511204256228 0.06961165080744494
0.010426517453659306 0.06876937236298257
0.01011390667298008 0.06948374020531568
0.010099293924514273 0.06969429963839278
0.009968765318522702 0.07034390797289801
0.010110977523821476 0.06943773882710741
0.010322034746909889 0.06892969755515754
0.010188462758066515 0.06887354470202467
0.009644247148087424 0.06976884437736791
0.00943617209854064 0.07005416058820423
0.00930333331174972 0.07041943545174578
0.009709916621734278 0.06995538194456795
0.009772522882774016 0.06985675545248106
0.009901462233668923 0.0695918763937092
0.009635603039835032 0.07043342835288116
0.009448759196818618 0.07015530952568662
0.00928760142473968 0.070435438787965
0.009587058005871436 0.06940241978542226
0.00965406372910577 0.06993358621803691
0.009819413249749338 0.06839599029637977
0.009730949815124627 0.0684969481185895
0.009245853341220071 0.06735866975162907
0.008972585794765535 0.06802259108023816
0.009043390977114898 0.06691685651735135
0.00919034254573163 0.0672103603931803
0.008789847026255748 0.06669599267226237
0.008428804683796441 0.06737131846143701
0.00780914796385249 0.0676878442222018
0.008326323127011016 0.06782348356004084
0.007728207703103267 0.0675309983078165
0.008535191665534634 0.06627577660618875
0.007821263611323351 0.06697842700979913
0.008544232316888343 0.0658425525449188
0.006992762861558363 0.06708947599753907
0.006911131318940699 0.06595605917032028
0.006670555706085189 0.06629047296188088
