380.3
381.1
381.9
382.7
383.5
384.4
385.2
386.0
386.8
387.6
388.4
389.2
390.1
390.9
391.7
392.5
393.3
394.1
394.9
395.8
396.6
397.4
398.2
399.0
399.8
400.6
401.5
402.3
403.1
403.9
404.7
405.5
406.3
407.2
408.0
408.8
409.6
410.4
411.2
412.0
412.8
413.7
414.5
415.3
416.1
416.9
417.7
418.5
419.4
420.2
421.0
421.8
422.6
423.4
424.2
425.1
425.9
426.7
427.5
428.3
429.1
429.9
430.8
431.6
432.4
433.2
434.0
434.8
435.6
436.4
437.3
438.1
438.9
439.7
440.5
441.3
442.1
443.0
443.8
444.6
445.4
446.2
447.0
447.8
448.7
449.5
450.3
451.1
451.9
452.7
453.5
454.4
455.2
456.0
456.8
457.6
458.4
459.2
460.0
460.9
461.7
462.5
463.3
464.1
464.9
465.7
466.6
467.4
468.2
469.0
469.8
470.6
471.4
472.3
473.1
473.9
474.7
475.5
476.3
477.1
478.0
478.8
479.6
480.4
481.2
482.0
482.8
483.6
484.5
485.3
486.1
486.9
487.7
488.5
489.3
490.2
491.0
491.8
492.6
493.4
494.2
495.0
495.9
496.7
497.5
498.3
499.1
499.9
500.7
501.6
502.4
503.2
504.0
504.8
505.6
506.4
507.2
508.1
508.9
509.7
510.5
511.3
512.1
512.9
513.7
514.5
515.3
516.1
516.8
517.6
518.4
519.2
520.0
520.8
521.5
522.3
523.1
523.9
524.7
525.5
526.2
527.0
527.8
528.6
529.4
530.2
530.9
531.7
532.5
533.3
534.1
534.9
535.6
536.4
537.2
538.0
538.8
539.6
540.3
541.1
541.9
542.7
543.5
544.3
545.0
545.8
546.6
547.4
548.2
549.0
549.7
550.5
551.3
552.1
552.9
553.7
554.4
555.2
556.0
556.8
557.6
558.4
559.1
559.9
560.7
561.5
562.3
563.1
563.8
564.6
565.4
566.2
567.0
567.8
568.5
569.3
570.1
570.9
571.7
572.5
573.2
574.0
574.8
575.6
576.4
577.2
577.9
578.7
579.5
580.3
581.1
581.9
582.6
583.4
584.2
585.0
585.8
586.6
587.3
588.1
588.9
589.6
590.3
591.1
591.8
592.6
593.3
594.0
594.8
595.5
596.3
597.0
597.7
598.5
599.2
600.0
600.7
601.5
602.2
602.9
603.7
604.4
605.2
605.9
606.6
607.4
608.1
608.9
609.6
610.3
611.1
611.8
612.6
613.3
614.0
614.8
615.5
616.3
617.0
617.7
618.5
619.2
620.0
620.7
621.4
622.2
622.9
623.7
624.4
625.2
625.9
626.6
627.4
628.1
628.9
629.6
630.3
631.1
631.8
632.6
633.3
634.0
634.8
635.5
636.3
637.0
637.7
638.5
639.2
640.0
640.7
641.4
642.2
642.9
643.7
644.4
645.1
645.9
646.6
647.4
648.1
648.8
649.6
650.3
651.1
651.8
652.6
653.3
654.0
654.8
655.5
656.3
657.0
657.7
658.5
659.2
660.0
660.7
661.4
662.2
662.9
663.7
664.4
665.1
665.9
666.6
667.4
668.1
668.9
669.6
670.4
671.2
671.9
672.7
673.4
674.2
674.9
675.7
676.5
677.2
678.0
678.7
679.5
680.2
681.0
681.8
682.5
683.3
684.0
684.8
685.5
686.3
687.1
687.8
688.6
689.3
690.1
690.8
691.6
692.4
693.1
693.9
694.6
695.4
696.1
696.9
697.7
698.4
699.2
699.9
700.7
701.4
702.2
703.0
703.7
704.5
705.2
706.0
706.8
707.6
708.4
709.2
710.0
710.8
711.6
712.4
713.2
714.0
714.8
715.6
716.4
717.2
718.0
718.8
719.6
720.4
721.2
722.0
722.8
723.6
724.4
725.2
726.0
726.8
727.6
728.4
729.2
730.0
730.8
731.6
732.4
733.2
734.0
734.8
735.6
736.4
737.2
738.0
738.8
739.6
740.4
741.2
742.0
742.8
743.6
744.4
745.2
746.0
746.8
747.6
748.4
749.2
750.0
750.8
751.6
752.4
753.2
754.0
754.8
755.6
756.4
757.2
758.0
758.8
759.6
760.4
761.2
762.0
762.8
763.6
764.4
765.2
766.0
766.8
767.6
768.4
769.2
770.0
770.8
771.6
772.4
773.2
774.1
774.9
775.7
776.5
777.3
778.1
778.9
779.7
780.5
781.3
782.1
782.9
783.7
784.5
785.3
786.1
786.9
787.7
788.5
789.3
790.1
790.9
791.7
792.5
793.3
794.1
794.9
795.7
796.5
797.3
798.1
798.9
799.7
800.5
801.3
802.1
802.9
803.7
804.5
805.3
806.1
806.9
807.7
808.5
809.3
810.1
810.9
811.7
812.5
813.3
814.1
814.9
815.7
816.5
817.3
818.1
818.9
819.7
820.5
821.3
822.1
822.9
823.7
824.5
825.3
826.1
826.9
827.7
828.5
829.3
830.1
830.9
831.7
832.6
833.4
834.3
835.1
835.9
836.8
837.6
838.5
839.3
840.2
841.0
841.9
842.7
843.5
844.4
845.2
846.1
846.9
847.8
848.6
849.4
850.3
851.1
852.0
852.8
853.7
854.5
855.3
856.2
857.0
857.9
858.7
859.6
860.4
861.3
862.1
862.9
863.8
864.6
865.5
866.3
867.2
868.0
868.8
869.7
870.5
871.4
872.2
873.1
873.9
874.8
875.6
876.4
877.3
878.1
879.0
879.8
880.7
881.5
882.3
883.2
884.0
884.9
885.7
886.6
887.4
888.2
889.1
889.9
890.8
891.6
892.5
893.3
894.2
895.0
895.8
896.7
897.5
898.4
899.2
NEXT_SERIES
0.138194792024
0.137783938148
0.138913751128
0.139784608129
0.14246997515
0.144805896032
0.150687372942
0.157274191552
0.166150073149
0.174504816049
0.182667037394
0.188259761501
0.194945047482
0.201884821845
0.20922507209
0.214321275089
0.217409898328
0.220152312767
0.221554295621
0.222004242076
0.220936507167
0.219143177676
0.21693583469
0.213459863324
0.209234484859
0.204258939311
0.199876840203
0.196146003702
0.193060768811
0.189913018145
0.188004251647
0.185616601715
0.183769745307
0.182506240391
0.182659087218
0.182894231668
0.182439417438
0.181856626875
0.181502701028
0.181478396618
0.182362815577
0.182913067922
0.183611908287
0.183590135582
0.184474148093
0.184094134945
0.183939690752
0.184380896423
0.185068335153
0.185689083564
0.185848229987
0.186550399118
0.185714432996
0.18524451984
0.184380235804
0.184350315841
0.183394447497
0.183664896976
0.183693705197
0.184577115618
0.183484540219
0.183655638193
0.183254655885
0.183460985859
0.18313840513
0.182064813384
0.180797476541
0.179586030013
0.178516687252
0.178819178824
0.17842329013
0.178389755968
0.17784298645
0.177002467915
0.175222687709
0.173114553314
0.171685225256
0.170681455478
0.169189234173
0.1681082515
0.167312630382
0.166446404643
0.1644648044
0.163653060402
0.162813407353
0.162250077405
0.16052655878
0.159482145201
0.158256580311
0.157101320609
0.155397143704
0.154721773022
0.153937814663
0.153534799897
0.15240057373
0.150921268926
0.14972593456
0.148364439012
0.147207878358
0.144727073998
0.143019187099
0.141184785522
0.140362470814
0.139187024619
0.13758465202
0.136406644872
0.135322821648
0.134897325681
0.133972182251
0.132872907064
0.131486242291
0.130176970983
0.129422142665
0.128164062554
0.126789746398
0.125030020313
0.124654883194
0.125131249312
0.124460465466
0.124043422659
0.122513837189
0.121226608387
0.119326099998
0.1181986324
0.118247314744
0.118003491933
0.116981976848
0.115513729329
0.114934922182
0.115206943619
0.114441762651
0.113543571154
0.112528266976
0.112557826732
0.11117052059
0.109466900508
0.107358675623
0.106739131262
0.106275131089
0.106493671234
0.106153801358
0.105975222683
0.105903774456
0.105675380769
0.105015572805
0.104145260627
0.102983520309
0.102059376945
0.101692944361
0.101931027139
0.102132188482
0.10196771562
0.101849895673
0.102268294907
0.101755356285
0.10110130365
0.100076459313
0.0994540247792
0.0986025232188
0.0982163687944
0.0978163217631
0.0979736166439
0.097772816495
0.0982643271833
0.098748097258
0.0984853942397
0.0985636559491
0.0981849097555
0.0983541890154
0.0975572895338
0.0971234572516
0.0970900533013
0.0978059010808
0.0976879502803
0.0972657629906
0.0969439612213
0.0969150773654
0.0971342943634
0.0970088814916
0.0972455683087
0.0967251107233
0.0958872354162
0.0952116477868
0.0951320622689
0.0951016110755
0.0955664695055
0.095312731693
0.0958670400124
0.0952025903937
0.0950292551407
0.0936595607126
0.093828605591
0.0934160165441
0.0935829410263
0.0923263895956
0.0917777707613
0.0915553007337
0.0924828172952
0.0938034202223
0.0946631438895
0.0946462696479
0.0942756792352
0.0938879692491
0.0936451131761
0.0933426548983
0.0928347834428
0.0922803858566
0.0920272273042
0.0914966361954
0.0915027204189
0.0907939518935
0.090954904564
0.0902099852737
0.0908286954956
0.0906480208106
0.0913886783005
0.090598426551
0.0904319725268
0.0900508159033
0.0904535417664
0.0909952521193
0.0915129646241
0.0916306343006
0.0912404991278
0.0906760731644
0.0905197430939
0.0899948576616
0.0896736626709
0.0889903090253
0.0892364507733
0.0890483449539
0.0890809247773
0.0887166857292
0.0889381127151
0.088703243783
0.0893722086165
0.0889135742577
0.0895961508409
0.0896353787336
0.0905982395044
0.0902584469482
0.0899320284185
0.0893890508483
0.0890871579703
0.0888432556368
0.0884104813136
0.0882012308613
0.0885849654502
0.0885703233344
0.087786228774
0.0872327054453
0.0873615797723
0.0881443546854
0.0880777271161
0.0879049231281
0.0876366249109
0.0874265853383
0.0872133665454
0.0875901199243
0.0873337070254
0.0874373632617
0.087123256822
0.0876682944345
0.0876586572118
0.0875634449509
0.0871758525709
0.0867587907142
0.0862811649833
0.0857437197208
0.0858556632744
0.0858332699629
0.0858887305439
0.0850439300007
0.0851120621418
0.0851687182693
0.08579072155
0.0859782374098
0.0851520592829
0.0850712549221
0.0848803056225
0.0860069413892
0.0861437759249
0.0861870791126
0.0854760572987
0.0854675713822
0.0851507143126
0.0851432087075
0.0847131293244
0.0845817980677
0.0848174399409
0.0843072446007
0.0840941062886
0.082624408853
0.0824816206519
0.0821838647235
0.0830644623099
0.0829493715013
0.083154505791
0.0825981109467
0.0833084908459
0.082852967899
0.0835093647314
0.0829908799038
0.083763485086
0.0833471147724
0.0838441130055
0.0840541139149
0.0841102044266
0.0837093526597
0.0837380380319
0.0838771296359
0.0842640972612
0.0831229918411
0.0821945253912
0.0810419427005
0.0811856142474
0.0819893312212
0.0825230701399
0.0822131796661
0.0810102095565
0.0814797184049
0.0819789994106
0.0827379323994
0.0819952852939
0.0815336558872
0.0811059258171
0.0816093085144
0.0816870506408
0.0823221156284
0.0813174327918
0.0810671321842
0.0797899280985
0.0806254948961
0.0803481559797
0.0815762349372
0.0804490928743
0.080414745363
0.0796654787668
0.0800846187745
0.0806633368317
0.0810148920025
0.0805215370303
0.0806638577707
0.0799111410605
0.0802366633067
0.0795861438749
0.0799181679123
0.0793280061401
0.0790974437896
0.0781778998354
0.0780437733307
0.0774711417703
0.0780464733415
0.078196370662
0.0784572529748
0.0782238131802
0.0778856697747
0.0773698032785
0.0774139478545
0.077289936602
0.0775901472494
0.0778988916886
0.0782987960737
0.078482274473
0.0774697228357
0.0774457071809
0.077190576364
0.0774734609749
0.077268972956
0.0771910664808
0.077389274126
0.0774015700897
0.077642336291
0.0772265543756
0.0771705556987
0.076477747363
0.0764247858324
0.0763391467264
0.0765194407096
0.0772137531569
0.0771821580754
0.0768074259254
0.0752112330773
0.0743448228001
0.0743904893557
0.0756597878018
0.0767828653611
0.0768352450597
0.0760864440325
0.0743833049537
0.0745701161169
0.0746378087122
0.0768621680944
0.0766836691515
0.0766183070203
0.0749806133453
0.0745140176152
0.0749208391688
0.075227429816
0.0760101816157
0.0754968833361
0.0763677687088
0.0754297973315
0.0756565701091
0.074250625896
0.0748404202736
0.0756677136494
0.0758318593012
0.0762941310159
0.07491734781
0.0748226408044
0.0740277941596
0.0738166557131
0.0743887843102
0.0737774063879
0.0744616696354
0.0730484300323
0.0732760946459
0.0726484693037
0.073240630791
0.0733832265137
0.0729575279303
0.0734711921297
0.0728946862972
0.0731733141516
0.0724581508969
0.0721695314582
0.072107645784
0.071659325101
0.0727880681438
0.0733301752346
0.0746927143807
0.0739475092695
0.073751346823
0.0727546418192
0.0728693271254
0.0730639509348
0.0739178549832
0.0746996641903
0.0743566777369
0.0736407073154
0.0725936030664
0.0716853558723
0.0710185900888
0.0711552227073
0.0716340002389
0.0724247935175
0.072288714469
0.0718404896994
0.0709096388531
0.0699007444098
0.0696239322171
0.069158921311
0.0693339033069
0.0692083561701
0.0696548204086
0.0701007781283
0.0700013382507
0.0696991797592
0.0689078118731
0.0695922455057
0.0694532965428
0.0702784617953
0.0704442669872
0.0711289274536
0.0712461371644
0.0709386737009
0.0699913387949
0.0695572801426
0.069364586092
0.0698077714767
0.070407491112
0.0706386803719
0.0707717611255
0.0699068267877
0.0694351827361
0.0689202371133
0.068313319005
0.0680076155538
0.0681147193045
0.0690215834897
0.0688308280783
0.0685274372406
0.067790051448
0.0672297077715
0.0669294481779
0.0667909627809
0.0669872276092
0.0672032605787
0.0668422606381
0.0678336754997
0.0670262637111
0.0677258155338
0.0666980218085
0.0671771875262
0.0670377212522
0.0669714093318
0.0668412190996
0.0659934797908
0.0660107647075
0.0659326010564
0.0661918198433
0.066422721443
0.0666311919177
0.0668098384486
0.0663168811522
0.0661389536085
0.0661661669195
0.0660498599176
0.0668886104766
0.0663655019039
0.0672963417802
0.0668370409693
0.0672753797125
0.0670137045262
0.0663118513693
0.0665320811922
0.0659663093995
0.0658392014315
0.0659291272327
0.066272415293
0.067417449565
0.0668963139468
0.066483979964
0.065707233858
0.0654130807196
0.0655302711262
0.0654933482356
0.0656256490309
0.0653648537852
0.0661592360835
0.0668253224162
0.0676772803076
0.0677798654926
0.0688084377272
0.0688784921054
0.0682457833903
0.0668855980583
0.0665793314389
0.0669056026957
0.0673954092245
0.0680630311229
0.0688401283616
0.0695713448816
0.0695192400128
0.0695356206847
0.0685182922376
0.0685110472593
0.0681838519242
0.0677591327883
0.0677997484751
0.0680400822645
0.0689972098807
0.0683939805704
0.0688606814926
0.0689049193367
0.0691277847737
0.0686334400522
0.0683485777797
0.0680823776638
0.0669153002638
0.0666562111656
0.0674677366996
0.0675642731823
0.0682623094999
0.0681235598423
0.069340632063
0.0696310292562
0.0698167268316
0.0698835783442
0.070062285962
0.0706354638621
0.0704954402363
0.0696073670499
0.0694350178173
0.0697363940704
0.0702305822664
0.0710536256156
0.071080997099
0.0716440322919
0.0717140013455
0.0720446617596
0.0724038318382
0.072063196105
0.0721139590219
0.0721804472262
0.0725802697989
0.0735083125368
0.0733472465436
0.0739064397038
0.0734393956387
0.0739730362309
0.073453533031
0.0731358461781
0.072710180151
0.0727415918838
0.0732764927686
0.0738932575804
0.0733986566125
0.073211524856
0.0729383910478
0.0732545881656
0.0740344188964
0.0733556968845
0.0732866591064
0.072405301213
0.0729322602307
0.0726713094778
0.0730125348977
0.0736009690957
0.0739993143326
0.073436224842
0.0733071782547
0.0736098609649
0.0747031689068
0.0747177455291
0.0747579386361
0.0746789671044
0.0752533471771
0.0754484286628
0.0744746402136
0.0740665059668
0.0738029163237
0.0743377698832
0.0749798852134
0.075279339997
0.0757952597454
0.0749661960071
0.0744637692825
0.0742603650045
0.074728841634
0.0749702818164
0.0746564127826
0.0740780015294
0.0741627058431
0.0735636625223
0.0736681998975
0.0731429773465
0.0733814682321
0.0726695276062
0.0713609218439
0.0704470523184
0.0699569225648
0.0697988843234
0.0697347361592
0.0691228224454
0.0694717577063
0.0689302469586
0.0694952635337
0.0696634834878
0.0694321837677
0.0685280957431
0.0674595555512
0.0670843367994
0.0669018970839
END
