380.3
381.1
381.9
382.7
383.5
384.4
385.2
386.0
386.8
387.6
388.4
389.2
390.1
390.9
391.7
392.5
393.3
394.1
394.9
395.8
396.6
397.4
398.2
399.0
399.8
400.6
401.5
402.3
403.1
403.9
404.7
405.5
406.3
407.2
408.0
408.8
409.6
410.4
411.2
412.0
412.8
413.7
414.5
415.3
416.1
416.9
417.7
418.5
419.4
420.2
421.0
421.8
422.6
423.4
424.2
425.1
425.9
426.7
427.5
428.3
429.1
429.9
430.8
431.6
432.4
433.2
434.0
434.8
435.6
436.4
437.3
438.1
438.9
439.7
440.5
441.3
442.1
443.0
443.8
444.6
445.4
446.2
447.0
447.8
448.7
449.5
450.3
451.1
451.9
452.7
453.5
454.4
455.2
456.0
456.8
457.6
458.4
459.2
460.0
460.9
461.7
462.5
463.3
464.1
464.9
465.7
466.6
467.4
468.2
469.0
469.8
470.6
471.4
472.3
473.1
473.9
474.7
475.5
476.3
477.1
478.0
478.8
479.6
480.4
481.2
482.0
482.8
483.6
484.5
485.3
486.1
486.9
487.7
488.5
489.3
490.2
491.0
491.8
492.6
493.4
494.2
495.0
495.9
496.7
497.5
498.3
499.1
499.9
500.7
501.6
502.4
503.2
504.0
504.8
505.6
506.4
507.2
508.1
508.9
509.7
510.5
511.3
512.1
512.9
513.7
514.5
515.3
516.1
516.8
517.6
518.4
519.2
520.0
520.8
521.5
522.3
523.1
523.9
524.7
525.5
526.2
527.0
527.8
528.6
529.4
530.2
530.9
531.7
532.5
533.3
534.1
534.9
535.6
536.4
537.2
538.0
538.8
539.6
540.3
541.1
541.9
542.7
543.5
544.3
545.0
545.8
546.6
547.4
548.2
549.0
549.7
550.5
551.3
552.1
552.9
553.7
554.4
555.2
556.0
556.8
557.6
558.4
559.1
559.9
560.7
561.5
562.3
563.1
563.8
564.6
565.4
566.2
567.0
567.8
568.5
569.3
570.1
570.9
571.7
572.5
573.2
574.0
574.8
575.6
576.4
577.2
577.9
578.7
579.5
580.3
581.1
581.9
582.6
583.4
584.2
585.0
585.8
586.6
587.3
588.1
588.9
589.6
590.3
591.1
591.8
592.6
593.3
594.0
594.8
595.5
596.3
597.0
597.7
598.5
599.2
600.0
600.7
601.5
602.2
602.9
603.7
604.4
605.2
605.9
606.6
607.4
608.1
608.9
609.6
610.3
611.1
611.8
612.6
613.3
614.0
614.8
615.5
616.3
617.0
617.7
618.5
619.2
620.0
620.7
621.4
622.2
622.9
623.7
624.4
625.2
625.9
626.6
627.4
628.1
628.9
629.6
630.3
631.1
631.8
632.6
633.3
634.0
634.8
635.5
636.3
637.0
637.7
638.5
639.2
640.0
640.7
641.4
642.2
642.9
643.7
644.4
645.1
645.9
646.6
647.4
648.1
648.8
649.6
650.3
651.1
651.8
652.6
653.3
654.0
654.8
655.5
656.3
657.0
657.7
658.5
659.2
660.0
660.7
661.4
662.2
662.9
663.7
664.4
665.1
665.9
666.6
667.4
668.1
668.9
669.6
670.4
671.2
671.9
672.7
673.4
674.2
674.9
675.7
676.5
677.2
678.0
678.7
679.5
680.2
681.0
681.8
682.5
683.3
684.0
684.8
685.5
686.3
687.1
687.8
688.6
689.3
690.1
690.8
691.6
692.4
693.1
693.9
694.6
695.4
696.1
696.9
697.7
698.4
699.2
699.9
700.7
701.4
702.2
703.0
703.7
704.5
705.2
706.0
706.8
707.6
708.4
709.2
710.0
710.8
711.6
712.4
713.2
714.0
714.8
715.6
716.4
717.2
718.0
718.8
719.6
720.4
721.2
722.0
722.8
723.6
724.4
725.2
726.0
726.8
727.6
728.4
729.2
730.0
730.8
731.6
732.4
733.2
734.0
734.8
735.6
736.4
737.2
738.0
738.8
739.6
740.4
741.2
742.0
742.8
743.6
744.4
745.2
746.0
746.8
747.6
748.4
749.2
750.0
750.8
751.6
752.4
753.2
754.0
754.8
755.6
756.4
757.2
758.0
758.8
759.6
760.4
761.2
762.0
762.8
763.6
764.4
765.2
766.0
766.8
767.6
768.4
769.2
770.0
770.8
771.6
772.4
773.2
774.1
774.9
775.7
776.5
777.3
778.1
778.9
779.7
780.5
781.3
782.1
782.9
783.7
784.5
785.3
786.1
786.9
787.7
788.5
789.3
790.1
790.9
791.7
792.5
793.3
794.1
794.9
795.7
796.5
797.3
798.1
798.9
799.7
800.5
801.3
802.1
802.9
803.7
804.5
805.3
806.1
806.9
807.7
808.5
809.3
810.1
810.9
811.7
812.5
813.3
814.1
814.9
815.7
816.5
817.3
818.1
818.9
819.7
820.5
821.3
822.1
822.9
823.7
824.5
825.3
826.1
826.9
827.7
828.5
829.3
830.1
830.9
831.7
832.6
833.4
834.3
835.1
835.9
836.8
837.6
838.5
839.3
840.2
841.0
841.9
842.7
843.5
844.4
845.2
846.1
846.9
847.8
848.6
849.4
850.3
851.1
852.0
852.8
853.7
854.5
855.3
856.2
857.0
857.9
858.7
859.6
860.4
861.3
862.1
862.9
863.8
864.6
865.5
866.3
867.2
868.0
868.8
869.7
870.5
871.4
872.2
873.1
873.9
874.8
875.6
876.4
877.3
878.1
879.0
879.8
880.7
881.5
882.3
883.2
884.0
884.9
885.7
886.6
887.4
888.2
889.1
889.9
890.8
891.6
892.5
893.3
894.2
895.0
895.8
896.7
897.5
898.4
899.2
NEXT_SERIES
0.0107838541608
0.0104944780017
0.0113013591204
0.0112562734231
0.0121212201828
0.0132398916546
0.0140287543576
0.0147125781033
0.0148728864134
0.0140454628869
0.0153443930836
0.0147353958355
0.015719742076
0.0155097267381
0.0160184998022
0.0166305840872
0.0153563335411
0.0155971119009
0.0133920785366
0.0131930575657
0.0118680599792
0.0113588356683
0.0103882374762
0.00921912817933
0.0089723972165
0.0074039061725
0.00614983064236
0.00533254247597
0.00542923192388
0.00591446036052
0.0053740028505
0.00552594967592
0.00534282003368
0.00537904611126
0.00573792670945
0.00598980894515
0.00588265060796
0.0054468228804
0.00514212874046
0.00566600895418
0.00643116197968
0.00673771571444
0.00761269359694
0.00707823179929
0.0078747772319
0.00733486523274
0.00783419829706
0.00798377087926
0.00878035030607
0.00923802987663
0.0098516622567
0.0102110596749
0.0100151558212
0.00959820849867
0.00969986299553
0.0102705712704
0.0108295433263
0.0105833981329
0.0107464278002
0.0109533904588
0.0108443669988
0.0107219476729
0.0105432032194
0.0107007859393
0.0112557404739
0.0112936087667
0.0115863753103
0.0116064385487
0.0120229702456
0.01254091773
0.0128370555422
0.0132503476158
0.0133149017346
0.0130895451477
0.01272429379
0.0128916200672
0.0134540198226
0.0140927687091
0.0144019355794
0.014726584185
0.0148566595308
0.0152721168037
0.014946853938
0.0152652502899
0.0145493273927
0.014600988706
0.0140231998047
0.0147691089665
0.0150812393246
0.0146961443879
0.0140160545507
0.0136115980701
0.0131356445637
0.0130569098882
0.0122586385955
0.0130142919217
0.0127234398914
0.0130975276279
0.0124858134754
0.0120105568189
0.0112082367762
0.0110712688522
0.0109551175149
0.0116424058904
0.0108896685382
0.0103751330487
0.00986264699842
0.00998567026256
0.00996391937357
0.0092727330141
0.00884086471814
0.00858923547536
0.00803316260188
0.00768692060293
0.00700974975649
0.00654904341848
0.00614706857121
0.0069471263334
0.00655976450111
0.00653552087671
0.00556110661199
0.00603571758112
0.00490988801465
0.00381487064714
0.00294162833413
0.00311634570702
0.00286341856398
0.0025963172958
0.00190140125329
0.00124818302127
-6.18103863368e-05
-0.00107310413957
-0.00116178181481
-0.00109423797105
-0.00158745733563
-0.0022250948321
-0.00359712831514
-0.00427312308397
-0.00492116865555
-0.00487299013614
-0.00449041199316
-0.00526798674612
-0.00539405738017
-0.00619966601424
-0.00723078538103
-0.00801926020249
-0.00904298925668
-0.0093788070975
-0.0100998150048
-0.0107081293707
-0.01059048565
-0.0112678050204
-0.0112453277869
-0.0113637204216
-0.0107280019333
-0.0103419280873
-0.00948388857019
-0.00931434155112
-0.00943359465582
-0.00968425861617
-0.00945727489867
-0.00905975361884
-0.00910073768266
-0.00867288378677
-0.00830670513133
-0.00807825245032
-0.00796017279423
-0.00696725187241
-0.0063005165565
-0.00568856886388
-0.00567849324603
-0.00508062300605
-0.00428609739233
-0.00388642775521
-0.00355861461878
-0.00307820592082
-0.0024144442877
-0.00194379270831
-0.00197728338065
-0.00199985809072
-0.00197114850825
-0.00174626817816
-0.00183207837481
-0.00106163180947
-0.00102073943678
-3.2163461507e-05
-0.000139393337084
0.000481518948751
0.000493961426607
0.000772564332436
0.000793119224394
0.00121424248053
0.000811000713145
0.00183536049303
0.00155695935866
0.00181193205183
0.000914643309015
0.00154833172782
0.00211965202004
0.00251874219176
0.00226945012881
0.00187341540444
0.00152984832931
0.00151720624289
0.00197110762298
0.00228631789355
0.00240510778069
0.00306830983669
0.00277057940187
0.00277365215789
0.00225077594238
0.00262869211191
0.00260091925779
0.00321569789918
0.00353753064767
0.00386513270718
0.00343725800335
0.0036339795858
0.00395873162144
0.00429468175458
0.00434584628676
0.00406433928711
0.00390630256857
0.00384026267836
0.00388830565182
0.00446779599114
0.00429201116661
0.00430228383445
0.00373722425715
0.0036291550551
0.00352805562609
0.00329397242878
0.00353124682161
0.00405746058448
0.00398376173303
0.00405874183827
0.00356813703842
0.00372214121938
0.00410359545675
0.00460160915666
0.00460439608542
0.00417056434381
0.00373899941618
0.00388919359088
0.00405950429984
0.00383928469247
0.00361608159895
0.00341371117723
0.0034858435098
0.00312174098662
0.00320820190586
0.00314664213866
0.00389211155957
0.00392167623454
0.0041688314086
0.00373133891094
0.00365639501137
0.00378416282128
0.0041288855192
0.00385108919888
0.00382287331345
0.00362959361515
0.00430418024726
0.00435508273925
0.00389891396307
0.00407902107007
0.0040257417181
0.00415706771837
0.00352617224977
0.00326747836147
0.00383599475706
0.00382658320665
0.00390664498458
0.00395757842083
0.00415613421652
0.0043276923676
0.00420649915579
0.00393602679321
0.00364726502974
0.00369604939202
0.00384358391795
0.00405227306097
0.00413945752352
0.0039941803796
0.004167200377
0.00413933401227
0.00407391499491
0.00404525311821
0.00407154437785
0.00403991572343
0.00378065729721
0.00360464832826
0.00374862474842
0.00382519308427
0.0036196527248
0.00358811827962
0.00376968441926
0.00359521391932
0.00381435908367
0.0034602434328
0.00340236258297
0.00336301404471
0.00361242292498
0.00395269676002
0.00380186093935
0.00411485171944
0.00458903986202
0.00439883678671
0.00358068175173
0.00316026051759
0.00333079192882
0.00351865776491
0.00323970451969
0.00297647342146
0.00306201477824
0.00315280230165
0.00328457254988
0.00346206671274
0.00352311486841
0.00350041085747
0.00388170778747
0.00383656149571
0.00390703070173
0.00366740711417
0.00327940957128
0.0031299562301
0.00301761941587
0.00337904223842
0.00334328856741
0.00256515961515
0.00246151411812
0.00267940033375
0.00341056594962
0.00333100319769
0.00348183968181
0.00306435769232
0.00309981646625
0.00303161324824
0.00326842362776
0.00332545843146
0.00334506895181
0.00357113862549
0.00391069359372
0.00334764455811
0.00291326483027
0.00248374864919
0.00299760391574
0.00307035654833
0.00322145028228
0.00279097441381
0.00306413970989
0.00264518941551
0.00318430333159
0.00299317778756
0.00344034160506
0.00323825006346
0.00341426651209
0.00303849460577
0.00317875328802
0.00299556936121
0.00338274415246
0.00344446107942
0.00395713231132
0.00440180521891
0.0041145738292
0.0038755763789
0.00333217450688
0.00339682739227
0.00315191197192
0.0033833818003
0.00365219534433
0.00390974413096
0.00393555676277
0.00355862687083
0.00327897636504
0.00326793835121
0.00346222003873
0.0036489784233
0.00340575600205
0.0036979505177
0.0034069958687
0.00367951344554
0.00321669046452
0.00354462553382
0.00335977591532
0.00354193419761
0.00378712387485
0.00401628758278
0.00413766350662
0.00365837191301
0.00382472533292
0.00375231044073
0.0044689897149
0.00426462649092
0.00435892209652
0.00371920868215
0.00379849048601
0.00370383812633
0.00386813352501
0.00388648848518
0.00373979241296
0.0036533930333
0.00327688802152
0.00324488142308
0.00330263939657
0.00361446772876
0.00405361125326
0.00393751742315
0.00412863169418
0.00391539789269
0.00427930497524
0.00454261031388
0.00415773674201
0.00391287069258
0.00334746824209
0.00353534478763
0.00334820072312
0.00312343134774
0.00317016756183
0.00350377820561
0.00340846660998
0.00282169198604
0.00238369175805
0.00243068075723
0.00273202598165
0.00272652750166
0.0027724540317
0.00283335197619
0.00282949345656
0.00285430336181
0.00304878768581
0.00316925909261
0.00305327638129
0.00319576649889
0.00355167232851
0.00387785977735
0.00370345776568
0.0033586689302
0.00323626813559
0.00315613531676
0.00293385889165
0.00265183972548
0.00238541792151
0.00254347061856
0.00302080751428
0.00353274754237
0.00318340618406
0.00253835037546
0.00186756833217
0.00209213779019
0.00223909977121
0.00221542888704
0.0017763681126
0.00140092635849
0.00181402869061
0.00214697250784
0.0025974969442
0.00228272823974
0.00246345160264
0.00237214101688
0.00268360170624
0.00227930376052
0.0026261718492
0.0024308288907
0.00270055064776
0.00255573752333
0.00295577411203
0.00278223598858
0.00260103041792
0.00204603836521
0.00210435386249
0.00186298077254
0.00261038260048
0.00272075865076
0.00289570427418
0.00241538465488
0.00211034930678
0.00216384858766
0.00171316880033
0.00135170505241
0.00121281944585
0.00155769230566
0.00192702589183
0.00168010906658
0.00163251947452
0.00159024492299
0.0016442346387
0.00125207634496
0.00165542721832
0.00168441074917
0.00196669072548
0.00173301668355
0.00218159520915
0.00223719074269
0.00174931604001
0.0013673286762
0.000947546998212
0.00146198351399
0.00106162237479
0.00137133118756
0.00137063760482
0.00152487416664
0.00139780728055
0.00133281833307
0.00163212947268
0.00117213910921
0.00150980255123
0.001553123498
0.00256662945002
0.00234894945927
0.00196300341443
0.00166069578422
0.00117874014985
0.00204693700309
0.00223947131231
0.00288729476393
0.00223750620922
0.00213042546483
0.00148310255716
0.00194598116432
0.0020320965018
0.00253400490371
0.00218751753425
0.00187228656469
0.001720966208
0.00139649983221
0.00119552856209
0.000810408239179
0.00138413665537
0.00161287891735
0.00197307835236
0.00181630714853
0.0023517884534
0.00295933184082
0.00358878001645
0.00325785913031
0.00265507317475
0.00186647638334
0.00184412399169
0.00126127450907
0.00158898058655
0.00142127440093
0.0019575175725
0.0017994560412
0.00139689958636
0.00129515187591
0.000954066592657
0.00116835336713
0.00075027043862
0.000509067904994
0.000622783997843
0.000901610040873
0.000664456064903
-0.000223651889155
-0.000442926548839
-0.00041557478241
-4.88309631064e-05
-5.25427637523e-05
0.000232536098322
0.000237138443677
-0.000307490290413
-0.000649777716279
-0.000476838399879
1.1649458691e-06
0.00011520295131
-0.000295145730335
-0.000202347950641
-0.000151162395048
2.37800983727e-05
7.37263895534e-05
0.000403106527614
0.000792415222882
0.000641254957764
-0.000181221970555
-0.000251347155724
5.18193414185e-05
0.000956614250807
0.000825721684264
0.000340209969781
-0.000116337983437
-0.00028859040925
0.000251327503393
-3.11994143005e-05
0.000197980833032
-0.000147838080488
5.02177420958e-06
-0.000140941444188
-0.000429551190104
-0.000493040020511
-0.000768011155042
-0.000225421096881
-3.43115264672e-05
-0.000162051117491
-0.000953190805425
-0.00174464654234
-0.00204590330256
-0.00228929287819
-0.0015621384401
-0.00127811258612
-0.000870563917679
-0.00117723682547
-0.00139677216905
-0.000988724242402
-0.00142891429333
-0.00109311925551
-0.00159485731041
-0.00116607569542
-0.00188497013522
-0.00203375928954
-0.00170643529756
-0.0011206243673
-0.000727959883265
-0.000855572096435
-0.000860004466557
-0.000797224234569
-0.00119695396928
-0.000693058962487
-0.00145612158831
-0.00188289709108
-0.00227665349951
-0.00250036008905
-0.00236681713191
-0.00283650880422
-0.00232839483711
-0.00194963108043
-0.00153453635444
-0.00155413310727
-0.00155179532157
-0.00218066090907
-0.00263650069605
-0.00308238128503
-0.00311679744901
-0.00308013310543
-0.00259661471364
-0.00165047654611
-0.000856523259397
-0.000750772083139
-0.001640275755
-0.00195564554907
-0.00293194992352
-0.00289894585572
-0.00356630621379
-0.00270804676272
-0.00384096034692
-0.00399109273372
-0.00488510435
-0.00302260767627
-0.0028669934266
-0.00207598717028
-0.00256262749193
-0.00238330541112
-0.00358742779793
-0.00436390038913
-0.0046365979844
-0.00440811869314
END
