380.3
381.1
381.9
382.7
383.5
384.4
385.2
386.0
386.8
387.6
388.4
389.2
390.1
390.9
391.7
392.5
393.3
394.1
394.9
395.8
396.6
397.4
398.2
399.0
399.8
400.6
401.5
402.3
403.1
403.9
404.7
405.5
406.3
407.2
408.0
408.8
409.6
410.4
411.2
412.0
412.8
413.7
414.5
415.3
416.1
416.9
417.7
418.5
419.4
420.2
421.0
421.8
422.6
423.4
424.2
425.1
425.9
426.7
427.5
428.3
429.1
429.9
430.8
431.6
432.4
433.2
434.0
434.8
435.6
436.4
437.3
438.1
438.9
439.7
440.5
441.3
442.1
443.0
443.8
444.6
445.4
446.2
447.0
447.8
448.7
449.5
450.3
451.1
451.9
452.7
453.5
454.4
455.2
456.0
456.8
457.6
458.4
459.2
460.0
460.9
461.7
462.5
463.3
464.1
464.9
465.7
466.6
467.4
468.2
469.0
469.8
470.6
471.4
472.3
473.1
473.9
474.7
475.5
476.3
477.1
478.0
478.8
479.6
480.4
481.2
482.0
482.8
483.6
484.5
485.3
486.1
486.9
487.7
488.5
489.3
490.2
491.0
491.8
492.6
493.4
494.2
495.0
495.9
496.7
497.5
498.3
499.1
499.9
500.7
501.6
502.4
503.2
504.0
504.8
505.6
506.4
507.2
508.1
508.9
509.7
510.5
511.3
512.1
512.9
513.7
514.5
515.3
516.1
516.8
517.6
518.4
519.2
520.0
520.8
521.5
522.3
523.1
523.9
524.7
525.5
526.2
527.0
527.8
528.6
529.4
530.2
530.9
531.7
532.5
533.3
534.1
534.9
535.6
536.4
537.2
538.0
538.8
539.6
540.3
541.1
541.9
542.7
543.5
544.3
545.0
545.8
546.6
547.4
548.2
549.0
549.7
550.5
551.3
552.1
552.9
553.7
554.4
555.2
556.0
556.8
557.6
558.4
559.1
559.9
560.7
561.5
562.3
563.1
563.8
564.6
565.4
566.2
567.0
567.8
568.5
569.3
570.1
570.9
571.7
572.5
573.2
574.0
574.8
575.6
576.4
577.2
577.9
578.7
579.5
580.3
581.1
581.9
582.6
583.4
584.2
585.0
585.8
586.6
587.3
588.1
588.9
589.6
590.3
591.1
591.8
592.6
593.3
594.0
594.8
595.5
596.3
597.0
597.7
598.5
599.2
600.0
600.7
601.5
602.2
602.9
603.7
604.4
605.2
605.9
606.6
607.4
608.1
608.9
609.6
610.3
611.1
611.8
612.6
613.3
614.0
614.8
615.5
616.3
617.0
617.7
618.5
619.2
620.0
620.7
621.4
622.2
622.9
623.7
624.4
625.2
625.9
626.6
627.4
628.1
628.9
629.6
630.3
631.1
631.8
632.6
633.3
634.0
634.8
635.5
636.3
637.0
637.7
638.5
639.2
640.0
640.7
641.4
642.2
642.9
643.7
644.4
645.1
645.9
646.6
647.4
648.1
648.8
649.6
650.3
651.1
651.8
652.6
653.3
654.0
654.8
655.5
656.3
657.0
657.7
658.5
659.2
660.0
660.7
661.4
662.2
662.9
663.7
664.4
665.1
665.9
666.6
667.4
668.1
668.9
669.6
670.4
671.2
671.9
672.7
673.4
674.2
674.9
675.7
676.5
677.2
678.0
678.7
679.5
680.2
681.0
681.8
682.5
683.3
684.0
684.8
685.5
686.3
687.1
687.8
688.6
689.3
690.1
690.8
691.6
692.4
693.1
693.9
694.6
695.4
696.1
696.9
697.7
698.4
699.2
699.9
700.7
701.4
702.2
703.0
703.7
704.5
705.2
706.0
706.8
707.6
708.4
709.2
710.0
710.8
711.6
712.4
713.2
714.0
714.8
715.6
716.4
717.2
718.0
718.8
719.6
720.4
721.2
722.0
722.8
723.6
724.4
725.2
726.0
726.8
727.6
728.4
729.2
730.0
730.8
731.6
732.4
733.2
734.0
734.8
735.6
736.4
737.2
738.0
738.8
739.6
740.4
741.2
742.0
742.8
743.6
744.4
745.2
746.0
746.8
747.6
748.4
749.2
750.0
750.8
751.6
752.4
753.2
754.0
754.8
755.6
756.4
757.2
758.0
758.8
759.6
760.4
761.2
762.0
762.8
763.6
764.4
765.2
766.0
766.8
767.6
768.4
769.2
770.0
770.8
771.6
772.4
773.2
774.1
774.9
775.7
776.5
777.3
778.1
778.9
779.7
780.5
781.3
782.1
782.9
783.7
784.5
785.3
786.1
786.9
787.7
788.5
789.3
790.1
790.9
791.7
792.5
793.3
794.1
794.9
795.7
796.5
797.3
798.1
798.9
799.7
800.5
801.3
802.1
802.9
803.7
804.5
805.3
806.1
806.9
807.7
808.5
809.3
810.1
810.9
811.7
812.5
813.3
814.1
814.9
815.7
816.5
817.3
818.1
818.9
819.7
820.5
821.3
822.1
822.9
823.7
824.5
825.3
826.1
826.9
827.7
828.5
829.3
830.1
830.9
831.7
832.6
833.4
834.3
835.1
835.9
836.8
837.6
838.5
839.3
840.2
841.0
841.9
842.7
843.5
844.4
845.2
846.1
846.9
847.8
848.6
849.4
850.3
851.1
852.0
852.8
853.7
854.5
855.3
856.2
857.0
857.9
858.7
859.6
860.4
861.3
862.1
862.9
863.8
864.6
865.5
866.3
867.2
868.0
868.8
869.7
870.5
871.4
872.2
873.1
873.9
874.8
875.6
876.4
877.3
878.1
879.0
879.8
880.7
881.5
882.3
883.2
884.0
884.9
885.7
886.6
887.4
888.2
889.1
889.9
890.8
891.6
892.5
893.3
894.2
895.0
895.8
896.7
897.5
898.4
899.2
NEXT_SERIES
0.0236912018658
0.0221111829624
0.02210110234
0.0212148498505
0.0229304329279
0.0231106556503
0.0243951089811
0.0248690185104
0.0268097713484
0.02780558136
0.0297543935312
0.0318995169028
0.0342079009643
0.0374034625689
0.0389361226473
0.0396007598255
0.0394830127425
0.0397115375944
0.0388824092926
0.0382053954083
0.0376506252715
0.0369706437796
0.0350616486387
0.0321876548724
0.0306213409409
0.0288063964323
0.0273656963038
0.0259943925832
0.0249296200891
0.0240312979123
0.0222693461169
0.0209777432659
0.0194773494931
0.0190287912082
0.0187180782228
0.0187137002793
0.0187147368505
0.0178688941769
0.0176418798836
0.0170023739753
0.0173132201545
0.0169521023283
0.0170175022476
0.0167466573326
0.0163475016318
0.0156792239987
0.0148167240121
0.0156108457819
0.0157035550967
0.0158873568466
0.0148215416715
0.014610313531
0.0148433826515
0.0148704433558
0.0148851606319
0.0144828998045
0.014290902202
0.0145781754191
0.0151980437991
0.0155017121092
0.0154160098811
0.0152151389601
0.0154377094485
0.0158894866644
0.0159829569616
0.0162042393635
0.0158297280978
0.0155828076116
0.0153543384983
0.0153183862673
0.0160595388469
0.0167074329866
0.0171603505796
0.0166695102973
0.0160132361374
0.015619033038
0.015693048154
0.015668781517
0.0155550987347
0.0154063303884
0.0158757416515
0.0158217917945
0.015498384899
0.0149832247689
0.0147915031519
0.01441754025
0.0134247497673
0.0129899308706
0.0124066353752
0.012208863202
0.011719926237
0.011720945102
0.0114662928452
0.0110728423466
0.0113832567356
0.0120410109196
0.0128008492471
0.0121933128023
0.0111922048788
0.00996531972628
0.00970948311065
0.00963481133181
0.00936690144254
0.00936790917515
0.00891754091559
0.0093474816488
0.00902194371296
0.00930140887435
0.00795063645816
0.00731688194467
0.00661948557363
0.00703655602797
0.00771878999463
0.00785205071095
0.00717935281374
0.00592468891372
0.00575025958505
0.00616091058611
0.00625639154664
0.0056629953531
0.00563992047335
0.00538374493332
0.00537222890638
0.00476491147221
0.0036245921623
0.00336769727818
0.00262005654017
0.00290277503125
0.00189942772148
0.00157976055527
0.00108154955296
0.00013888311087
0.000219964958718
-0.000798889667835
-0.00134357225981
-0.00294203480888
-0.00381780068254
-0.0040387501413
-0.0045354148193
-0.00469321026255
-0.00491835300242
-0.00529818121753
-0.00546967375765
-0.00578689380887
-0.00586146099827
-0.00654204214363
-0.00729957916444
-0.00918863487655
-0.00951140246939
-0.0107128048255
-0.00999009929073
-0.0112079009744
-0.0112715664574
-0.0118300271178
-0.0112561506547
-0.0111689400505
-0.0105974280693
-0.010313108448
-0.0107668704104
-0.0110975693173
-0.0112063189647
-0.0103114448431
-0.00979439817551
-0.0088839198216
-0.008279341234
-0.0079956148252
-0.00727540534755
-0.00627665426424
-0.00518630728003
-0.00513887412005
-0.00502357592271
-0.00447171443473
-0.00370830406226
-0.00274283643068
-0.00260579174805
-0.00241202901396
-0.00217165017155
-0.00103860643812
-0.00036047332954
-0.000314953041121
-0.000596417390698
-0.00112016442181
-0.000876461513863
-0.000218080949546
0.000748104976149
0.00131152495637
0.00120321199478
0.00138452517276
0.00169220867067
0.0020678905445
0.00244136414686
0.00269912809674
0.00251160578445
0.00266072347294
0.00251981017862
0.00294197232947
0.00303330762949
0.00368307015276
0.00400468428437
0.0040373509791
0.00400311922637
0.00396039872541
0.00432912991429
0.00441400783792
0.00433085791605
0.00414465979903
0.00403490087462
0.00434847695184
0.00446637712982
0.00484429504191
0.00483969080083
0.00510209655357
0.00472322769456
0.00501971871609
0.0054270888118
0.00586305603616
0.00597271668349
0.00576057960275
0.00616323986048
0.00608405332053
0.00656108193733
0.00603044338028
0.00630350511981
0.00578386342137
0.00587610585922
0.00569572307801
0.00568423296315
0.00585600471805
0.00570809668632
0.00576013681636
0.00606885003883
0.00570797486406
0.00598591898182
0.00578807195919
0.00644820448354
0.00622086351598
0.00641025238573
0.00620000175796
0.00659209615071
0.00657272401177
0.00709293635103
0.006847429512
0.00633820548413
0.00588769825802
0.00588001096888
0.00635709376355
0.00649301572413
0.00640637290335
0.00587928308168
0.00555997569106
0.0054642511028
0.00617034801342
0.0064761541207
0.00640143545838
0.0060016533266
0.00588897026852
0.00571522909779
0.00560212960447
0.00564037363367
0.00582045180303
0.0059260225221
0.00540840371065
0.00574559390587
0.00551769958133
0.00579771855658
0.00572022707305
0.00592716367557
0.00644991570727
0.00614256062546
0.00590397812069
0.00564337962685
0.00621311530877
0.00602926354298
0.00589447467452
0.0054665660873
0.00571134072234
0.00577989528687
0.00538991789781
0.00533646240442
0.00538845056754
0.00615612529183
0.00637392834586
0.0067229845226
0.0059225301316
0.00590233287287
0.00535872635886
0.00567116111064
0.00564598165541
0.00606636863324
0.00644748015234
0.00639382876521
0.00590452839349
0.00548718459144
0.0052403049234
0.00525137866787
0.00519401380087
0.00565315752836
0.00519359939764
0.00529382301399
0.00496534709719
0.00505100693068
0.00524463600082
0.00538169733758
0.00552822064513
0.0050413571784
0.00464823365219
0.00522288949281
0.00546315256658
0.00543967835072
0.00511626117648
0.00485812226685
0.00512675180847
0.00472807634495
0.00462048243607
0.0040688648106
0.00407496140531
0.00450152458582
0.00533748655568
0.00590439385734
0.00536957660304
0.00552096723201
0.0052256567304
0.00533083532177
0.00484047223663
0.00457874361584
0.00480477703217
0.00489756477195
0.0050190266605
0.00479759839891
0.00421267670051
0.00399477648953
0.00391712538509
0.00447732740507
0.00440939294755
0.00460627461553
0.00439524630269
0.00445198978025
0.00460113770353
0.00479706104223
0.00510490270236
0.0049488149441
0.00483734079758
0.00549750414538
0.00532282887967
0.00487893267755
0.00415715084446
0.004207386893
0.00418893446638
0.00420231041349
0.00384441891286
0.00436493240796
0.00375765820056
0.0043659422635
0.00394283082085
0.00436688722199
0.00397837534871
0.00444799862094
0.00432414031659
0.00441108556463
0.00426622051133
0.00447860376737
0.00473156137293
0.00471913967804
0.00497450774591
0.00468513930381
0.00433741997443
0.00366526934449
0.00359669530434
0.00415602914417
0.00454958301583
0.00460013709485
0.0042913294338
0.00433037687868
0.00423133571998
0.0040061100825
0.00365614610743
0.00395892132746
0.00431647452699
0.00458516847901
0.00438113646742
0.004060029117
0.00407171643222
0.00372248057844
0.00364392763513
0.00340891047567
0.00358126601384
0.00400041642298
0.00403119579401
0.00428647954109
0.00387666336225
0.00430516095018
0.00408835566578
0.00457157806908
0.00438307963776
0.00456628595459
0.00423231631192
0.00413474355755
0.00401171282791
0.00370812237872
0.00339404865614
0.00318971644777
0.00351908535572
0.00351384759105
0.00379284992866
0.00348180818469
0.0035120745969
0.00370681989174
0.00377251036684
0.00418403531485
0.00349084279047
0.00340966995269
0.0033163964638
0.00354499055971
0.00359012976008
0.00331446347961
0.00317946242487
0.00254604403329
0.00208596464402
0.00193584036538
0.00225760262076
0.00262445838732
0.00196724390673
0.00187234176471
0.00115653892737
0.00151865711451
0.00146789874454
0.00151231303442
0.00147270916814
0.00153076891056
0.00191984823407
0.00219501709236
0.00244795442549
0.00216717732666
0.00227876753868
0.00222841365064
0.0027177537187
0.0025291008903
0.00227085955761
0.00213537346591
0.00210077241669
0.00193993977668
0.00140838273724
0.000779690966846
0.000153200489211
-0.000199953230928
-0.000406004156525
-1.29760479601e-05
-0.00010058893231
-3.59541185859e-05
-0.000286103323221
-0.000474869952806
-0.000480864637867
-0.00105423917842
-0.00136930111531
-0.00175031580264
-0.00154544718839
-0.00128855557993
-0.000788158162788
-0.000596703087941
-0.000819015626934
-0.000778987809173
-0.00114126820037
-0.000909196266973
-0.00135796481533
-0.00128718217765
-0.000889897756531
-0.000696011023732
-0.000790451528252
-0.00127300485698
-0.00186872791382
-0.00194740544193
-0.00216853208107
-0.00149675208423
-0.00159321458496
-0.00153042003828
-0.00220889929001
-0.00257650552011
-0.00273912458103
-0.00260698437667
-0.00252263676224
-0.00263660137083
-0.0030278175377
-0.00349426951059
-0.00377118333167
-0.00384110908006
-0.00342693932103
-0.00298076323015
-0.00291639791613
-0.00303903868882
-0.00368382581428
-0.00357764498401
-0.00408253640584
-0.00375754722798
-0.0039123235028
-0.0039394382407
-0.00414979125709
-0.00489913253784
-0.00457059824816
-0.00546930424936
-0.00497747782836
-0.00543623973996
-0.00505845256206
-0.00555361253121
-0.00550168576151
-0.00529324415237
-0.00572305402514
-0.0055876156756
-0.0057907344848
-0.00536162359179
-0.00531238489573
-0.00576141665516
-0.00509243294234
-0.00572782191732
-0.00588428030048
-0.00668467043945
-0.00659426458945
-0.00663238443871
-0.00692429857656
-0.00726112851674
-0.00718797272093
-0.00714931425724
-0.00713904403919
-0.00742654678823
-0.00785911841508
-0.00767685402636
-0.00787691759213
-0.00812540760882
-0.00838809600067
-0.00811524234439
-0.00772444776574
-0.00770880565555
-0.00790387046682
-0.00772738810512
-0.00764259518841
-0.0068710431708
-0.00723643308058
-0.00770080949461
-0.0086743823441
-0.00900400486466
-0.00928229148872
-0.00878477220035
-0.00885898979834
-0.00891147156723
-0.00986319751139
-0.0101125514966
-0.0101303932163
-0.0101476710295
-0.00998669748254
-0.0100711704161
-0.0100041874889
-0.0102939580463
-0.0101754016136
-0.0108247223527
-0.011037191887
-0.0111654290106
-0.0108147761352
-0.0111182911302
-0.0117415773035
-0.0120309941409
-0.0121107166224
-0.0125290331467
-0.0128445021318
-0.0125315438849
-0.0123494176436
-0.0125078392843
-0.0127867749884
-0.012931667377
-0.0128206980176
-0.0128643334955
-0.0127790467584
-0.0121089399029
-0.011728200412
-0.0116007661538
-0.0125662570234
-0.0134139873366
-0.0131589699913
-0.0123093599341
-0.0121778527247
-0.0131009030458
-0.0141876385547
-0.014244616822
-0.0136963449851
-0.013564901568
-0.0134105922716
-0.0140760202056
-0.0142622621427
-0.0146784649232
-0.0148449306128
-0.0148991582568
-0.0148370256755
-0.0141934574138
-0.0141410030479
-0.0144450652932
-0.0146068367987
-0.0150757540883
-0.0154836437062
-0.0165734291067
-0.0162989696521
-0.0159061253688
-0.0156527298885
-0.0157697144041
-0.0153434904225
-0.0152293650794
-0.0153402937006
-0.0157542334675
-0.0152831136624
-0.0148672318031
-0.0156249944241
-0.0158423967966
-0.0156765295037
-0.0145699259351
-0.0144253109442
-0.0152693116006
-0.0148978613622
-0.0154188111854
-0.0154436006216
-0.0164503069026
-0.0160820453344
-0.0154669901581
-0.0153688789254
-0.0156516785907
-0.015685766129
-0.0153568962804
-0.0149828343771
-0.01486558905
-0.0151103155167
-0.0156473555307
-0.0158875185629
-0.0158356624513
-0.0148908247254
-0.014974693005
-0.0151860227185
-0.0165294208906
-0.0162862410465
-0.0159555466852
-0.0153828515046
-0.0157495236945
-0.0158676778116
-0.0159768683218
-0.0159033702155
-0.0161724053119
-0.0160667819453
-0.0161234015533
-0.0166085836048
-0.0171690205785
-0.0169680214895
-0.0158305100895
-0.0153641009742
-0.0159903471388
-0.0163455793787
-0.0161807654954
-0.0165439733982
-0.0169414432516
-0.0175679869603
-0.0158600367113
END
