380.3
381.1
381.9
382.7
383.5
384.4
385.2
386.0
386.8
387.6
388.4
389.2
390.1
390.9
391.7
392.5
393.3
394.1
394.9
395.8
396.6
397.4
398.2
399.0
399.8
400.6
401.5
402.3
403.1
403.9
404.7
405.5
406.3
407.2
408.0
408.8
409.6
410.4
411.2
412.0
412.8
413.7
414.5
415.3
416.1
416.9
417.7
418.5
419.4
420.2
421.0
421.8
422.6
423.4
424.2
425.1
425.9
426.7
427.5
428.3
429.1
429.9
430.8
431.6
432.4
433.2
434.0
434.8
435.6
436.4
437.3
438.1
438.9
439.7
440.5
441.3
442.1
443.0
443.8
444.6
445.4
446.2
447.0
447.8
448.7
449.5
450.3
451.1
451.9
452.7
453.5
454.4
455.2
456.0
456.8
457.6
458.4
459.2
460.0
460.9
461.7
462.5
463.3
464.1
464.9
465.7
466.6
467.4
468.2
469.0
469.8
470.6
471.4
472.3
473.1
473.9
474.7
475.5
476.3
477.1
478.0
478.8
479.6
480.4
481.2
482.0
482.8
483.6
484.5
485.3
486.1
486.9
487.7
488.5
489.3
490.2
491.0
491.8
492.6
493.4
494.2
495.0
495.9
496.7
497.5
498.3
499.1
499.9
500.7
501.6
502.4
503.2
504.0
504.8
505.6
506.4
507.2
508.1
508.9
509.7
510.5
511.3
512.1
512.9
513.7
514.5
515.3
516.1
516.8
517.6
518.4
519.2
520.0
520.8
521.5
522.3
523.1
523.9
524.7
525.5
526.2
527.0
527.8
528.6
529.4
530.2
530.9
531.7
532.5
533.3
534.1
534.9
535.6
536.4
537.2
538.0
538.8
539.6
540.3
541.1
541.9
542.7
543.5
544.3
545.0
545.8
546.6
547.4
548.2
549.0
549.7
550.5
551.3
552.1
552.9
553.7
554.4
555.2
556.0
556.8
557.6
558.4
559.1
559.9
560.7
561.5
562.3
563.1
563.8
564.6
565.4
566.2
567.0
567.8
568.5
569.3
570.1
570.9
571.7
572.5
573.2
574.0
574.8
575.6
576.4
577.2
577.9
578.7
579.5
580.3
581.1
581.9
582.6
583.4
584.2
585.0
585.8
586.6
587.3
588.1
588.9
589.6
590.3
591.1
591.8
592.6
593.3
594.0
594.8
595.5
596.3
597.0
597.7
598.5
599.2
600.0
600.7
601.5
602.2
602.9
603.7
604.4
605.2
605.9
606.6
607.4
608.1
608.9
609.6
610.3
611.1
611.8
612.6
613.3
614.0
614.8
615.5
616.3
617.0
617.7
618.5
619.2
620.0
620.7
621.4
622.2
622.9
623.7
624.4
625.2
625.9
626.6
627.4
628.1
628.9
629.6
630.3
631.1
631.8
632.6
633.3
634.0
634.8
635.5
636.3
637.0
637.7
638.5
639.2
640.0
640.7
641.4
642.2
642.9
643.7
644.4
645.1
645.9
646.6
647.4
648.1
648.8
649.6
650.3
651.1
651.8
652.6
653.3
654.0
654.8
655.5
656.3
657.0
657.7
658.5
659.2
660.0
660.7
661.4
662.2
662.9
663.7
664.4
665.1
665.9
666.6
667.4
668.1
668.9
669.6
670.4
671.2
671.9
672.7
673.4
674.2
674.9
675.7
676.5
677.2
678.0
678.7
679.5
680.2
681.0
681.8
682.5
683.3
684.0
684.8
685.5
686.3
687.1
687.8
688.6
689.3
690.1
690.8
691.6
692.4
693.1
693.9
694.6
695.4
696.1
696.9
697.7
698.4
699.2
699.9
700.7
701.4
702.2
703.0
703.7
704.5
705.2
706.0
706.8
707.6
708.4
709.2
710.0
710.8
711.6
712.4
713.2
714.0
714.8
715.6
716.4
717.2
718.0
718.8
719.6
720.4
721.2
722.0
722.8
723.6
724.4
725.2
726.0
726.8
727.6
728.4
729.2
730.0
730.8
731.6
732.4
733.2
734.0
734.8
735.6
736.4
737.2
738.0
738.8
739.6
740.4
741.2
742.0
742.8
743.6
744.4
745.2
746.0
746.8
747.6
748.4
749.2
750.0
750.8
751.6
752.4
753.2
754.0
754.8
755.6
756.4
757.2
758.0
758.8
759.6
760.4
761.2
762.0
762.8
763.6
764.4
765.2
766.0
766.8
767.6
768.4
769.2
770.0
770.8
771.6
772.4
773.2
774.1
774.9
775.7
776.5
777.3
778.1
778.9
779.7
780.5
781.3
782.1
782.9
783.7
784.5
785.3
786.1
786.9
787.7
788.5
789.3
790.1
790.9
791.7
792.5
793.3
794.1
794.9
795.7
796.5
797.3
798.1
798.9
799.7
800.5
801.3
802.1
802.9
803.7
804.5
805.3
806.1
806.9
807.7
808.5
809.3
810.1
810.9
811.7
812.5
813.3
814.1
814.9
815.7
816.5
817.3
818.1
818.9
819.7
820.5
821.3
822.1
822.9
823.7
824.5
825.3
826.1
826.9
827.7
828.5
829.3
830.1
830.9
831.7
832.6
833.4
834.3
835.1
835.9
836.8
837.6
838.5
839.3
840.2
841.0
841.9
842.7
843.5
844.4
845.2
846.1
846.9
847.8
848.6
849.4
850.3
851.1
852.0
852.8
853.7
854.5
855.3
856.2
857.0
857.9
858.7
859.6
860.4
861.3
862.1
862.9
863.8
864.6
865.5
866.3
867.2
868.0
868.8
869.7
870.5
871.4
872.2
873.1
873.9
874.8
875.6
876.4
877.3
878.1
879.0
879.8
880.7
881.5
882.3
883.2
884.0
884.9
885.7
886.6
887.4
888.2
889.1
889.9
890.8
891.6
892.5
893.3
894.2
895.0
895.8
896.7
897.5
898.4
899.2
NEXT_SERIES
0.0374066331961
0.0362969726201
0.0357959167664
0.0337173004908
0.0339250959455
0.034969235018
0.0372832437727
0.0389877536301
0.0411300253669
0.04041039654
0.0425137165314
0.0445454786577
0.0476926452559
0.0499075982297
0.051204304695
0.0527036575759
0.0527890984666
0.0534716716688
0.053764241926
0.0534163663971
0.0527571787645
0.0507249386753
0.0493072882261
0.0467980794478
0.0456817974501
0.0434861995618
0.0419268308136
0.0403658801656
0.0393293417725
0.0372376858918
0.0359991233237
0.0347312152121
0.0344992289572
0.0339495527553
0.0339491147222
0.0338992966991
0.0339567222631
0.0338764218015
0.0339006556203
0.0329472896199
0.0326729070268
0.0326936566628
0.033259158172
0.0331282130987
0.0333705503468
0.032673687556
0.0323225125742
0.0322401018194
0.0329390837696
0.0333569866382
0.0334873803517
0.0337789968246
0.034293781768
0.0343258604267
0.0341792685063
0.033412462337
0.0327728667057
0.0327784538546
0.0332132216059
0.0338891409659
0.0339611386476
0.0344906385422
0.0344064014131
0.0346389729129
0.0346118463073
0.0348844209617
0.0345715542201
0.0345051661877
0.0341160983458
0.0346889111002
0.0343556048937
0.0355240697172
0.0354501016872
0.0356058901089
0.0345890539553
0.0343607767817
0.0341332703726
0.0342086911238
0.0336776111742
0.0338465238195
0.0333492586059
0.0329588048737
0.0323168394416
0.0319899509278
0.0314855481354
0.0301358508107
0.0292501689139
0.0291397689362
0.0294154450367
0.0290446693697
0.0278952786418
0.0278775776177
0.0274231021285
0.0277467553017
0.0270055335297
0.0267421850319
0.0263554981566
0.0259991657632
0.0254790009902
0.0245464266399
0.0237119559734
0.0234680478714
0.0229565054901
0.0230279489883
0.0218705838152
0.0212748598434
0.0204057898501
0.0200462279206
0.0197141031536
0.0195414605286
0.0196015561483
0.0199571882832
0.0197283472685
0.018444505766
0.0172744324762
0.0158543501579
0.0162609881721
0.0162314000898
0.0163064215722
0.0158877157365
0.0154540284128
0.0149981555728
0.0142158917001
0.013281541159
0.0124159604663
0.0122543371373
0.0108978563633
0.0107116082333
0.00974332186281
0.00931057988717
0.00858865966461
0.00803845726306
0.00764399582397
0.00686212810559
0.00579866229175
0.00474517283094
0.00308919994083
0.00204489224714
0.00220677860276
0.0021544340839
0.00174936845043
0.00107887136884
0.000996843731149
0.000778322537029
-0.000330847980734
-0.00122904766915
-0.00225290053139
-0.00330122490606
-0.00415196071758
-0.00536212491691
-0.00560152415843
-0.00590887623415
-0.00497656327731
-0.00495095553073
-0.00514258925364
-0.00589752875682
-0.00569167539188
-0.00538991761504
-0.00500203461854
-0.00491920426972
-0.00496262622266
-0.00476323047761
-0.00423602829735
-0.00340033118703
-0.00274534900321
-0.00303448532931
-0.00264322128618
-0.00217328274388
-0.00140277098505
-0.00120325627075
-0.000892828736828
-8.2020773724e-06
0.000537573966725
0.00152155225023
0.00180371481634
0.00239172202845
0.00233258422474
0.00267408037071
0.00309219692143
0.00334398721382
0.00351150028213
0.00369569642378
0.00298472879875
0.00322918444968
0.00352195409552
0.00504074555578
0.00538920876148
0.00549899199287
0.00549212105915
0.00540343999181
0.00539514894514
0.00587833727012
0.00555354313415
0.00554709341009
0.00494218530561
0.00524113173308
0.00479747524405
0.00550830722565
0.00606371727476
0.00671318160917
0.00705460534559
0.00708301256825
0.00750402463432
0.00775036754236
0.00789673919836
0.00760736702528
0.00692331887593
0.00707687143884
0.00760591747083
0.00793629839179
0.00756114578381
0.00753530954431
0.00700201061354
0.00784890249455
0.00755079428699
0.00770218127885
0.00709920987293
0.0076680571046
0.00831522288474
0.00877044067119
0.00873971365547
0.00848226478913
0.00834087115803
0.00825503862122
0.00837797717181
0.00929963281365
0.00915947501752
0.00876645085594
0.00793105497165
0.00750178704347
0.0076029897679
0.0078193188528
0.00782582264587
0.00829982752728
0.00823324140152
0.00855561448104
0.00867738614081
0.00843529038999
0.00892589656695
0.00888809436607
0.00927350946645
0.00884037067917
0.00819906618584
0.0075814444861
0.00802293315128
0.00852063485451
0.00867176159952
0.00827137550745
0.00821318514969
0.00832023331972
0.00833173857414
0.00803229143842
0.00791717995576
0.00837775511532
0.00876052604472
0.00861319981917
0.00774561557436
0.00750047943683
0.00795237030447
0.0081360291459
0.00802051735413
0.00759161496735
0.00812406408244
0.00814319772025
0.00851330259814
0.00838764190788
0.00852735241494
0.00846750639345
0.00812037714879
0.0076676089925
0.00745519222126
0.00746163535161
0.00773872736863
0.00787634001589
0.0077845785281
0.00787814762362
0.00753585180871
0.00731854776289
0.00704757750924
0.00729577903242
0.00787978015334
0.00779113863468
0.00771008658452
0.00716247291326
0.00739414406956
0.00766810481051
0.00780958248195
0.00813546292317
0.00777587998021
0.00763726217409
0.00715283718775
0.00718635737923
0.00714414002703
0.00705230627384
0.00685275971875
0.00698356982047
0.00724758144453
0.00705364725438
0.00730570430659
0.00699024662273
0.00729701061438
0.00699188357791
0.0070332224911
0.00709126878497
0.00691351056974
0.00690740550321
0.00684311446596
0.00672247800874
0.00665357789781
0.00672320986568
0.00682010968194
0.00679847107036
0.00626501389403
0.00572798370764
0.0051866822939
0.00526331353246
0.00605227158529
0.00651434613614
0.00689044744855
0.00646279264359
0.00687926404705
0.00647159180985
0.00593348422602
0.00538337745747
0.00525806404822
0.00605405014945
0.00634583004196
0.00650675768159
0.00639523258168
0.00592259699114
0.00598039456675
0.00564394416723
0.00609248865492
0.00555940066581
0.00609897581713
0.00560470460414
0.00601406036302
0.00574935373078
0.0057676412472
0.00605387684502
0.00588058208292
0.00565047901998
0.00565302778233
0.00553164237055
0.00629247715641
0.00593698250181
0.00634442243227
0.00577203712377
0.0060818870795
0.00524658647879
0.00525229471382
0.00423001767379
0.00476531200643
0.00448402880856
0.00500745950714
0.00466151997205
0.00518333070995
0.00541768915855
0.00598341217134
0.00545643098252
0.00594206553036
0.00598834545273
0.00697121212421
0.00649940803471
0.00624541075843
0.00581009820457
0.00525568225966
0.00496965875751
0.00502319895338
0.00561056866785
0.0060480325884
0.00562779237452
0.00550356243466
0.00511231720492
0.00538370765161
0.00553209915865
0.00565241174829
0.00549475566387
0.00543550961596
0.00553524840221
0.00551285295615
0.00522449614054
0.00496056954732
0.00499046440174
0.00488182818545
0.00499385754795
0.0046111236821
0.004713254932
0.00475067634011
0.00461944920089
0.00513444938541
0.00501944008415
0.00610747973307
0.0059696994136
0.00607448555642
0.00530054408175
0.00489091675952
0.00499393611634
0.00471973895122
0.00464681033636
0.0042920712752
0.00497629877668
0.00480262635959
0.00510475465124
0.00451490926549
0.00501347920751
0.00519665276744
0.00513665305085
0.00536366830435
0.00428878403407
0.00483566955628
0.00420349410073
0.00450907587559
0.00373898526317
0.00351355817195
0.00363257125367
0.00330368729761
0.00296974778394
0.00254832375916
0.0032488149236
0.00347700780774
0.00289822838631
0.0026034867427
0.00210217964156
0.0027014116152
0.00287223521091
0.00296415379459
0.0030974171876
0.00222551723024
0.00288540620982
0.00265969039875
0.00347089519271
0.00279757225947
0.0028951544095
0.00253552618431
0.00278676469304
0.00321721294504
0.00343780639776
0.00359921037781
0.00314951529017
0.00292036672569
0.00251187720258
0.0020922522242
0.00134525342107
0.00148057376737
0.00158956741173
0.00213003650852
0.00204658811053
0.00158426336757
0.00116555086638
0.000850241457347
0.000546083707475
0.000304558507934
-0.000298331600918
0.000247041223206
0.000692898348443
0.000675686651911
0.000226125169271
0.000175195957407
0.00023194819229
0.000689310390905
0.000268255723918
0.000363370904195
0.000615392678862
0.000610106647956
0.00124509160898
0.000871377027335
0.000959356493851
0.000320709867217
0.000123227086479
-0.000379691004459
-0.000418669716826
-0.000431282135279
-1.79866441292e-05
-0.00072441686682
-0.0010688189704
-0.00138122862691
-0.00111636250856
-0.00131650099055
-0.00144065522624
-0.00122744345567
-0.00133861455806
-0.00143617153995
-0.0014757989932
-0.00178610902853
-0.0019807321992
-0.00206736884208
-0.00171639573254
-0.0017080901258
-0.00239304719881
-0.00220211640111
-0.0023371042423
-0.001482642833
-0.00196629763335
-0.00220252146819
-0.00281324618233
-0.00282190879067
-0.00252082738753
-0.00282721036687
-0.00262710411577
-0.00288554437722
-0.00253905099103
-0.00280792564616
-0.00289565515092
-0.00334392615763
-0.00407606326385
-0.00395139054562
-0.00349495897226
-0.00317888684683
-0.00249215669953
-0.0035816352724
-0.0032139292553
-0.00431196462622
-0.00374492601554
-0.00399882228754
-0.0042059502383
-0.00432008398008
-0.00488921374213
-0.00516689013582
-0.0052070883251
-0.00509492005693
-0.00467295195702
-0.00488194515421
-0.00497375103551
-0.00554775920764
-0.00604770337211
-0.00637503477595
-0.00636355553147
-0.00575701221026
-0.00536594779389
-0.00485605252267
-0.00525108871234
-0.00469919237137
-0.00491965863647
-0.00433561066146
-0.00489330328192
-0.00483331059595
-0.00543671915926
-0.00569442896327
-0.00599915102865
-0.00597553525907
-0.00597571421818
-0.00614938325123
-0.00654844253396
-0.00725457782004
-0.00730820487947
-0.00756349193783
-0.00732597930309
-0.00783875485502
-0.00791113508446
-0.00825363195487
-0.00790982762495
-0.00819299949183
-0.00825942094269
-0.00855061162835
-0.00867428126625
-0.00918000455784
-0.0091709329745
-0.00904542618506
-0.00901562254466
-0.00970038676384
-0.00990091972006
-0.00902672084234
-0.00873619687943
-0.00876131089908
-0.00921992606855
-0.00937302481973
-0.00870321693329
-0.00911368127457
-0.00905021488672
-0.00944228894459
-0.00937654083913
-0.00980410068217
-0.0106454890136
-0.0104944117902
-0.0101141450195
-0.00948387795274
-0.0089566033372
-0.00989484681924
-0.0105736689879
-0.0112864845661
-0.0104417665244
-0.0103492323239
-0.0105870208467
-0.0108400920078
-0.0106938303778
-0.0104402160824
-0.0107052255717
-0.0111448254804
-0.0113673709364
-0.0106333826777
-0.00986878373226
-0.0102309850734
-0.0111529419673
-0.0119940044112
-0.0122333760574
-0.0122831441032
-0.011994977146
-0.0123738321645
-0.0118715487194
-0.0119744869107
-0.0113757669651
-0.011321148988
-0.0117928469957
-0.0119551717435
-0.0121759756586
-0.0115407378845
-0.0112663925785
-0.0112435948307
-0.0111011112274
-0.0110737472458
-0.0112228638174
-0.0115000001341
-0.0116644274237
-0.0113449229595
-0.0116941292232
-0.0109710993715
-0.0116126078606
-0.0113163678816
-0.0124610482305
-0.0127263959152
-0.0131288616761
-0.0133849675885
-0.0129471517221
-0.0124978316647
-0.0116253520918
-0.0116555959305
-0.0115452161122
-0.0120415378674
-0.0124622711691
-0.0128480924268
-0.0126936701866
-0.0130616328427
-0.0129442775639
-0.0128286847191
-0.0117346024974
-0.0116354261855
-0.01159708049
-0.0119309560784
-0.0118577356978
-0.0121929105328
-0.0123413578753
-0.0131737330836
-0.0134356366239
-0.014366955904
-0.0138731953641
-0.0140591028017
-0.0134886622582
-0.0141961226656
-0.0133202442396
-0.0128944397817
-0.0129810148189
-0.01316276765
-0.0138991768057
-0.0133104001986
END
