380.3
381.1
381.9
382.7
383.5
384.4
385.2
386.0
386.8
387.6
388.4
389.2
390.1
390.9
391.7
392.5
393.3
394.1
394.9
395.8
396.6
397.4
398.2
399.0
399.8
400.6
401.5
402.3
403.1
403.9
404.7
405.5
406.3
407.2
408.0
408.8
409.6
410.4
411.2
412.0
412.8
413.7
414.5
415.3
416.1
416.9
417.7
418.5
419.4
420.2
421.0
421.8
422.6
423.4
424.2
425.1
425.9
426.7
427.5
428.3
429.1
429.9
430.8
431.6
432.4
433.2
434.0
434.8
435.6
436.4
437.3
438.1
438.9
439.7
440.5
441.3
442.1
443.0
443.8
444.6
445.4
446.2
447.0
447.8
448.7
449.5
450.3
451.1
451.9
452.7
453.5
454.4
455.2
456.0
456.8
457.6
458.4
459.2
460.0
460.9
461.7
462.5
463.3
464.1
464.9
465.7
466.6
467.4
468.2
469.0
469.8
470.6
471.4
472.3
473.1
473.9
474.7
475.5
476.3
477.1
478.0
478.8
479.6
480.4
481.2
482.0
482.8
483.6
484.5
485.3
486.1
486.9
487.7
488.5
489.3
490.2
491.0
491.8
492.6
493.4
494.2
495.0
495.9
496.7
497.5
498.3
499.1
499.9
500.7
501.6
502.4
503.2
504.0
504.8
505.6
506.4
507.2
508.1
508.9
509.7
510.5
511.3
512.1
512.9
513.7
514.5
515.3
516.1
516.8
517.6
518.4
519.2
520.0
520.8
521.5
522.3
523.1
523.9
524.7
525.5
526.2
527.0
527.8
528.6
529.4
530.2
530.9
531.7
532.5
533.3
534.1
534.9
535.6
536.4
537.2
538.0
538.8
539.6
540.3
541.1
541.9
542.7
543.5
544.3
545.0
545.8
546.6
547.4
548.2
549.0
549.7
550.5
551.3
552.1
552.9
553.7
554.4
555.2
556.0
556.8
557.6
558.4
559.1
559.9
560.7
561.5
562.3
563.1
563.8
564.6
565.4
566.2
567.0
567.8
568.5
569.3
570.1
570.9
571.7
572.5
573.2
574.0
574.8
575.6
576.4
577.2
577.9
578.7
579.5
580.3
581.1
581.9
582.6
583.4
584.2
585.0
585.8
586.6
587.3
588.1
588.9
589.6
590.3
591.1
591.8
592.6
593.3
594.0
594.8
595.5
596.3
597.0
597.7
598.5
599.2
600.0
600.7
601.5
602.2
602.9
603.7
604.4
605.2
605.9
606.6
607.4
608.1
608.9
609.6
610.3
611.1
611.8
612.6
613.3
614.0
614.8
615.5
616.3
617.0
617.7
618.5
619.2
620.0
620.7
621.4
622.2
622.9
623.7
624.4
625.2
625.9
626.6
627.4
628.1
628.9
629.6
630.3
631.1
631.8
632.6
633.3
634.0
634.8
635.5
636.3
637.0
637.7
638.5
639.2
640.0
640.7
641.4
642.2
642.9
643.7
644.4
645.1
645.9
646.6
647.4
648.1
648.8
649.6
650.3
651.1
651.8
652.6
653.3
654.0
654.8
655.5
656.3
657.0
657.7
658.5
659.2
660.0
660.7
661.4
662.2
662.9
663.7
664.4
665.1
665.9
666.6
667.4
668.1
668.9
669.6
670.4
671.2
671.9
672.7
673.4
674.2
674.9
675.7
676.5
677.2
678.0
678.7
679.5
680.2
681.0
681.8
682.5
683.3
684.0
684.8
685.5
686.3
687.1
687.8
688.6
689.3
690.1
690.8
691.6
692.4
693.1
693.9
694.6
695.4
696.1
696.9
697.7
698.4
699.2
699.9
700.7
701.4
702.2
703.0
703.7
704.5
705.2
706.0
706.8
707.6
708.4
709.2
710.0
710.8
711.6
712.4
713.2
714.0
714.8
715.6
716.4
717.2
718.0
718.8
719.6
720.4
721.2
722.0
722.8
723.6
724.4
725.2
726.0
726.8
727.6
728.4
729.2
730.0
730.8
731.6
732.4
733.2
734.0
734.8
735.6
736.4
737.2
738.0
738.8
739.6
740.4
741.2
742.0
742.8
743.6
744.4
745.2
746.0
746.8
747.6
748.4
749.2
750.0
750.8
751.6
752.4
753.2
754.0
754.8
755.6
756.4
757.2
758.0
758.8
759.6
760.4
761.2
762.0
762.8
763.6
764.4
765.2
766.0
766.8
767.6
768.4
769.2
770.0
770.8
771.6
772.4
773.2
774.1
774.9
775.7
776.5
777.3
778.1
778.9
779.7
780.5
781.3
782.1
782.9
783.7
784.5
785.3
786.1
786.9
787.7
788.5
789.3
790.1
790.9
791.7
792.5
793.3
794.1
794.9
795.7
796.5
797.3
798.1
798.9
799.7
800.5
801.3
802.1
802.9
803.7
804.5
805.3
806.1
806.9
807.7
808.5
809.3
810.1
810.9
811.7
812.5
813.3
814.1
814.9
815.7
816.5
817.3
818.1
818.9
819.7
820.5
821.3
822.1
822.9
823.7
824.5
825.3
826.1
826.9
827.7
828.5
829.3
830.1
830.9
831.7
832.6
833.4
834.3
835.1
835.9
836.8
837.6
838.5
839.3
840.2
841.0
841.9
842.7
843.5
844.4
845.2
846.1
846.9
847.8
848.6
849.4
850.3
851.1
852.0
852.8
853.7
854.5
855.3
856.2
857.0
857.9
858.7
859.6
860.4
861.3
862.1
862.9
863.8
864.6
865.5
866.3
867.2
868.0
868.8
869.7
870.5
871.4
872.2
873.1
873.9
874.8
875.6
876.4
877.3
878.1
879.0
879.8
880.7
881.5
882.3
883.2
884.0
884.9
885.7
886.6
887.4
888.2
889.1
889.9
890.8
891.6
892.5
893.3
894.2
895.0
895.8
896.7
897.5
898.4
899.2
NEXT_SERIES
0.0713368466229
0.0720848774901
0.0718849073823
0.0735212951377
0.0733957723469
0.0756168175392
0.0792321781018
0.0850471271515
0.0913198748822
0.0945085179175
0.0987350201792
0.100626595023
0.105450191634
0.110221922474
0.11499270181
0.118707569948
0.120021303368
0.121701609335
0.12149642259
0.120945048665
0.118567221646
0.116275718326
0.112615379178
0.108152437815
0.103886805195
0.0992765548702
0.0947105365486
0.0902260591195
0.0867671377594
0.0834170727361
0.0800454813658
0.0767732659796
0.0741026119904
0.0717177985205
0.0700307363117
0.0689590320553
0.0682495008422
0.0671015728262
0.0661860608865
0.0651737263321
0.0647206160455
0.064618001815
0.0643296940156
0.0637037400821
0.0628017519341
0.06183265713
0.061215856057
0.0616914954823
0.061875316367
0.0621838801042
0.0621935135561
0.0624060397809
0.0618240700406
0.0617282351286
0.0611008678747
0.0611552456822
0.0608115550307
0.061817093657
0.0623530730164
0.0628572549196
0.0625055331312
0.0627278857432
0.062385837328
0.0626070585373
0.0629540371871
0.0626497348685
0.0625843956584
0.0618299294624
0.0625254052516
0.0621242673489
0.0620710506672
0.0613951543659
0.0616054721818
0.0616635028353
0.0610035906824
0.0602147189946
0.0594937637296
0.059252298493
0.0588492182929
0.0585296944194
0.0582391506623
0.0574628622234
0.0563345546272
0.0556263970394
0.0550039152119
0.0549497826651
0.0541433903106
0.0535358598857
0.0521076492828
0.0511264466394
0.0508020865481
0.0509598957205
0.0506580285074
0.050405424202
0.0494932223127
0.0492241032749
0.0483903393891
0.0479483611643
0.0477503705622
0.0459616331247
0.0447980584088
0.043175142556
0.0424634382016
0.0421508017468
0.0412250552105
0.0414831424502
0.0408471673879
0.0404039674493
0.0393188435917
0.038591421024
0.0380009863864
0.0379224670317
0.0375386010547
0.0369436332114
0.0357387193109
0.0347208397171
0.0341109887664
0.0337152188377
0.0330358768695
0.0333988113646
0.0327280164452
0.0329863277188
0.0309318718201
0.0304664730421
0.029684700087
0.02978804435
0.0288251070445
0.0279407108853
0.027057333872
0.0258909678547
0.0247983303037
0.0239987292468
0.0238080510106
0.0232571515953
0.0225181742803
0.0216534433393
0.0206501087512
0.0196096821964
0.019634515317
0.0190913586193
0.01879419663
0.0178537838402
0.0178075693393
0.0179762793408
0.0173813495747
0.016772624435
0.0159145658609
0.0149575531891
0.0136384315044
0.0124146855232
0.0126227573191
0.0125329788581
0.0128900003575
0.0126804258532
0.0127752365933
0.0122570294059
0.0118324832821
0.0116459926539
0.011181226759
0.0108525724911
0.0113022781603
0.0120612211742
0.0131282038083
0.0135988912091
0.014111208079
0.0138756614318
0.0140926867851
0.0144186704974
0.0147250369461
0.0141483047777
0.0137795164686
0.01355844829
0.0146018475107
0.0154980683644
0.0163403960426
0.0163746285603
0.0158227714733
0.0157257583452
0.0159495211803
0.0167384992141
0.0172115279082
0.016525930504
0.0156392952691
0.0154999229754
0.0164967436724
0.0176093607515
0.0176017273614
0.0171338115332
0.0170404489436
0.017200635669
0.0176589707891
0.0179233781533
0.0172857253747
0.0173246097876
0.0168665343704
0.0171930192569
0.0170426697992
0.017465592077
0.0180407783326
0.0184170637138
0.0188458618478
0.0195936738956
0.0198365410585
0.0193534515866
0.018383812826
0.0177550614337
0.017769619292
0.018394904593
0.0183932745237
0.0190547961033
0.018628930019
0.018814201977
0.0177392659631
0.0181268037964
0.0180423099283
0.0185265479528
0.0181466765978
0.0179817814703
0.0182184844791
0.0182760814892
0.0188379134053
0.0190993228975
0.0196721799998
0.0193998334694
0.0194499727427
0.0192817816865
0.0191068197534
0.0187680322642
0.0182954023234
0.0178451610005
0.0179489504001
0.0178452674534
0.0182097940318
0.0182959342223
0.0185022024183
0.0189321095068
0.0189792840194
0.0193213829427
0.0196116604146
0.0197061206048
0.0199298519899
0.0196626232663
0.0191404973936
0.0188085463772
0.0188996434793
0.0189601043871
0.0189627837093
0.01868265393
0.0186192842319
0.0179372191876
0.0181257076995
0.017570854794
0.01794779197
0.0175753709679
0.0181853134182
0.0178591498013
0.0180018661852
0.0178030946103
0.0181212458658
0.0178423800318
0.0181758887821
0.018163738654
0.0183380781131
0.0183290704398
0.0179666266866
0.0182341562072
0.0174179177133
0.0177024432555
0.0173130071182
0.0176414553434
0.0174903704957
0.0173991206658
0.0173243834118
0.0173935217265
0.0177283210619
0.0179574891156
0.0177626922549
0.0173470691067
0.0173176312457
0.0172863841424
0.0174856927781
0.0174962614286
0.0180092323357
0.0173516080415
0.0172811082884
0.0170198355205
0.0174020018746
0.0175276483673
0.0175505441719
0.0175065804808
0.0171078595255
0.0165206844373
0.0159261441422
0.0155780127818
0.0156323932072
0.016208722399
0.0163999324733
0.0163747641053
0.0161762440921
0.0161933912391
0.0157734354123
0.015774187406
0.0159572817952
0.0167440849697
0.0169871281428
0.0172171857115
0.0175336302533
0.0175717393993
0.0170503026074
0.0166409588464
0.0163955900164
0.0164278734978
0.0158204833595
0.0155997857805
0.0154167785107
0.0155034269176
0.0156786844524
0.0159051734301
0.0160393362995
0.0152575227136
0.0155195439448
0.0150733222029
0.0153155125501
0.0150118733471
0.0150240246858
0.0152407738124
0.0151834761437
0.0154666831763
0.0155015848209
0.0145924786961
0.0142871951777
0.0142071240598
0.0152343580016
0.0152049552228
0.0156561084655
0.01519963758
0.0153511825765
0.015063804112
0.0151893112109
0.0151896104992
0.0147995320956
0.0145558464369
0.0147185095783
0.0145938084308
0.0146436919238
0.0139977541843
0.0141655543261
0.0135464488921
0.0136268438556
0.0128631781704
0.0132615780477
0.0133787202293
0.0142463675528
0.0142483757816
0.0144290890502
0.0140745823331
0.0140406328653
0.0138165535019
0.013961735827
0.0135940443811
0.0137954012285
0.0140379144609
0.0146420905395
0.0146273154795
0.014059063616
0.0140576610527
0.0136275061658
0.0134922727827
0.0132676583198
0.0134088697218
0.0140602513139
0.0142269487308
0.0145281328476
0.0141181495182
0.0137802115406
0.0134570151445
0.0136289120294
0.0137880808997
0.0139320988593
0.0137157450997
0.0138582711633
0.0140612575403
0.0138640626519
0.0132255431909
0.0127672797938
0.0135327873904
0.014052112992
0.0136869475586
0.0133685392168
0.0127101080401
0.0134891556875
0.0130424533867
0.0140169778407
0.0139033703197
0.014263555724
0.013589939305
0.0131626154742
0.0130641612034
0.0129998309833
0.0132632163318
0.0127647412304
0.0133431887442
0.0131540795124
0.013623297483
0.0128567199011
0.0128465881843
0.0129193357189
0.0130603794714
0.0135453705218
0.0129390169064
0.0132138230711
0.0125072850542
0.0122984686299
0.0119570458104
0.0118048892491
0.0125806153358
0.0119804400533
0.0117581008233
0.01085921746
0.011028991651
0.0113046780807
0.010781651536
0.0110111597833
0.0105343222354
0.0112055278074
0.0113225185884
0.0109165704254
0.0108298421068
0.00985004458649
0.0107013765242
0.010722545417
0.011575311484
0.0112691201346
0.0112041070719
0.0109912133116
0.0108767265575
0.0108012125305
0.0109852700493
0.0112066216181
0.0112639386132
0.0110535891089
0.0107507552015
0.0102632650862
0.00936858244774
0.00907175930494
0.00915222739884
0.00982994340357
0.00991628172209
0.0101418829798
0.00966934031324
0.00918042167342
0.00819895467895
0.007646312283
0.00711936716467
0.00733822671563
0.00762475724851
0.00818450404462
0.00823673032966
0.00843722936157
0.00845786354662
0.00887319541135
0.00853000020821
0.00844777522011
0.00813500690214
0.00823478608317
0.00867162310793
0.00856644894513
0.00808763080078
0.0077080428566
0.0072153629363
0.007451828222
0.00668381293672
0.00708261106573
0.00716779695643
0.00742239904769
0.00724970149947
0.00686346635768
0.00650381567965
0.00602018478575
0.00550246619482
0.00579431218528
0.00592197921195
0.00611433602144
0.00570937718294
0.00563947925831
0.00574523012027
0.00614722544018
0.00633189911247
0.00625356853678
0.00536034540895
0.00540403203643
0.00488725856777
0.00611473466416
0.00514477596138
0.00520382347876
0.00474870430392
0.00486686830393
0.00521283150661
0.0045394411599
0.00453638902527
0.00416341839614
0.00403900430228
0.00426046566923
0.00413170923053
0.00438739561303
0.00376761922518
0.00353399753849
0.00328046934218
0.00291119934199
0.00403013067867
0.00365630594094
0.00449514836018
0.00345807814516
0.00356126278002
0.00313676000528
0.00273370246428
0.00278055262845
0.0027476406869
0.00272510881956
0.00323974914225
0.00296804361556
0.00362120843829
0.00290044920768
0.00301150124474
0.00219746168413
0.0016574090996
0.00111315593177
0.00119672381754
0.00166410184668
0.00225150676565
0.00272603258236
0.00246678631212
0.00249787169717
0.00255812798259
0.00307960378172
0.00318009706528
0.00284210352322
0.00227928617545
0.00213072332327
0.00184182737796
0.00227467936699
0.00232461969636
0.00279620461259
0.00241093627532
0.00185194084859
0.00163267995905
0.00129314502436
0.00107928289304
0.000608606730206
0.000759153894266
0.00118558402006
0.00146265319225
0.00134251834847
0.000650381039321
0.000394596812933
0.000605889447534
0.000516707151506
0.000367865312415
8.70873452377e-05
-0.000233805520452
-0.000782096555384
-0.00149395262481
-0.00097961982673
-0.00106333978212
-0.00111741051697
-0.00131761859895
-0.00122613110981
-0.000598490553261
-0.000973864624164
-0.00112874452696
-0.00164544397374
-0.00101535112025
-0.00128068012694
-0.00227986436087
-0.00305694946153
-0.00256102108227
-0.00227485660557
-0.00170267715808
-0.00188015467236
-0.00163960190261
-0.0020333393315
-0.0018229780766
-0.00145819152579
-0.00126031349018
-0.00139258113762
-0.00143926052835
-0.00227447473635
-0.00220016460886
-0.00220704351859
-0.00183736430714
-0.00187573139371
-0.0017357520953
-0.00175917421699
-0.00239478647152
-0.00321283104859
-0.00390545133618
-0.00365745643742
-0.00356899382062
-0.00320429937168
-0.00313316459746
-0.0029539061776
-0.0031172492132
-0.00324298467897
-0.00388248046014
-0.00430815498171
-0.00427790736933
-0.00369562942806
-0.00319530619483
-0.00326585457751
-0.00320066615755
-0.00301986694147
-0.00323518368006
-0.00315616645553
-0.00315876886348
-0.00348980395814
-0.00416238435554
-0.00401962275739
-0.00345822313958
-0.00356696147688
-0.00435041272653
-0.00519040452875
-0.00475052377916
-0.0042687543673
-0.00473639267874
-0.00411861161251
-0.0036087636865
-0.00267932169394
-0.00371490316612
-0.00412704723107
-0.00422858842782
-0.00416195683632
-0.00452202327399
-0.00457041369424
-0.00424422096662
-0.00394370123599
-0.00403243164997
-0.00410211456724
-0.00449457793802
-0.00439684673113
-0.00530740101073
-0.00600270028118
-0.00702221298127
-0.00634736645929
-0.00661105542731
-0.00605919234881
-0.0063628288063
-0.00509039422438
-0.00510633674362
-0.00521521107198
-0.00600326042133
-0.00683356966007
-0.00747572177856
-0.00775781212737
-0.00732401836391
-0.00761715967379
END
