380.3
381.1
381.9
382.7
383.5
384.4
385.2
386.0
386.8
387.6
388.4
389.2
390.1
390.9
391.7
392.5
393.3
394.1
394.9
395.8
396.6
397.4
398.2
399.0
399.8
400.6
401.5
402.3
403.1
403.9
404.7
405.5
406.3
407.2
408.0
408.8
409.6
410.4
411.2
412.0
412.8
413.7
414.5
415.3
416.1
416.9
417.7
418.5
419.4
420.2
421.0
421.8
422.6
423.4
424.2
425.1
425.9
426.7
427.5
428.3
429.1
429.9
430.8
431.6
432.4
433.2
434.0
434.8
435.6
436.4
437.3
438.1
438.9
439.7
440.5
441.3
442.1
443.0
443.8
444.6
445.4
446.2
447.0
447.8
448.7
449.5
450.3
451.1
451.9
452.7
453.5
454.4
455.2
456.0
456.8
457.6
458.4
459.2
460.0
460.9
461.7
462.5
463.3
464.1
464.9
465.7
466.6
467.4
468.2
469.0
469.8
470.6
471.4
472.3
473.1
473.9
474.7
475.5
476.3
477.1
478.0
478.8
479.6
480.4
481.2
482.0
482.8
483.6
484.5
485.3
486.1
486.9
487.7
488.5
489.3
490.2
491.0
491.8
492.6
493.4
494.2
495.0
495.9
496.7
497.5
498.3
499.1
499.9
500.7
501.6
502.4
503.2
504.0
504.8
505.6
506.4
507.2
508.1
508.9
509.7
510.5
511.3
512.1
512.9
513.7
514.5
515.3
516.1
516.8
517.6
518.4
519.2
520.0
520.8
521.5
522.3
523.1
523.9
524.7
525.5
526.2
527.0
527.8
528.6
529.4
530.2
530.9
531.7
532.5
533.3
534.1
534.9
535.6
536.4
537.2
538.0
538.8
539.6
540.3
541.1
541.9
542.7
543.5
544.3
545.0
545.8
546.6
547.4
548.2
549.0
549.7
550.5
551.3
552.1
552.9
553.7
554.4
555.2
556.0
556.8
557.6
558.4
559.1
559.9
560.7
561.5
562.3
563.1
563.8
564.6
565.4
566.2
567.0
567.8
568.5
569.3
570.1
570.9
571.7
572.5
573.2
574.0
574.8
575.6
576.4
577.2
577.9
578.7
579.5
580.3
581.1
581.9
582.6
583.4
584.2
585.0
585.8
586.6
587.3
588.1
588.9
589.6
590.3
591.1
591.8
592.6
593.3
594.0
594.8
595.5
596.3
597.0
597.7
598.5
599.2
600.0
600.7
601.5
602.2
602.9
603.7
604.4
605.2
605.9
606.6
607.4
608.1
608.9
609.6
610.3
611.1
611.8
612.6
613.3
614.0
614.8
615.5
616.3
617.0
617.7
618.5
619.2
620.0
620.7
621.4
622.2
622.9
623.7
624.4
625.2
625.9
626.6
627.4
628.1
628.9
629.6
630.3
631.1
631.8
632.6
633.3
634.0
634.8
635.5
636.3
637.0
637.7
638.5
639.2
640.0
640.7
641.4
642.2
642.9
643.7
644.4
645.1
645.9
646.6
647.4
648.1
648.8
649.6
650.3
651.1
651.8
652.6
653.3
654.0
654.8
655.5
656.3
657.0
657.7
658.5
659.2
660.0
660.7
661.4
662.2
662.9
663.7
664.4
665.1
665.9
666.6
667.4
668.1
668.9
669.6
670.4
671.2
671.9
672.7
673.4
674.2
674.9
675.7
676.5
677.2
678.0
678.7
679.5
680.2
681.0
681.8
682.5
683.3
684.0
684.8
685.5
686.3
687.1
687.8
688.6
689.3
690.1
690.8
691.6
692.4
693.1
693.9
694.6
695.4
696.1
696.9
697.7
698.4
699.2
699.9
700.7
701.4
702.2
703.0
703.7
704.5
705.2
706.0
706.8
707.6
708.4
709.2
710.0
710.8
711.6
712.4
713.2
714.0
714.8
715.6
716.4
717.2
718.0
718.8
719.6
720.4
721.2
722.0
722.8
723.6
724.4
725.2
726.0
726.8
727.6
728.4
729.2
730.0
730.8
731.6
732.4
733.2
734.0
734.8
735.6
736.4
737.2
738.0
738.8
739.6
740.4
741.2
742.0
742.8
743.6
744.4
745.2
746.0
746.8
747.6
748.4
749.2
750.0
750.8
751.6
752.4
753.2
754.0
754.8
755.6
756.4
757.2
758.0
758.8
759.6
760.4
761.2
762.0
762.8
763.6
764.4
765.2
766.0
766.8
767.6
768.4
769.2
770.0
770.8
771.6
772.4
773.2
774.1
774.9
775.7
776.5
777.3
778.1
778.9
779.7
780.5
781.3
782.1
782.9
783.7
784.5
785.3
786.1
786.9
787.7
788.5
789.3
790.1
790.9
791.7
792.5
793.3
794.1
794.9
795.7
796.5
797.3
798.1
798.9
799.7
800.5
801.3
802.1
802.9
803.7
804.5
805.3
806.1
806.9
807.7
808.5
809.3
810.1
810.9
811.7
812.5
813.3
814.1
814.9
815.7
816.5
817.3
818.1
818.9
819.7
820.5
821.3
822.1
822.9
823.7
824.5
825.3
826.1
826.9
827.7
828.5
829.3
830.1
830.9
831.7
832.6
833.4
834.3
835.1
835.9
836.8
837.6
838.5
839.3
840.2
841.0
841.9
842.7
843.5
844.4
845.2
846.1
846.9
847.8
848.6
849.4
850.3
851.1
852.0
852.8
853.7
854.5
855.3
856.2
857.0
857.9
858.7
859.6
860.4
861.3
862.1
862.9
863.8
864.6
865.5
866.3
867.2
868.0
868.8
869.7
870.5
871.4
872.2
873.1
873.9
874.8
875.6
876.4
877.3
878.1
879.0
879.8
880.7
881.5
882.3
883.2
884.0
884.9
885.7
886.6
887.4
888.2
889.1
889.9
890.8
891.6
892.5
893.3
894.2
895.0
895.8
896.7
897.5
898.4
899.2
NEXT_SERIES
-0.00082892363814
-0.000618501680963
-0.00181629086182
-0.00300229445269
-0.00494386002337
-0.00554775317323
-0.00330666484465
-0.00280145780511
0.000544496852758
-0.000281734520439
0.00373686495308
0.00681022707848
0.0109346593845
0.01375229521
0.0157053042214
0.0182058187902
0.0226101508719
0.0264024411832
0.0307235340978
0.0320629635931
0.0334887908766
0.0338697397381
0.0349110216231
0.0342422608062
0.0332369551899
0.0316164524935
0.0304575584609
0.0288850148139
0.0275969004863
0.025729607185
0.0252805171028
0.0236421714774
0.0231889726341
0.021174248923
0.0202035592279
0.0195481866425
0.0200931313857
0.020152205349
0.0201267530091
0.0196536008569
0.0198908252753
0.0199059419714
0.0194690745952
0.0193487131397
0.0191595206605
0.0200073647443
0.0202488422512
0.0210885096837
0.0216935755651
0.0226179304799
0.0232635102345
0.023595380186
0.0237398847104
0.0238132576524
0.0243838254564
0.025014114857
0.0263265645838
0.0273120158389
0.0281731158705
0.0283678480372
0.0287617725968
0.028883136843
0.0296060784679
0.0309276158462
0.0320915799459
0.0322047448628
0.032087330899
0.0322455019789
0.0333646549406
0.0335687531675
0.0343642961856
0.0344617964373
0.0351869993329
0.0351106580801
0.0358689313055
0.0358081227267
0.0354175222628
0.0344967923162
0.0348710393595
0.0355409111394
0.0368446764368
0.0377665961005
0.0381105697861
0.0378619207221
0.037611023126
0.0378244631183
0.037859184541
0.0382434711441
0.0388744306294
0.0397184644647
0.0391463523158
0.0391280577362
0.0393017369504
0.0395684356032
0.0397882513772
0.0398227189729
0.0391161044914
0.0385904932453
0.0383935920735
0.0393478382016
0.0405674667875
0.040732346694
0.0398848823283
0.0389145629437
0.0382966657949
0.0387313948867
0.0388067510855
0.0392566165181
0.0387705813449
0.0389342744874
0.038412564436
0.0386582972626
0.0382431601058
0.0379343625593
0.0384926305811
0.0389936941206
0.038882437597
0.0384835446011
0.0382287960257
0.0388971010154
0.0387827309029
0.0376643662331
0.0367974178516
0.0367094126067
0.0371551702976
0.0371343016166
0.036388734793
0.0365120547678
0.0368014381958
0.0369108375077
0.0354829166894
0.0348962638116
0.0350970361398
0.0360467326136
0.035711110671
0.0348024465249
0.0348230078118
0.035457819172
0.0357636239094
0.0352070720167
0.0351255326398
0.0350511461854
0.03464417622
0.0336831317946
0.0335424581997
0.0333577492899
0.0339864995665
0.033963010697
0.0339312639821
0.0334520868132
0.0328349197952
0.0332162025993
0.0326175397405
0.0322018432357
0.0315742792216
0.0317757905766
0.0322394929242
0.0320301174263
0.0317687206303
0.0310392430592
0.0309022214322
0.0303548463562
0.0299627497774
0.0296103364347
0.0297556683708
0.0295628364233
0.0293938059647
0.0286047239842
0.028725556282
0.0289551907041
0.0284326264553
0.0278444178106
0.0269100886428
0.0273697682252
0.0274595645126
0.0269274812235
0.0265517098188
0.0262904178232
0.0267858572946
0.0273004573064
0.0277880646092
0.0276563536992
0.0272395471709
0.0264661904154
0.0260415701693
0.0257779543884
0.0254846809629
0.0262546291194
0.0258394443666
0.0258872721912
0.0250886332117
0.0247941944814
0.0245779564589
0.0247674957833
0.0252613755821
0.0253698117839
0.0245879466608
0.0247387641817
0.0251258350732
0.0258329803376
0.0257108039632
0.0259033893221
0.0255846047411
0.0253739803152
0.0246971311486
0.0244263691995
0.0246042313937
0.0244831878567
0.0242323622629
0.0237926935771
0.0234157496762
0.0237666050359
0.0236185507213
0.0235753940657
0.0229863108955
0.0233431616976
0.0237459587626
0.0240550956902
0.0236778919123
0.0234217988887
0.0230605158708
0.0233494129537
0.0233941631017
0.02376322468
0.0232403027702
0.0234434337389
0.0234277492683
0.0236742956409
0.0232266447718
0.0229127673741
0.0223567909148
0.0225945304468
0.02284371198
0.0229071976431
0.0224918353424
0.0224631459432
0.0228043501722
0.0225767031877
0.0226764547984
0.0225422648479
0.0232454317914
0.0228433229913
0.0224890754603
0.0225659819708
0.0222264667217
0.0225737873761
0.0221972546849
0.02213734985
0.0217919641882
0.0214230462488
0.0217765594251
0.0223235054243
0.0223467926005
0.0223906831034
0.0219453138321
0.0221451145735
0.0223992400201
0.0224976204694
0.0226729316096
0.0224453623318
0.0225852377218
0.0224362677752
0.022034667548
0.0217251328955
0.0213900818312
0.0221805470752
0.0221312959104
0.0222293141282
0.0211929906458
0.0211118197407
0.0213383219985
0.0217297817348
0.0218195544338
0.021902700501
0.0218943704164
0.0220015962425
0.0221722242872
0.022147894636
0.0219726339867
0.0218062603762
0.0222456177873
0.0224807718585
0.0221975562805
0.0217296338242
0.0219014507721
0.0217437245135
0.0216670822584
0.0210648029221
0.020771810725
0.0209304550488
0.0211300116154
0.0213683666863
0.0209440998243
0.0205974197767
0.0204237293084
0.0206319522918
0.0207230223339
0.0208384669217
0.0207701964064
0.0210740059851
0.0214680629848
0.0215717605353
0.0214981000028
0.0218136558211
0.021931921801
0.0222907041631
0.0223206651544
0.022387633688
0.0222255139261
0.0220599741405
0.0223811848138
0.0226194068713
0.0223220043005
0.0217458644747
0.0207917221764
0.0207833426465
0.0212637765005
0.0216101609298
0.0213088113394
0.0209461341872
0.0214533501013
0.0215153838032
0.0215011592482
0.0208629580881
0.0209806260006
0.0207281266347
0.0208372674904
0.0206681568237
0.0214257441871
0.0214291376929
0.0216897980059
0.0208136627688
0.0211466524275
0.0208252631016
0.0208746664477
0.0204501447547
0.0205206302594
0.020547956199
0.0204064363277
0.0204646168756
0.0210619913576
0.0208714185766
0.0211169766917
0.0206330849294
0.0208838471995
0.0202798467771
0.0203804771584
0.0205617272744
0.0211080904011
0.0208731514014
0.0204747863196
0.0201825705473
0.0206664378241
0.0210996603528
0.021126412565
0.0205425807831
0.0202931219044
0.020143766802
0.0203356754051
0.0209385382717
0.0211691366235
0.0217399929679
0.0216697620198
0.0219997575383
0.0218916117939
0.0219845495615
0.022198358273
0.0227258674676
0.022907451777
0.0231354147446
0.0232234352403
0.0240751463466
0.0249575143853
0.0254070629002
0.0252551923426
0.0248598950376
0.0244860534582
0.0249035281192
0.0254752459646
0.0260432459119
0.0257561273162
0.0249549158517
0.0248998866011
0.0247184602639
0.0254084002898
0.0255306660034
0.0257800500455
0.0256612778563
0.0254005410705
0.0243250904828
0.023115910461
0.0228754706451
0.0236432525933
0.0243593715001
0.0231793346699
0.0228331851352
0.0217338786543
0.022341215383
0.0221467042499
0.0224637166883
0.022259120274
0.0222897914669
0.0219766734184
0.0215674172438
0.0211359229544
0.0210280187626
0.0211823977601
0.0207743451669
0.0206001729485
0.0198663552203
0.0194951503134
0.0193226751605
0.0195871182084
0.019478696639
0.0191112967181
0.0191572733485
0.0192642409113
0.0189878062286
0.0189351882676
0.018477271759
0.0188624278189
0.018420668933
0.0187788395343
0.0188800683073
0.0189044594104
0.0190228557946
0.01865801634
0.0183292539076
0.0182465730557
0.0185834874625
0.0194951734704
0.0199742843686
0.0198362036724
0.0191835490784
0.0184597499504
0.018674972165
0.0192385766959
0.0193600913007
0.0192446898181
0.0190721922787
0.0190394793127
0.0189383465198
0.0179130633241
0.017889819163
0.0180431345763
0.0187417322222
0.0187193569295
0.0184646435807
0.0182585526001
0.0179742248677
0.017961096596
0.0182871825208
0.0184763924956
0.0182887451355
0.0182646355257
0.0181015353671
0.0180350082779
0.0173277407037
0.0178902345856
0.0177156470131
0.0181089782853
0.0179497832162
0.0183771958524
0.0185574357728
0.018420745943
0.0184821175299
0.0184019760342
0.0182081687085
0.0185692211107
0.0192770220505
0.0195732804282
0.0197894417289
0.0193608308675
0.0192469868795
0.0187337843254
0.018536348061
0.0187258268332
0.0185140658834
0.01863085329
0.0183564331519
0.0185850836999
0.0186360185811
0.0187993137085
0.018512146172
0.0183020046233
0.0181740366594
0.0183710270862
0.0184546702507
0.0186151085402
0.0183118952488
0.0187088339611
0.0184964387382
0.0188836158388
0.0184462014774
0.0185235901405
0.0185146683203
0.0184004512456
0.0182789104048
0.0183027877394
0.0182538696288
0.018567516389
0.0184863661427
0.0188233103808
0.0187114573878
0.0187769784396
0.018556923991
0.0183707373143
0.0188317606407
0.0190868248245
0.01990992554
0.0199083611787
0.0201076188271
0.0201318032983
0.0198720246579
0.0200644304597
0.0196414661344
0.0197420274109
0.0197882190761
0.0193651078566
0.019410222786
0.0192079933122
0.0199679339657
0.0200731908164
0.0199879385228
0.0193453904377
0.0187693439117
0.0193662602512
0.0192730906934
0.0198768854065
0.0194661862932
0.0196897991524
0.0195783360721
0.0195948438058
0.0204824102651
0.0206743776788
0.0208244178849
0.0201838037631
0.020309113016
0.0203774658327
0.0204213923872
0.020842545285
0.0209960905523
0.0217338656855
0.0216854570966
0.0216663902124
0.0215541249051
0.0213398111392
0.0212617782952
0.0214134120973
0.0209151643639
0.0210753859804
0.0212432110188
0.0222040298161
0.0218532261033
0.0218211414374
0.0214516840154
0.0218532251922
0.0216030951504
0.0214500014823
0.0208111017865
0.0203480946745
0.0208339470162
0.0210831507406
0.0217377455389
0.0211770708413
0.021137518768
0.0208925533836
0.0215033418968
0.022002458485
0.0220001870715
0.021639875842
0.0215275596041
0.021445788412
0.0213301532609
0.0216069143323
0.0214803038387
0.0222569202136
0.0224327824016
0.0230327568378
0.0225464449621
0.0218365411789
0.021180952744
0.0210813730139
0.021419486413
0.0214789211289
0.0220189483958
0.0223147648835
0.0225130116667
0.021718805623
0.0224734830014
0.0230272090604
0.0233396454422
0.0224567676629
0.022084984684
0.0225212148842
0.0227153265108
0.022342713429
0.0211382929914
0.0213187714208
0.0214629116218
0.0224360414686
0.0217315766898
0.0222956093993
0.0219659234565
0.0223165462805
0.0217545361449
0.0220611317507
0.0220601027541
0.0217798518526
0.0219112151006
0.0215144707351
0.0222416099003
0.0221729381169
0.0230019843851
0.0225896625276
0.0219042516973
0.0214230152723
0.0222115656463
0.022803969915
0.0225222801602
0.0219480196715
0.0222773565196
0.0219836030062
0.0214532320658
0.0206490319039
0.0211201921559
0.0214530057876
0.0221348007939
0.022312789173
0.0222333959204
0.0223967487981
0.0221602311229
0.022027106832
0.0213822437312
0.0207638430125
0.0213089797871
0.0216691989368
0.0222853521608
0.020717620528
0.0195224244085
0.0186252710719
0.0185655683046
0.0178812656644
0.0176589668887
0.0182086741527
0.0184839555117
0.0184498178154
0.0176496973305
0.0177465667077
0.017530213142
0.0175237355846
0.0176103812374
0.0172702366147
0.0168094220417
0.0159775013553
END
