380.3
381.1
381.9
382.7
383.5
384.4
385.2
386.0
386.8
387.6
388.4
389.2
390.1
390.9
391.7
392.5
393.3
394.1
394.9
395.8
396.6
397.4
398.2
399.0
399.8
400.6
401.5
402.3
403.1
403.9
404.7
405.5
406.3
407.2
408.0
408.8
409.6
410.4
411.2
412.0
412.8
413.7
414.5
415.3
416.1
416.9
417.7
418.5
419.4
420.2
421.0
421.8
422.6
423.4
424.2
425.1
425.9
426.7
427.5
428.3
429.1
429.9
430.8
431.6
432.4
433.2
434.0
434.8
435.6
436.4
437.3
438.1
438.9
439.7
440.5
441.3
442.1
443.0
443.8
444.6
445.4
446.2
447.0
447.8
448.7
449.5
450.3
451.1
451.9
452.7
453.5
454.4
455.2
456.0
456.8
457.6
458.4
459.2
460.0
460.9
461.7
462.5
463.3
464.1
464.9
465.7
466.6
467.4
468.2
469.0
469.8
470.6
471.4
472.3
473.1
473.9
474.7
475.5
476.3
477.1
478.0
478.8
479.6
480.4
481.2
482.0
482.8
483.6
484.5
485.3
486.1
486.9
487.7
488.5
489.3
490.2
491.0
491.8
492.6
493.4
494.2
495.0
495.9
496.7
497.5
498.3
499.1
499.9
500.7
501.6
502.4
503.2
504.0
504.8
505.6
506.4
507.2
508.1
508.9
509.7
510.5
511.3
512.1
512.9
513.7
514.5
515.3
516.1
516.8
517.6
518.4
519.2
520.0
520.8
521.5
522.3
523.1
523.9
524.7
525.5
526.2
527.0
527.8
528.6
529.4
530.2
530.9
531.7
532.5
533.3
534.1
534.9
535.6
536.4
537.2
538.0
538.8
539.6
540.3
541.1
541.9
542.7
543.5
544.3
545.0
545.8
546.6
547.4
548.2
549.0
549.7
550.5
551.3
552.1
552.9
553.7
554.4
555.2
556.0
556.8
557.6
558.4
559.1
559.9
560.7
561.5
562.3
563.1
563.8
564.6
565.4
566.2
567.0
567.8
568.5
569.3
570.1
570.9
571.7
572.5
573.2
574.0
574.8
575.6
576.4
577.2
577.9
578.7
579.5
580.3
581.1
581.9
582.6
583.4
584.2
585.0
585.8
586.6
587.3
588.1
588.9
589.6
590.3
591.1
591.8
592.6
593.3
594.0
594.8
595.5
596.3
597.0
597.7
598.5
599.2
600.0
600.7
601.5
602.2
602.9
603.7
604.4
605.2
605.9
606.6
607.4
608.1
608.9
609.6
610.3
611.1
611.8
612.6
613.3
614.0
614.8
615.5
616.3
617.0
617.7
618.5
619.2
620.0
620.7
621.4
622.2
622.9
623.7
624.4
625.2
625.9
626.6
627.4
628.1
628.9
629.6
630.3
631.1
631.8
632.6
633.3
634.0
634.8
635.5
636.3
637.0
637.7
638.5
639.2
640.0
640.7
641.4
642.2
642.9
643.7
644.4
645.1
645.9
646.6
647.4
648.1
648.8
649.6
650.3
651.1
651.8
652.6
653.3
654.0
654.8
655.5
656.3
657.0
657.7
658.5
659.2
660.0
660.7
661.4
662.2
662.9
663.7
664.4
665.1
665.9
666.6
667.4
668.1
668.9
669.6
670.4
671.2
671.9
672.7
673.4
674.2
674.9
675.7
676.5
677.2
678.0
678.7
679.5
680.2
681.0
681.8
682.5
683.3
684.0
684.8
685.5
686.3
687.1
687.8
688.6
689.3
690.1
690.8
691.6
692.4
693.1
693.9
694.6
695.4
696.1
696.9
697.7
698.4
699.2
699.9
700.7
701.4
702.2
703.0
703.7
704.5
705.2
706.0
706.8
707.6
708.4
709.2
710.0
710.8
711.6
712.4
713.2
714.0
714.8
715.6
716.4
717.2
718.0
718.8
719.6
720.4
721.2
722.0
722.8
723.6
724.4
725.2
726.0
726.8
727.6
728.4
729.2
730.0
730.8
731.6
732.4
733.2
734.0
734.8
735.6
736.4
737.2
738.0
738.8
739.6
740.4
741.2
742.0
742.8
743.6
744.4
745.2
746.0
746.8
747.6
748.4
749.2
750.0
750.8
751.6
752.4
753.2
754.0
754.8
755.6
756.4
757.2
758.0
758.8
759.6
760.4
761.2
762.0
762.8
763.6
764.4
765.2
766.0
766.8
767.6
768.4
769.2
770.0
770.8
771.6
772.4
773.2
774.1
774.9
775.7
776.5
777.3
778.1
778.9
779.7
780.5
781.3
782.1
782.9
783.7
784.5
785.3
786.1
786.9
787.7
788.5
789.3
790.1
790.9
791.7
792.5
793.3
794.1
794.9
795.7
796.5
797.3
798.1
798.9
799.7
800.5
801.3
802.1
802.9
803.7
804.5
805.3
806.1
806.9
807.7
808.5
809.3
810.1
810.9
811.7
812.5
813.3
814.1
814.9
815.7
816.5
817.3
818.1
818.9
819.7
820.5
821.3
822.1
822.9
823.7
824.5
825.3
826.1
826.9
827.7
828.5
829.3
830.1
830.9
831.7
832.6
833.4
834.3
835.1
835.9
836.8
837.6
838.5
839.3
840.2
841.0
841.9
842.7
843.5
844.4
845.2
846.1
846.9
847.8
848.6
849.4
850.3
851.1
852.0
852.8
853.7
854.5
855.3
856.2
857.0
857.9
858.7
859.6
860.4
861.3
862.1
862.9
863.8
864.6
865.5
866.3
867.2
868.0
868.8
869.7
870.5
871.4
872.2
873.1
873.9
874.8
875.6
876.4
877.3
878.1
879.0
879.8
880.7
881.5
882.3
883.2
884.0
884.9
885.7
886.6
887.4
888.2
889.1
889.9
890.8
891.6
892.5
893.3
894.2
895.0
895.8
896.7
897.5
898.4
899.2
NEXT_SERIES
0.463369078243
0.466044677706
0.464255287566
0.466867059002
0.467091035831
0.472242112846
0.480890369739
0.49072453485
0.506280432591
0.523842406251
0.547261002052
0.574079311861
0.600297064967
0.624725706563
0.642322635333
0.662578803655
0.678727683488
0.698189936211
0.711466913762
0.726902115525
0.732930440379
0.738628546942
0.736883697039
0.736244491024
0.729957451269
0.724926832432
0.715588919263
0.707428301384
0.698969716943
0.693044844832
0.688321345989
0.683070193013
0.680072342007
0.677080152711
0.675740974081
0.674526580602
0.674772202596
0.676153575934
0.676776528504
0.679490707883
0.68152803753
0.685233427238
0.688377209403
0.692194958783
0.695770302162
0.700275874183
0.704692125097
0.710858778285
0.714841753417
0.718535522122
0.720042617874
0.724308160631
0.727204235248
0.731460495122
0.732207976209
0.733742101846
0.734684165411
0.735472451273
0.739158341506
0.740600186092
0.743416917995
0.743737617103
0.744665790579
0.745218290293
0.745291953383
0.744574736241
0.743431820926
0.741565553022
0.739543784725
0.737397456638
0.736692668248
0.735217557731
0.732982893863
0.728192217221
0.723488846687
0.720045317405
0.717443759996
0.714407896197
0.709851471769
0.705468827462
0.701905876576
0.69942784149
0.695419693011
0.691441868093
0.687108642789
0.682557799131
0.678725592994
0.675067641637
0.673111499962
0.669965184347
0.66518880176
0.661039575522
0.657836783909
0.653640244255
0.649029203799
0.643908969553
0.640033706707
0.635866368845
0.632715325642
0.630931903814
0.628837684099
0.625405387148
0.62137419871
0.619788380168
0.617783718725
0.615269489861
0.611240863259
0.608453658332
0.605905419502
0.603496326584
0.601941137508
0.601080125571
0.599263685191
0.597147071295
0.595968183295
0.595627306557
0.595020290371
0.592380563855
0.591553606791
0.590502686645
0.590371902216
0.587499971722
0.585432767944
0.585005329217
0.585704419226
0.585646493709
0.58463557601
0.585726861169
0.586753637527
0.587223325733
0.585049989884
0.583762998235
0.58195967586
0.581035512726
0.579687828622
0.579050280432
0.577800518949
0.577873278823
0.576949010512
0.576330913843
0.574418646373
0.573478585275
0.572656526105
0.570718894716
0.567483825393
0.565224838856
0.563249732805
0.563000928289
0.56049029454
0.559710679633
0.556628531038
0.554369261196
0.550171779447
0.544895001718
0.539610246044
0.534986896446
0.531643882733
0.526541831901
0.521098777511
0.517767196006
0.515045268441
0.511274725741
0.505655116761
0.502014346691
0.498181026882
0.493222071506
0.48685440568
0.481564902227
0.476489535133
0.471994821216
0.466174100853
0.462518412711
0.457847858412
0.454836317014
0.4502452575
0.446408690215
0.443087108387
0.44113350159
0.440278306388
0.438080947764
0.436165402527
0.43265246117
0.430043968676
0.427145320623
0.424169319872
0.421169859055
0.418019028338
0.414695048608
0.411955463664
0.40870198809
0.406247264417
0.403362954649
0.401378020813
0.400292598886
0.399300307332
0.398333111784
0.397325982659
0.397622253439
0.397679328293
0.397277836087
0.395434231235
0.393719561148
0.391812360674
0.390031034364
0.388063212838
0.386307691943
0.384410112298
0.383004327579
0.380190224601
0.378405586355
0.375505300282
0.374373051549
0.373005794548
0.372658888306
0.37245649453
0.37241746217
0.371365143527
0.370204566756
0.369638816772
0.370283901015
0.370745778194
0.370453443971
0.368897544094
0.367417118493
0.365144612541
0.363326972287
0.36140278652
0.359670004647
0.358685351641
0.358530101181
0.358398443431
0.358508418222
0.358192094384
0.357804491984
0.357897309966
0.357871385372
0.358724007669
0.358082120211
0.358118130504
0.358348697751
0.358755030119
0.35772459652
0.356581437156
0.356181973049
0.355847218279
0.354991292911
0.353520839899
0.35276499025
0.351739662962
0.351715038844
0.351491716205
0.352162179263
0.351835250977
0.35198454654
0.353003226414
0.35414770155
0.355513808394
0.354472990554
0.354077338331
0.354140397944
0.354581961886
0.35374229588
0.351264740879
0.349750720888
0.348809971519
0.348771143806
0.3482116807
0.34780055772
0.346297846097
0.345108432014
0.343872512332
0.343028429609
0.34252703296
0.343012071186
0.344648937293
0.347200315084
0.347881126103
0.347918182497
0.346634303675
0.348424043983
0.350440825686
0.352313734498
0.352231583114
0.350622405696
0.350047558423
0.348845491392
0.347163517153
0.345469724887
0.343953700611
0.345380185669
0.344417240044
0.344152752204
0.341457204567
0.342120574271
0.341480503011
0.343124437838
0.342308664089
0.34300044797
0.343254908395
0.345446208968
0.348847963342
0.350966928029
0.35174546704
0.351630522622
0.352430342025
0.354177138873
0.355167518147
0.354480926044
0.352987295857
0.35196108337
0.351950239933
0.352136079618
0.351010715331
0.348859889486
0.346382816469
0.344998690663
0.34632169943
0.347184114076
0.346650074585
0.34451285786
0.343852765548
0.343693736061
0.344537724142
0.343486788037
0.3431673203
0.341509196901
0.341587658949
0.340850794685
0.342240018142
0.339955843758
0.340863843595
0.338417982932
0.339750342332
0.337600680047
0.337980939587
0.336176378126
0.336581882738
0.33455533276
0.335082473936
0.332501000721
0.334270380683
0.333415579272
0.336908921049
0.335839939934
0.338247063073
0.337316010535
0.33982953298
0.339918248751
0.341508489262
0.34192092611
0.342227835653
0.34379022311
0.345061967196
0.348812789875
0.350709243986
0.352951802525
0.353358558016
0.355654532965
0.357864902434
0.36250821384
0.365566908928
0.37004366387
0.371847360801
0.375577460423
0.379155801617
0.385409047346
0.391446557782
0.396896416508
0.400534234127
0.404852983526
0.409751708573
0.416231370889
0.421273741965
0.426270096294
0.429356406725
0.431912804505
0.434190435419
0.436489648901
0.440418470223
0.444486538238
0.446888464009
0.445569289002
0.442366430057
0.438759387917
0.437952937772
0.436636267071
0.437391635366
0.433762346985
0.428730295652
0.420990257169
0.414285596113
0.410720003716
0.407058774079
0.403885625139
0.39484659497
0.387808481749
0.378415068239
0.373119627237
0.36857778314
0.366037866733
0.363152447286
0.358357965004
0.353169750591
0.346126426654
0.340318833771
0.335880355235
0.335271596247
0.335031273478
0.333522580991
0.329779690332
0.322920346011
0.317664491811
0.313351414221
0.313352560321
0.313839710206
0.31404471383
0.311869208303
0.307126595511
0.305351799803
0.302745057718
0.302800573915
0.302134363249
0.303448924494
0.304945237482
0.303267008003
0.301986125508
0.299944766221
0.299302618176
0.299565401716
0.301412207896
0.303650169998
0.304504778618
0.303484404898
0.301909129678
0.299086499172
0.297928135896
0.298209692195
0.301563404612
0.302549966626
0.303560854154
0.301994384571
0.300538917807
0.297588740594
0.295645360721
0.296060000274
0.29776203444
0.29960544664
0.299795873389
0.298024325118
0.294792711882
0.292741897804
0.291814521364
0.292706405991
0.292571495628
0.293709626275
0.294347044864
0.29464466025
0.292877740609
0.291482941159
0.28976677526
0.28940608265
0.288879164455
0.291287241442
0.29374872792
0.2947385078
0.293790844694
0.291678632835
0.290593879761
0.29067142418
0.291876571139
0.293588652853
0.295753204559
0.297051424796
0.297676526915
0.296183375686
0.294281073962
0.292748101544
0.291437402499
0.291690104781
0.292028731593
0.293273113206
0.293404504451
0.293978882968
0.294014801152
0.291989808109
0.289417846575
0.286470730883
0.286145764812
0.286357039269
0.287132494609
0.28808928559
0.289311466298
0.289709687842
0.289873518876
0.288166220441
0.287130851955
0.285394595552
0.285052712135
0.28585957502
0.287745357052
0.289222139524
0.289414444975
0.289152141148
0.28972422033
0.289157080589
0.289420724977
0.287977345598
0.289331611922
0.289487856085
0.292110951014
0.2939263021
0.296338810958
0.297237613885
0.296547494444
0.295343313087
0.293698951874
0.293181342008
0.294064238325
0.295343428368
0.297167705294
0.298721937028
0.300188189913
0.30032916378
0.298369119393
0.295869059066
0.293403932155
0.292705292567
0.291583306487
0.291310407817
0.290910636602
0.29291767723
0.295501053675
0.296018418597
0.297404508054
0.296458355458
0.296665479517
0.294893801338
0.295672864733
0.298949235398
0.301791769924
0.305122142008
0.308010799554
0.312432387642
0.315176717213
0.315800082799
0.314784632887
0.31348066188
0.312585807606
0.31256061701
0.311631332078
0.313120689279
0.31419918929
0.316840766244
0.316911612619
0.317705832306
0.316377421548
0.31525953319
0.312023296279
0.30899788499
0.306307407193
0.305006171071
0.305514496924
0.306764634301
0.308105178017
0.310543688373
0.311891783287
0.312765468448
0.312674924478
0.310898303794
0.309675469389
0.308112504115
0.308165631699
0.30754953236
0.306841334497
0.308192669016
0.309435507071
0.312598961867
0.314346123301
0.31623966098
0.316421322543
0.315765823268
0.315056874619
0.31485658501
0.315587311975
0.316523148793
0.319293129835
0.321559372553
0.324324834033
0.325992875099
0.328174422487
0.328673958844
0.327864213634
0.326052220371
0.325116876215
0.324245792614
0.323295770015
0.323014606016
0.322223762481
0.3228886835
0.32333951801
0.32449917906
0.324420305063
0.324463310547
0.32332719016
0.321740739201
0.319193634305
0.316935551244
0.315932757757
0.315523400415
0.315320650108
0.315876536763
0.317264563808
0.319094859487
0.318812818986
0.318667075843
0.319057697384
0.320019086082
0.319542209374
0.318302691349
0.317206408624
0.317173559298
0.315733431344
0.315869351648
0.314769231089
0.315174806788
0.314000207869
0.314603136766
0.315409058106
0.31641052365
0.315763022164
0.315519529474
0.315050289302
0.314807284196
0.31366982985
0.311371114548
0.309769830797
0.308168320868
0.306200997478
0.303041591246
0.299756900739
0.297060033145
0.295340571036
0.294018582874
0.29217772516
0.289773384588
0.286251883762
0.283450974514
0.280981138583
0.278238474766
0.276737279018
0.273617832767
0.272283124699
0.2700706846
0.26815827655
0.265852394732
END
