380.3
381.1
381.9
382.7
383.5
384.4
385.2
386.0
386.8
387.6
388.4
389.2
390.1
390.9
391.7
392.5
393.3
394.1
394.9
395.8
396.6
397.4
398.2
399.0
399.8
400.6
401.5
402.3
403.1
403.9
404.7
405.5
406.3
407.2
408.0
408.8
409.6
410.4
411.2
412.0
412.8
413.7
414.5
415.3
416.1
416.9
417.7
418.5
419.4
420.2
421.0
421.8
422.6
423.4
424.2
425.1
425.9
426.7
427.5
428.3
429.1
429.9
430.8
431.6
432.4
433.2
434.0
434.8
435.6
436.4
437.3
438.1
438.9
439.7
440.5
441.3
442.1
443.0
443.8
444.6
445.4
446.2
447.0
447.8
448.7
449.5
450.3
451.1
451.9
452.7
453.5
454.4
455.2
456.0
456.8
457.6
458.4
459.2
460.0
460.9
461.7
462.5
463.3
464.1
464.9
465.7
466.6
467.4
468.2
469.0
469.8
470.6
471.4
472.3
473.1
473.9
474.7
475.5
476.3
477.1
478.0
478.8
479.6
480.4
481.2
482.0
482.8
483.6
484.5
485.3
486.1
486.9
487.7
488.5
489.3
490.2
491.0
491.8
492.6
493.4
494.2
495.0
495.9
496.7
497.5
498.3
499.1
499.9
500.7
501.6
502.4
503.2
504.0
504.8
505.6
506.4
507.2
508.1
508.9
509.7
510.5
511.3
512.1
512.9
513.7
514.5
515.3
516.1
516.8
517.6
518.4
519.2
520.0
520.8
521.5
522.3
523.1
523.9
524.7
525.5
526.2
527.0
527.8
528.6
529.4
530.2
530.9
531.7
532.5
533.3
534.1
534.9
535.6
536.4
537.2
538.0
538.8
539.6
540.3
541.1
541.9
542.7
543.5
544.3
545.0
545.8
546.6
547.4
548.2
549.0
549.7
550.5
551.3
552.1
552.9
553.7
554.4
555.2
556.0
556.8
557.6
558.4
559.1
559.9
560.7
561.5
562.3
563.1
563.8
564.6
565.4
566.2
567.0
567.8
568.5
569.3
570.1
570.9
571.7
572.5
573.2
574.0
574.8
575.6
576.4
577.2
577.9
578.7
579.5
580.3
581.1
581.9
582.6
583.4
584.2
585.0
585.8
586.6
587.3
588.1
588.9
589.6
590.3
591.1
591.8
592.6
593.3
594.0
594.8
595.5
596.3
597.0
597.7
598.5
599.2
600.0
600.7
601.5
602.2
602.9
603.7
604.4
605.2
605.9
606.6
607.4
608.1
608.9
609.6
610.3
611.1
611.8
612.6
613.3
614.0
614.8
615.5
616.3
617.0
617.7
618.5
619.2
620.0
620.7
621.4
622.2
622.9
623.7
624.4
625.2
625.9
626.6
627.4
628.1
628.9
629.6
630.3
631.1
631.8
632.6
633.3
634.0
634.8
635.5
636.3
637.0
637.7
638.5
639.2
640.0
640.7
641.4
642.2
642.9
643.7
644.4
645.1
645.9
646.6
647.4
648.1
648.8
649.6
650.3
651.1
651.8
652.6
653.3
654.0
654.8
655.5
656.3
657.0
657.7
658.5
659.2
660.0
660.7
661.4
662.2
662.9
663.7
664.4
665.1
665.9
666.6
667.4
668.1
668.9
669.6
670.4
671.2
671.9
672.7
673.4
674.2
674.9
675.7
676.5
677.2
678.0
678.7
679.5
680.2
681.0
681.8
682.5
683.3
684.0
684.8
685.5
686.3
687.1
687.8
688.6
689.3
690.1
690.8
691.6
692.4
693.1
693.9
694.6
695.4
696.1
696.9
697.7
698.4
699.2
699.9
700.7
701.4
702.2
703.0
703.7
704.5
705.2
706.0
706.8
707.6
708.4
709.2
710.0
710.8
711.6
712.4
713.2
714.0
714.8
715.6
716.4
717.2
718.0
718.8
719.6
720.4
721.2
722.0
722.8
723.6
724.4
725.2
726.0
726.8
727.6
728.4
729.2
730.0
730.8
731.6
732.4
733.2
734.0
734.8
735.6
736.4
737.2
738.0
738.8
739.6
740.4
741.2
742.0
742.8
743.6
744.4
745.2
746.0
746.8
747.6
748.4
749.2
750.0
750.8
751.6
752.4
753.2
754.0
754.8
755.6
756.4
757.2
758.0
758.8
759.6
760.4
761.2
762.0
762.8
763.6
764.4
765.2
766.0
766.8
767.6
768.4
769.2
770.0
770.8
771.6
772.4
773.2
774.1
774.9
775.7
776.5
777.3
778.1
778.9
779.7
780.5
781.3
782.1
782.9
783.7
784.5
785.3
786.1
786.9
787.7
788.5
789.3
790.1
790.9
791.7
792.5
793.3
794.1
794.9
795.7
796.5
797.3
798.1
798.9
799.7
800.5
801.3
802.1
802.9
803.7
804.5
805.3
806.1
806.9
807.7
808.5
809.3
810.1
810.9
811.7
812.5
813.3
814.1
814.9
815.7
816.5
817.3
818.1
818.9
819.7
820.5
821.3
822.1
822.9
823.7
824.5
825.3
826.1
826.9
827.7
828.5
829.3
830.1
830.9
831.7
832.6
833.4
834.3
835.1
835.9
836.8
837.6
838.5
839.3
840.2
841.0
841.9
842.7
843.5
844.4
845.2
846.1
846.9
847.8
848.6
849.4
850.3
851.1
852.0
852.8
853.7
854.5
855.3
856.2
857.0
857.9
858.7
859.6
860.4
861.3
862.1
862.9
863.8
864.6
865.5
866.3
867.2
868.0
868.8
869.7
870.5
871.4
872.2
873.1
873.9
874.8
875.6
876.4
877.3
878.1
879.0
879.8
880.7
881.5
882.3
883.2
884.0
884.9
885.7
886.6
887.4
888.2
889.1
889.9
890.8
891.6
892.5
893.3
894.2
895.0
895.8
896.7
897.5
898.4
899.2
NEXT_SERIES
0.0735378950452
0.0714272365225
0.0705313812844
0.0697354519132
0.070279627592
0.0714004220962
0.0772333347708
0.0825972002546
0.0905932068878
0.0974409642276
0.111283315245
0.123941736787
0.136958527772
0.148022338903
0.159137038546
0.169747367621
0.179592705527
0.189699342914
0.19786754127
0.202638993844
0.204960353604
0.205727048733
0.205962039812
0.203976029857
0.20024865297
0.195270198744
0.189846640831
0.183719941725
0.178782559244
0.174204896691
0.171553286694
0.167739025287
0.166493146182
0.165569471027
0.166208325128
0.165797380432
0.166185805749
0.166663612488
0.167232804146
0.168054670291
0.169276867513
0.171044752339
0.172858456309
0.174581427383
0.176196949907
0.177235847867
0.179055994386
0.180479037762
0.183132577236
0.183981496568
0.185891044727
0.186442078561
0.187596972604
0.188324654786
0.19002851777
0.191087685571
0.191964742179
0.192289168595
0.193416109695
0.193920754184
0.194643443026
0.195159518234
0.195753498451
0.195594485568
0.195193237815
0.194306790222
0.194308411523
0.194401801292
0.194707045832
0.194134739907
0.193744705828
0.192746423415
0.19184318523
0.190801583178
0.18979920998
0.188687491527
0.187122277039
0.185955836727
0.185101558077
0.184477981155
0.184388935706
0.183405407968
0.182271443403
0.180826395349
0.17984759168
0.178952718479
0.177955143998
0.176931052986
0.176069457661
0.175591708322
0.17458995801
0.173212244038
0.17259442224
0.17089244869
0.171116843822
0.169323961727
0.168518919288
0.166329909684
0.165217776349
0.165269972082
0.164648297585
0.163134817911
0.161641088162
0.16056821726
0.159188077184
0.158405693087
0.156776292182
0.156701971338
0.155398200356
0.154655213597
0.153336837867
0.152971711345
0.152328169041
0.1523009127
0.152282232448
0.151518655277
0.150479893948
0.149080570365
0.148987672226
0.149137106678
0.148447691519
0.146391819314
0.146173941729
0.14584560849
0.146647657469
0.144661915227
0.144777012792
0.145491628367
0.146512206848
0.14654526133
0.145317550221
0.144801870577
0.143610576282
0.143650710336
0.142948972696
0.142939621803
0.14300322705
0.143521896324
0.1430298751
0.142879496041
0.143181054787
0.143324686917
0.142664702881
0.14180594199
0.141237297282
0.141426963227
0.141518766988
0.141946237015
0.141296885063
0.140905083498
0.139937556444
0.139927057872
0.138930871234
0.137953920435
0.136423268809
0.135147753418
0.133900333178
0.132660780938
0.131509537795
0.130766443939
0.130175222415
0.129354092279
0.127823500168
0.126385120501
0.125377358548
0.124442798706
0.123286823511
0.121527064062
0.119936670856
0.118974806734
0.116913183867
0.116228438426
0.113767340756
0.1134223481
0.111972263902
0.111804987955
0.111413398391
0.110970898681
0.110690373578
0.110445409058
0.109875514834
0.110011078115
0.109169380376
0.108366890832
0.106819496282
0.105554106191
0.104282697181
0.103071868225
0.102349251183
0.101947562539
0.101534904939
0.100412805701
0.100263191621
0.099625686636
0.0996750285874
0.0995151753665
0.0986775186102
0.0991664340643
0.0995988732531
0.100619850339
0.10037192604
0.10007582447
0.0995622972559
0.0989995451547
0.0978242694232
0.0972746957221
0.0964243547849
0.0959781812706
0.0954587411509
0.0948581779586
0.0939833346617
0.0930593653688
0.0929608356284
0.0930364284836
0.0931169652209
0.0935615170383
0.0934267946292
0.093948609761
0.0934943118867
0.0936855340192
0.0934061392912
0.093696355399
0.0935987216602
0.0926097855717
0.0919023338945
0.0911583011348
0.0915196389005
0.0906039755371
0.0901763365332
0.089967826266
0.0898976526122
0.0898027307188
0.0895101025946
0.0897118308506
0.0899175952632
0.0899751199896
0.0902122825048
0.0903789732267
0.0906658757671
0.0911201254383
0.0911754159513
0.0910841831926
0.0905171325067
0.0903932338858
0.0899706374374
0.0895721335789
0.0885513623584
0.0882515956652
0.0876298275175
0.0876495406287
0.0872216422397
0.0881699259011
0.0886124909924
0.0890739592823
0.0887454615989
0.0886892656204
0.0888443645241
0.0890339583814
0.089733875298
0.089682600547
0.0898200291542
0.0892419799714
0.088802245892
0.0881126683283
0.087516380553
0.0880529746198
0.0873871658377
0.0873324662039
0.0865722294692
0.0867861852377
0.0867889185326
0.0858984768221
0.0855074328289
0.0853754393545
0.0863051793706
0.0874598889842
0.0876008434299
0.0874275917139
0.0870047945598
0.0880983578375
0.0892251727131
0.0896100155823
0.0892304629882
0.0885666938637
0.0887687692007
0.0885081741258
0.0876188090796
0.0869301033695
0.0860046536374
0.086896057738
0.0862143744236
0.0859892856443
0.0845117197585
0.0848931391808
0.0846593524567
0.0859266878005
0.085282527433
0.0860501566881
0.0855145496962
0.0867174080139
0.0874873477033
0.0881462093742
0.0885291997227
0.0885392105431
0.0890542370978
0.0895774044461
0.0899352134864
0.0896607054296
0.0892699560188
0.089107455415
0.0893843362078
0.0893632508962
0.0890307052292
0.0879834430473
0.0866678207592
0.0858958533083
0.0867397468562
0.0870888807162
0.0871967205673
0.0861788308259
0.0862341112708
0.0859222956028
0.0861776527686
0.0856432852645
0.0862945404105
0.0854659029587
0.0855022711585
0.0847058849027
0.0856574426072
0.0854702313347
0.085723668793
0.0846563476194
0.0851781793501
0.0848142057932
0.0854409250847
0.0844627159915
0.084320188956
0.0829566490835
0.0827918290042
0.0818100070157
0.0830545296777
0.0829337602295
0.0846341494163
0.0838623881757
0.0847341851281
0.0834319063698
0.0843441851618
0.0842241969335
0.0846987150427
0.0842071680695
0.083845891203
0.0843843723997
0.0850361534893
0.0863551967042
0.0866326122998
0.0864732766736
0.0857470503159
0.0862318791141
0.0869610391695
0.0883809843552
0.0885711235344
0.0894368294131
0.0894613753833
0.0906899135822
0.0913633724654
0.0930741978985
0.0940665426683
0.0953712914435
0.096139427242
0.0980766983553
0.0996500655501
0.101290570208
0.102366974817
0.103430188456
0.104649094117
0.104845273495
0.105443332826
0.10594484739
0.107460989934
0.108811396417
0.109108041844
0.108135298881
0.106560202642
0.105633592294
0.106172216185
0.106829555437
0.107115868181
0.105384763808
0.103419884683
0.101090380753
0.0995408088737
0.0991465696725
0.0992327620654
0.0992265849414
0.0966102186948
0.094732397746
0.0918750230035
0.0914884262917
0.0911813303204
0.0914373014472
0.0908421114358
0.0896658192749
0.0881603820185
0.0860537875097
0.084543433651
0.0838399386516
0.0848009665961
0.0848765384786
0.0845715534748
0.0826802270572
0.0800122197902
0.0785175745181
0.0775369525012
0.0782929432206
0.0780508813802
0.0783348551744
0.0773174732566
0.0760014076442
0.0756043747095
0.074776337631
0.0755233865352
0.0755195923469
0.076674082802
0.0773674974113
0.0765666472879
0.075807584933
0.0743768639194
0.0742652514684
0.0743731617726
0.0752704433548
0.0763266179578
0.0769346749178
0.0767337729192
0.0758994400611
0.0746571335336
0.0740943970375
0.0742843643415
0.0757766552198
0.0764537213947
0.0769102532881
0.0762248387341
0.0755930573
0.0744712911218
0.0743570821074
0.0748864443852
0.0754610667776
0.0758809708555
0.0759599091776
0.0748065630511
0.0734967492749
0.0718295690497
0.0719969529868
0.0723264350612
0.0733716827424
0.0738837574405
0.0741703516506
0.0736066369908
0.0730281391304
0.0726702963414
0.0724944573703
0.0729006310449
0.0723854382366
0.073210240365
0.0738594673001
0.0737610966056
0.0730746303156
0.072140681987
0.0722544058308
0.0728860567089
0.0736550723318
0.0746908063864
0.0755979070437
0.0756776966052
0.0754821965111
0.0747163427744
0.073829168021
0.0735966760773
0.0731329239268
0.0737500370371
0.0741559288779
0.074359518893
0.0742317385364
0.0743358863131
0.0742862174049
0.0731873084274
0.0720260468589
0.0716602206201
0.0719514156615
0.071919098383
0.0716599614411
0.0722306942219
0.0727280470623
0.0731889913439
0.0729060949305
0.072596799516
0.0721189864999
0.0718550246767
0.0716677609261
0.0718172655464
0.0722864416251
0.0730666453606
0.0730434088495
0.0727395608355
0.0722198671756
0.0721081353628
0.0717217387079
0.071180633002
0.0717514789026
0.0719933769137
0.0735175317256
0.074059578231
0.0750809467119
0.0751599408991
0.0751387766978
0.0749452877576
0.074054989812
0.0738876573357
0.0740647572102
0.0741935803457
0.0743687225026
0.0750151538822
0.0761371930978
0.0764287690228
0.0757255065795
0.0747983917407
0.0735615343764
0.0738770062836
0.0733327731587
0.0737056700442
0.0730395337413
0.0734779650168
0.0743947914523
0.0751944198833
0.0766308030834
0.0764682069815
0.0759103090528
0.0748239031026
0.0747817775842
0.0755737862948
0.0762799502001
0.0779123605554
0.0796238014356
0.0813109756559
0.0819348412659
0.0815070457725
0.0810088447612
0.080188703039
0.0802742728864
0.0804884002204
0.0801437064133
0.0802287390124
0.0804129777907
0.0823331961687
0.0823495779913
0.0827263680216
0.0814101791717
0.080648159788
0.0794827500162
0.0786168743625
0.0780359848085
0.0775610404609
0.077915246693
0.078614184413
0.079105930389
0.0800023918946
0.0809531799985
0.0815579972018
0.0814204042975
0.080292674619
0.0796404805197
0.0787692266799
0.0791075093962
0.0792599595108
0.0792231493148
0.0799598434674
0.0800457641216
0.0815553287096
0.0822051039293
0.0831703229249
0.0829701510139
0.0824754123483
0.0819665214495
0.0816638709391
0.0820229823728
0.0825176325341
0.084021729031
0.0849612104815
0.0858117430983
0.0860852398478
0.0865524185699
0.0870972935158
0.0870540227192
0.0873319957213
0.0868644923967
0.0864773859777
0.0858160881999
0.08549407165
0.0849149955394
0.0845801051575
0.0850183909308
0.0854712394718
0.0854818290847
0.0853652982224
0.0853720060608
0.0849439541873
0.0843128235751
0.0834707249077
0.0837806143047
0.0839447036574
0.0846312127871
0.083567359139
0.0838552755257
0.0839404158149
0.0850889617063
0.0849689732556
0.0848694509641
0.084924619762
0.0853594878672
0.0852476252565
0.0838700621621
0.0833670773589
0.0834218697258
0.0841724115867
0.0832548671908
0.0831407996666
0.0836655508461
0.084607465929
0.0845608032844
0.0849556265426
0.0845473982148
0.0847625251948
0.0842647917883
0.0842707196856
0.0833299867908
0.0822478971875
0.0821453170797
0.0818089567926
0.0807134678118
0.0789462497314
0.0777419448512
0.0762718069225
0.0750760843629
0.0735147354451
0.0735563297202
0.0727351999012
0.0721249894872
0.0713024652279
0.0708628722033
0.0693260190821
0.0681480390442
0.0659889820667
0.0656137949354
0.0647928870937
0.0651888067259
0.0648974273543
END
