380.3
381.1
381.9
382.7
383.5
384.4
385.2
386.0
386.8
387.6
388.4
389.2
390.1
390.9
391.7
392.5
393.3
394.1
394.9
395.8
396.6
397.4
398.2
399.0
399.8
400.6
401.5
402.3
403.1
403.9
404.7
405.5
406.3
407.2
408.0
408.8
409.6
410.4
411.2
412.0
412.8
413.7
414.5
415.3
416.1
416.9
417.7
418.5
419.4
420.2
421.0
421.8
422.6
423.4
424.2
425.1
425.9
426.7
427.5
428.3
429.1
429.9
430.8
431.6
432.4
433.2
434.0
434.8
435.6
436.4
437.3
438.1
438.9
439.7
440.5
441.3
442.1
443.0
443.8
444.6
445.4
446.2
447.0
447.8
448.7
449.5
450.3
451.1
451.9
452.7
453.5
454.4
455.2
456.0
456.8
457.6
458.4
459.2
460.0
460.9
461.7
462.5
463.3
464.1
464.9
465.7
466.6
467.4
468.2
469.0
469.8
470.6
471.4
472.3
473.1
473.9
474.7
475.5
476.3
477.1
478.0
478.8
479.6
480.4
481.2
482.0
482.8
483.6
484.5
485.3
486.1
486.9
487.7
488.5
489.3
490.2
491.0
491.8
492.6
493.4
494.2
495.0
495.9
496.7
497.5
498.3
499.1
499.9
500.7
501.6
502.4
503.2
504.0
504.8
505.6
506.4
507.2
508.1
508.9
509.7
510.5
511.3
512.1
512.9
513.7
514.5
515.3
516.1
516.8
517.6
518.4
519.2
520.0
520.8
521.5
522.3
523.1
523.9
524.7
525.5
526.2
527.0
527.8
528.6
529.4
530.2
530.9
531.7
532.5
533.3
534.1
534.9
535.6
536.4
537.2
538.0
538.8
539.6
540.3
541.1
541.9
542.7
543.5
544.3
545.0
545.8
546.6
547.4
548.2
549.0
549.7
550.5
551.3
552.1
552.9
553.7
554.4
555.2
556.0
556.8
557.6
558.4
559.1
559.9
560.7
561.5
562.3
563.1
563.8
564.6
565.4
566.2
567.0
567.8
568.5
569.3
570.1
570.9
571.7
572.5
573.2
574.0
574.8
575.6
576.4
577.2
577.9
578.7
579.5
580.3
581.1
581.9
582.6
583.4
584.2
585.0
585.8
586.6
587.3
588.1
588.9
589.6
590.3
591.1
591.8
592.6
593.3
594.0
594.8
595.5
596.3
597.0
597.7
598.5
599.2
600.0
600.7
601.5
602.2
602.9
603.7
604.4
605.2
605.9
606.6
607.4
608.1
608.9
609.6
610.3
611.1
611.8
612.6
613.3
614.0
614.8
615.5
616.3
617.0
617.7
618.5
619.2
620.0
620.7
621.4
622.2
622.9
623.7
624.4
625.2
625.9
626.6
627.4
628.1
628.9
629.6
630.3
631.1
631.8
632.6
633.3
634.0
634.8
635.5
636.3
637.0
637.7
638.5
639.2
640.0
640.7
641.4
642.2
642.9
643.7
644.4
645.1
645.9
646.6
647.4
648.1
648.8
649.6
650.3
651.1
651.8
652.6
653.3
654.0
654.8
655.5
656.3
657.0
657.7
658.5
659.2
660.0
660.7
661.4
662.2
662.9
663.7
664.4
665.1
665.9
666.6
667.4
668.1
668.9
669.6
670.4
671.2
671.9
672.7
673.4
674.2
674.9
675.7
676.5
677.2
678.0
678.7
679.5
680.2
681.0
681.8
682.5
683.3
684.0
684.8
685.5
686.3
687.1
687.8
688.6
689.3
690.1
690.8
691.6
692.4
693.1
693.9
694.6
695.4
696.1
696.9
697.7
698.4
699.2
699.9
700.7
701.4
702.2
703.0
703.7
704.5
705.2
706.0
706.8
707.6
708.4
709.2
710.0
710.8
711.6
712.4
713.2
714.0
714.8
715.6
716.4
717.2
718.0
718.8
719.6
720.4
721.2
722.0
722.8
723.6
724.4
725.2
726.0
726.8
727.6
728.4
729.2
730.0
730.8
731.6
732.4
733.2
734.0
734.8
735.6
736.4
737.2
738.0
738.8
739.6
740.4
741.2
742.0
742.8
743.6
744.4
745.2
746.0
746.8
747.6
748.4
749.2
750.0
750.8
751.6
752.4
753.2
754.0
754.8
755.6
756.4
757.2
758.0
758.8
759.6
760.4
761.2
762.0
762.8
763.6
764.4
765.2
766.0
766.8
767.6
768.4
769.2
770.0
770.8
771.6
772.4
773.2
774.1
774.9
775.7
776.5
777.3
778.1
778.9
779.7
780.5
781.3
782.1
782.9
783.7
784.5
785.3
786.1
786.9
787.7
788.5
789.3
790.1
790.9
791.7
792.5
793.3
794.1
794.9
795.7
796.5
797.3
798.1
798.9
799.7
800.5
801.3
802.1
802.9
803.7
804.5
805.3
806.1
806.9
807.7
808.5
809.3
810.1
810.9
811.7
812.5
813.3
814.1
814.9
815.7
816.5
817.3
818.1
818.9
819.7
820.5
821.3
822.1
822.9
823.7
824.5
825.3
826.1
826.9
827.7
828.5
829.3
830.1
830.9
831.7
832.6
833.4
834.3
835.1
835.9
836.8
837.6
838.5
839.3
840.2
841.0
841.9
842.7
843.5
844.4
845.2
846.1
846.9
847.8
848.6
849.4
850.3
851.1
852.0
852.8
853.7
854.5
855.3
856.2
857.0
857.9
858.7
859.6
860.4
861.3
862.1
862.9
863.8
864.6
865.5
866.3
867.2
868.0
868.8
869.7
870.5
871.4
872.2
873.1
873.9
874.8
875.6
876.4
877.3
878.1
879.0
879.8
880.7
881.5
882.3
883.2
884.0
884.9
885.7
886.6
887.4
888.2
889.1
889.9
890.8
891.6
892.5
893.3
894.2
895.0
895.8
896.7
897.5
898.4
899.2
NEXT_SERIES
-0.011139483118
-0.010047614888
-0.00996918429568
-0.0108731394151
-0.0124581893938
-0.0151210294354
-0.0147503611709
-0.0163480160028
-0.0154982676572
-0.0168444582582
-0.0158440512825
-0.0160300502217
-0.0170692420572
-0.0180062835212
-0.0191078618198
-0.0196427651269
-0.019394428211
-0.0189606233608
-0.016793954707
-0.0160384550161
-0.0154839850928
-0.0153138635294
-0.0155653899081
-0.0155755155944
-0.0160841687275
-0.0151563853665
-0.0154257481123
-0.0149944269397
-0.0158330337548
-0.0148145544689
-0.0148882947034
-0.0138257916257
-0.0136537183716
-0.0135066581977
-0.0136844472575
-0.0142675590106
-0.0146567919786
-0.014556736897
-0.014844092528
-0.0148068865437
-0.0156944837156
-0.0155513870935
-0.0157402304005
-0.0154669161092
-0.015624921238
-0.0151891829545
-0.0154221294161
-0.0148375482595
-0.0146705162852
-0.0142788594066
-0.0142119328617
-0.0144352489905
-0.0144251135539
-0.0147103243777
-0.014311753642
-0.0142119474965
-0.013312786667
-0.0128304287345
-0.0126179666883
-0.0123612881566
-0.0118356283674
-0.0109271920828
-0.0103021005727
-0.0099547246662
-0.00897722391956
-0.00853440451633
-0.00730518307413
-0.00673465391479
-0.00576492444226
-0.00518607134147
-0.00489650260381
-0.00412787438772
-0.00330384748284
-0.00205064131221
-0.000952140487454
-0.000339829607992
-0.00028070565687
-3.88348541613e-05
0.000299190726361
0.000895981747528
0.0017047578615
0.00217929888805
0.00341589381278
0.00406733432529
0.00487377893544
0.00531216603177
0.00567206904068
0.00578756336779
0.00670949497146
0.00722283602537
0.00798466975595
0.00784261257931
0.00858860153727
0.00956589149927
0.0106746128271
0.0111524265574
0.0116748418172
0.0123699875404
0.0127209220911
0.0140165610871
0.0146085846165
0.0154518540885
0.0148511121438
0.0153142264795
0.0154478556162
0.0163749227965
0.0169238104242
0.0175828393907
0.0181703604801
0.0184353915162
0.0188401790753
0.0190159859812
0.0193809985983
0.0198625519943
0.0204324744861
0.0209645600856
0.0214319978861
0.0217977731253
0.0220927096077
0.0225500549129
0.0225782648543
0.0219604080175
0.0215063188449
0.0212815481315
0.0218709639908
0.0217052427626
0.0215390900081
0.0213810351521
0.0219252503146
0.0225892319326
0.0225673049903
0.0226609588801
0.0221338601086
0.0225873796966
0.0223723344218
0.022677280864
0.0230698999076
0.0232056716843
0.0233617177056
0.0230141472502
0.0236052916112
0.0239096356315
0.0232121908004
0.0220200768916
0.0218968019759
0.0228300429714
0.0236466018232
0.0233786494392
0.022597675003
0.0220161931274
0.0219240826302
0.0227956441704
0.0228992277964
0.0222217388171
0.0219750452103
0.0224402795712
0.0233458923983
0.0232721870935
0.0230275335203
0.0229543207487
0.023234527624
0.0232128767321
0.0228803208925
0.0224823681014
0.0230315849123
0.0228774384417
0.0230686495302
0.022228647541
0.0228168360848
0.0230449614782
0.0230422949114
0.0230213731266
0.0228420617231
0.0238291238652
0.0235088572162
0.0233447453352
0.0233327829809
0.0238875413867
0.0243446268115
0.0242508137668
0.0248248295036
0.0247616929525
0.0248087206329
0.0244658142182
0.024365909375
0.0241530523699
0.0238220968099
0.0242195260066
0.0246362993194
0.024755425204
0.02454012282
0.023978632384
0.0241023851617
0.0243856928212
0.0246602152801
0.0249629006977
0.024216235949
0.0247034476176
0.0250441486384
0.0261016778264
0.0260088091976
0.0258764562452
0.0257825785932
0.0259312032859
0.0259413666521
0.0257572140926
0.025664172513
0.0249976095399
0.0251376262643
0.0251346640723
0.0256456280173
0.0253234828099
0.0255781568007
0.0258208940495
0.0260787165499
0.0260527164294
0.0255936764484
0.0250604914201
0.0249258672068
0.0247565313844
0.0248166254476
0.0251417756062
0.0255685281486
0.0256790079487
0.0249285083463
0.0251550077736
0.0252660700756
0.0255629748798
0.0252402904612
0.0252243190473
0.0251731305641
0.0250622639573
0.0249169974339
0.0246663744958
0.024947714836
0.0252979272483
0.0254748200718
0.0248823208021
0.024816391582
0.0249402723716
0.0255862204807
0.0253794251579
0.0250284808251
0.0249007196284
0.0249917710779
0.0249004723754
0.0246895360266
0.0249958824462
0.0252104561395
0.0250483398371
0.0246785255156
0.0251415764541
0.0251788067424
0.0250327111666
0.0241325295017
0.0244976114645
0.0246470979738
0.0250617997986
0.0252124833842
0.0251134263333
0.0251737247616
0.0247339292494
0.0250874983348
0.025262467625
0.0249318578293
0.0249372388707
0.024358059671
0.0252620125757
0.0251586292988
0.0253933001785
0.024951084439
0.0244666432487
0.0243901358562
0.0245246270732
0.0250450021571
0.0257345577514
0.02527233708
0.0249581177402
0.0242842742823
0.0245082424823
0.0245181921089
0.0247016067151
0.0247747236863
0.0247315871248
0.0251457811696
0.0249334536604
0.0246369973362
0.0243046707454
0.0243859863871
0.0247646648585
0.0246196398677
0.0248838349617
0.0250056102898
0.0253833009564
0.0248504064617
0.0247083891997
0.0242820586343
0.0243658152226
0.0242366003362
0.0245383186725
0.0246925465544
0.0249726326502
0.0243725681048
0.0246624963892
0.0244189458795
0.0246068581203
0.0246342304764
0.0248485394056
0.0253077681746
0.0252052781217
0.0251969342832
0.0252385591787
0.0255196218553
0.0254806400556
0.0248686895114
0.0245070572944
0.0246548171087
0.0251537269707
0.0253473204359
0.0257881334634
0.0257252681178
0.0257465785405
0.0249181865894
0.0248458812738
0.0248395821011
0.0249402770026
0.0250663846864
0.0250792607187
0.0254613009192
0.0255474172388
0.0252483528235
0.0249732573444
0.0251928978439
0.0253078834127
0.0254580317165
0.0252868042999
0.0254300801425
0.0249776160832
0.0245255501967
0.0242171996478
0.0249764545751
0.0253564148979
0.0259246912139
0.0254609083615
0.0251511076255
0.0246659847351
0.0250419854207
0.0253471502483
0.0255452901186
0.0252613570484
0.024913718725
0.0248841400467
0.0249536788364
0.0253824638194
0.0253488827842
0.0251701383633
0.0247074597587
0.0249262560468
0.0253811999288
0.0259663237726
0.0258166051272
0.0258583053683
0.0259332499579
0.0263552306212
0.0264179298956
0.0261934662867
0.0258454254821
0.0257952933723
0.0259332865559
0.0262639454852
0.0265201958602
0.0272621088043
0.0275489781605
0.0276059755268
0.0269311049188
0.0265033468045
0.0262079745851
0.0264074905917
0.0268366723933
0.0270858778329
0.0268365913821
0.0265782441032
0.0265842800501
0.0271868214897
0.02724579877
0.0277400663719
0.0272557134843
0.0273160124369
0.0271209579896
0.0272639263474
0.0272909268974
0.0268862322951
0.0269202591627
0.0267174781749
0.0263313319879
0.0263246635463
0.0261820402876
0.0267987699359
0.0268395173354
0.0272492166197
0.0271582121317
0.0273008924487
0.0272097424278
0.0274379783785
0.0276616418837
0.0282320000107
0.0283094757613
0.0277570600828
0.0272655224557
0.0267014414001
0.0266203666317
0.0263441266897
0.0267659817386
0.0269023819838
0.026437745645
0.0262608458259
0.0262213790004
0.0269730847134
0.0279148357291
0.0279724939698
0.0279644267509
0.0269989862363
0.0271894780525
0.0272969973699
0.0273753213398
0.0273210730799
0.0272012586904
0.0271266474992
0.0273889911396
0.0277365064067
0.0280948655533
0.0278792979419
0.0275641000055
0.027449596539
0.0274738128583
0.0280004291896
0.0282849618187
0.0285564229571
0.0279621729797
0.0277100744055
0.0278080651049
0.0283978717027
0.028067353445
0.0282543021042
0.0281705801536
0.0283993486485
0.0281754328747
0.0277451904732
0.0279460182845
0.0275678442514
0.0279047440338
0.0283158476128
0.0284433885544
0.0286446430257
0.0280811248838
0.028234997116
0.0282365122982
0.0281975071616
0.028226924742
0.0280606364206
0.028354459104
0.0283610850317
0.0283369537833
0.028228406058
0.0279726834945
0.0279916405228
0.0278988711722
0.0281037211763
0.0278910848787
0.0284518228313
0.0284282481837
0.0287406088685
0.0282456869157
0.0284430171371
0.0281980160553
0.0285463532106
0.0284481342112
0.0286581649681
0.0287266626779
0.0287295051638
0.0283004211994
0.0279753078151
0.0280618463429
0.0282229460149
0.0280897019906
0.0282982483161
0.0282272253864
0.0280834536072
0.02728078488
0.0273149752246
0.0275222309179
0.0278199843257
0.0277337823151
0.0277874292018
0.0282344260461
0.0286447172448
0.0286526809113
0.0283760525097
0.0279726459766
0.0279031021006
0.0278042987557
0.0274560575618
0.0272483585881
0.0271056642402
0.0274215157462
0.0277556566811
0.028180742386
0.0280309219488
0.027282202492
0.026754364407
0.0269133308916
0.0270610946349
0.0273643637523
0.0274468825229
0.0274395894243
0.0270193650089
0.0268342027366
0.0270384730734
0.0266635286814
0.0264862418464
0.0264271053309
0.0266317504528
0.0268496733074
0.0267694893823
0.0267394726001
0.0264318352747
0.0268089479586
0.0267207353959
0.0267093922914
0.0262587115868
0.0259726663583
0.0260667764959
0.0255950525812
0.0261444376486
0.0260298793833
0.0261246596607
0.0259462161516
0.0256954744165
0.0260277739841
0.0259710152514
0.0257203510962
0.0251637778292
0.0248580236035
0.0249762185085
0.0246871585742
0.0247446984037
0.0241422222753
0.0237250477422
0.0233180380196
0.0234528931285
0.023661305927
0.0230988603845
0.023235462182
0.0231114412524
0.0233652719506
0.023356716993
0.0227248712248
0.0226403341956
0.0219366015988
0.0217426086724
0.0214704329922
0.0216627672254
0.0223464193998
0.0224286537832
0.0216515815578
0.0215355511548
0.0211680548181
0.0214978739449
0.0210992415695
0.0204028618898
0.0200914740987
0.0197493221589
0.0201511225256
0.0199396982094
0.020123059305
0.0198343651154
0.0202591759225
0.020362510448
0.0203152464141
0.0198807004124
0.0200842469254
0.0201172779079
0.0198950208053
0.0192816810285
0.0191553974423
0.0191319615612
0.0191024491777
0.0188337945657
0.0188567460521
0.0188407814687
0.019200373259
0.0194458581304
0.0195084199507
0.0196409772777
0.0198476829823
0.0194929977675
0.0188464836807
0.0179322157971
0.0178148929566
0.0179111688339
0.0185792605488
0.0186642889511
0.0187151869771
0.0177323870048
0.0178106995035
0.0182842926589
0.0186969834791
0.0191010394673
0.0183760679773
0.0178668266363
0.0169242104902
0.0173512217495
0.0174839619056
0.0174777998742
0.0172805007776
0.0173102275334
0.0178775444171
0.0179192542177
0.0179694227135
0.0173914477231
0.0166030026327
0.0170558178538
0.0176805139077
0.0186259773964
0.0183682955427
0.0180807747636
0.0182408141839
0.01840830059
0.0183784578801
0.0173687228669
0.0171872759837
0.0164377249397
0.016858442587
0.0169341978625
0.0174915409431
0.017467758442
0.017927107737
0.0175096499502
0.0173018037783
0.0166102751079
0.0161088178951
0.0157056722759
0.0154017658563
0.0159014102282
0.0164311358592
0.0162824505403
0.0164765875837
0.0173544622627
0.0172601422539
0.0166457329636
0.014475347306
0.0145486269594
0.0150241189653
0.0155934589207
0.0155425372621
END
