380.3
381.1
381.9
382.7
383.5
384.4
385.2
386.0
386.8
387.6
388.4
389.2
390.1
390.9
391.7
392.5
393.3
394.1
394.9
395.8
396.6
397.4
398.2
399.0
399.8
400.6
401.5
402.3
403.1
403.9
404.7
405.5
406.3
407.2
408.0
408.8
409.6
410.4
411.2
412.0
412.8
413.7
414.5
415.3
416.1
416.9
417.7
418.5
419.4
420.2
421.0
421.8
422.6
423.4
424.2
425.1
425.9
426.7
427.5
428.3
429.1
429.9
430.8
431.6
432.4
433.2
434.0
434.8
435.6
436.4
437.3
438.1
438.9
439.7
440.5
441.3
442.1
443.0
443.8
444.6
445.4
446.2
447.0
447.8
448.7
449.5
450.3
451.1
451.9
452.7
453.5
454.4
455.2
456.0
456.8
457.6
458.4
459.2
460.0
460.9
461.7
462.5
463.3
464.1
464.9
465.7
466.6
467.4
468.2
469.0
469.8
470.6
471.4
472.3
473.1
473.9
474.7
475.5
476.3
477.1
478.0
478.8
479.6
480.4
481.2
482.0
482.8
483.6
484.5
485.3
486.1
486.9
487.7
488.5
489.3
490.2
491.0
491.8
492.6
493.4
494.2
495.0
495.9
496.7
497.5
498.3
499.1
499.9
500.7
501.6
502.4
503.2
504.0
504.8
505.6
506.4
507.2
508.1
508.9
509.7
510.5
511.3
512.1
512.9
513.7
514.5
515.3
516.1
516.8
517.6
518.4
519.2
520.0
520.8
521.5
522.3
523.1
523.9
524.7
525.5
526.2
527.0
527.8
528.6
529.4
530.2
530.9
531.7
532.5
533.3
534.1
534.9
535.6
536.4
537.2
538.0
538.8
539.6
540.3
541.1
541.9
542.7
543.5
544.3
545.0
545.8
546.6
547.4
548.2
549.0
549.7
550.5
551.3
552.1
552.9
553.7
554.4
555.2
556.0
556.8
557.6
558.4
559.1
559.9
560.7
561.5
562.3
563.1
563.8
564.6
565.4
566.2
567.0
567.8
568.5
569.3
570.1
570.9
571.7
572.5
573.2
574.0
574.8
575.6
576.4
577.2
577.9
578.7
579.5
580.3
581.1
581.9
582.6
583.4
584.2
585.0
585.8
586.6
587.3
588.1
588.9
589.6
590.3
591.1
591.8
592.6
593.3
594.0
594.8
595.5
596.3
597.0
597.7
598.5
599.2
600.0
600.7
601.5
602.2
602.9
603.7
604.4
605.2
605.9
606.6
607.4
608.1
608.9
609.6
610.3
611.1
611.8
612.6
613.3
614.0
614.8
615.5
616.3
617.0
617.7
618.5
619.2
620.0
620.7
621.4
622.2
622.9
623.7
624.4
625.2
625.9
626.6
627.4
628.1
628.9
629.6
630.3
631.1
631.8
632.6
633.3
634.0
634.8
635.5
636.3
637.0
637.7
638.5
639.2
640.0
640.7
641.4
642.2
642.9
643.7
644.4
645.1
645.9
646.6
647.4
648.1
648.8
649.6
650.3
651.1
651.8
652.6
653.3
654.0
654.8
655.5
656.3
657.0
657.7
658.5
659.2
660.0
660.7
661.4
662.2
662.9
663.7
664.4
665.1
665.9
666.6
667.4
668.1
668.9
669.6
670.4
671.2
671.9
672.7
673.4
674.2
674.9
675.7
676.5
677.2
678.0
678.7
679.5
680.2
681.0
681.8
682.5
683.3
684.0
684.8
685.5
686.3
687.1
687.8
688.6
689.3
690.1
690.8
691.6
692.4
693.1
693.9
694.6
695.4
696.1
696.9
697.7
698.4
699.2
699.9
700.7
701.4
702.2
703.0
703.7
704.5
705.2
706.0
706.8
707.6
708.4
709.2
710.0
710.8
711.6
712.4
713.2
714.0
714.8
715.6
716.4
717.2
718.0
718.8
719.6
720.4
721.2
722.0
722.8
723.6
724.4
725.2
726.0
726.8
727.6
728.4
729.2
730.0
730.8
731.6
732.4
733.2
734.0
734.8
735.6
736.4
737.2
738.0
738.8
739.6
740.4
741.2
742.0
742.8
743.6
744.4
745.2
746.0
746.8
747.6
748.4
749.2
750.0
750.8
751.6
752.4
753.2
754.0
754.8
755.6
756.4
757.2
758.0
758.8
759.6
760.4
761.2
762.0
762.8
763.6
764.4
765.2
766.0
766.8
767.6
768.4
769.2
770.0
770.8
771.6
772.4
773.2
774.1
774.9
775.7
776.5
777.3
778.1
778.9
779.7
780.5
781.3
782.1
782.9
783.7
784.5
785.3
786.1
786.9
787.7
788.5
789.3
790.1
790.9
791.7
792.5
793.3
794.1
794.9
795.7
796.5
797.3
798.1
798.9
799.7
800.5
801.3
802.1
802.9
803.7
804.5
805.3
806.1
806.9
807.7
808.5
809.3
810.1
810.9
811.7
812.5
813.3
814.1
814.9
815.7
816.5
817.3
818.1
818.9
819.7
820.5
821.3
822.1
822.9
823.7
824.5
825.3
826.1
826.9
827.7
828.5
829.3
830.1
830.9
831.7
832.6
833.4
834.3
835.1
835.9
836.8
837.6
838.5
839.3
840.2
841.0
841.9
842.7
843.5
844.4
845.2
846.1
846.9
847.8
848.6
849.4
850.3
851.1
852.0
852.8
853.7
854.5
855.3
856.2
857.0
857.9
858.7
859.6
860.4
861.3
862.1
862.9
863.8
864.6
865.5
866.3
867.2
868.0
868.8
869.7
870.5
871.4
872.2
873.1
873.9
874.8
875.6
876.4
877.3
878.1
879.0
879.8
880.7
881.5
882.3
883.2
884.0
884.9
885.7
886.6
887.4
888.2
889.1
889.9
890.8
891.6
892.5
893.3
894.2
895.0
895.8
896.7
897.5
898.4
899.2
NEXT_SERIES
-0.0123998694151
-0.011467954203
-0.0119228411918
-0.0121917734879
-0.0140819952539
-0.0146559164474
-0.0147998163702
-0.0154784644127
-0.0163841514696
-0.0194340632193
-0.0200090964811
-0.0202995739996
-0.0214918338045
-0.022657070183
-0.023441941742
-0.022548522326
-0.0222075195584
-0.0220155221911
-0.0217023784847
-0.0216290640631
-0.021689463118
-0.0217161635591
-0.0207344855148
-0.0202727377419
-0.0192105273342
-0.0192070490444
-0.019869271126
-0.0204811822915
-0.0205742506705
-0.020379988479
-0.020134963782
-0.0203354613304
-0.0200345256518
-0.0202735659981
-0.0200553221996
-0.019983068045
-0.0199995600701
-0.0204733676097
-0.021223236312
-0.0213346729676
-0.0219139405316
-0.0218115291401
-0.022702893487
-0.0227161407098
-0.0229506858331
-0.0232785463364
-0.0237260388111
-0.0235945463889
-0.0228066579887
-0.0224283679776
-0.0219334176533
-0.0220309121539
-0.0219802433886
-0.0228672132821
-0.0221408636787
-0.0216450449886
-0.0200563251061
-0.0197396142358
-0.0188706220225
-0.0192280060368
-0.0192724559952
-0.0190782510618
-0.0179862249595
-0.0167500997258
-0.0154576400446
-0.0147458806988
-0.0140112539401
-0.014328996985
-0.0139794408628
-0.0140007760404
-0.013587740378
-0.0128273098487
-0.0123719838946
-0.0112592829317
-0.0100714608138
-0.00852243378124
-0.0079989135016
-0.00818883586406
-0.00844022575447
-0.00828256700515
-0.00705922736459
-0.00631888205752
-0.00564905475674
-0.00552504447672
-0.00454826503266
-0.00395807345794
-0.00375149087575
-0.00338607205152
-0.00232586686566
-0.00217342820216
-0.00211681073236
-0.00240374649779
-0.000600576962838
-0.000219652600912
0.00165694030025
0.00180124226074
0.00244437370476
0.00222655773126
0.0029810634462
0.00466663938574
0.00567375377967
0.00603017589927
0.00556793522082
0.00555907317042
0.00574287467818
0.00707775329105
0.00795109212244
0.00857871654263
0.00822438487649
0.00798555620851
0.00708431986838
0.00717353946327
0.00693264204686
0.00775563038185
0.00753007763208
0.00761725235392
0.0073809971442
0.00779616916069
0.00827719614548
0.00908152836267
0.0095094314586
0.00912443956461
0.00877653549395
0.00892367944518
0.00876000548549
0.00783807693833
0.00724943501676
0.00760654780632
0.00875333412098
0.00865534108569
0.00919076574437
0.00835977588269
0.00836373733639
0.0082400378948
0.00870923348136
0.00822402516668
0.00769220091127
0.00725539108555
0.00733415128438
0.00701227994737
0.00699498839369
0.00672626162427
0.0069436648144
0.00676399881764
0.00727150395879
0.00682007424496
0.00713708813891
0.00638903339923
0.00606972111451
0.00584779493877
0.00553649078311
0.00540166892405
0.00526210873949
0.0050695625956
0.00547883283732
0.00553043858592
0.00613521314348
0.00613670622597
0.00647984515497
0.00660793409418
0.00680066267522
0.00643385523232
0.0057346082685
0.00570982990186
0.00558304216006
0.00608359872959
0.00597402686292
0.00645257912775
0.00667676800987
0.00782515213024
0.00768961027073
0.00793777582019
0.00747984352596
0.00774954555313
0.00748178486515
0.00713696569829
0.00785829839295
0.00836462362154
0.00909723959467
0.00843492178095
0.00920456713595
0.00889725923513
0.00906533666947
0.00870386252838
0.00868086865401
0.00821256275913
0.00761988698952
0.00786032332071
0.0087717454172
0.00961047308241
0.00935321952975
0.00909389776473
0.00846303169408
0.00899399454095
0.00925893179253
0.00981984766052
0.00934824029001
0.00945690931959
0.00979648506894
0.0101856245115
0.0102022402249
0.010135831784
0.010514060591
0.0105275964988
0.0102217532328
0.010184344674
0.0101107299877
0.0104023492841
0.00980509123422
0.00991289093345
0.0097650264467
0.0103747014593
0.0104407442501
0.0103743330605
0.0103170547245
0.010222858015
0.0102700718281
0.00972978798662
0.00947332925353
0.0096124353509
0.00979596561812
0.0103618405004
0.0104662041576
0.0108254940871
0.0108857605896
0.011040246352
0.0109210673066
0.0104182249845
0.0103136163655
0.0105962191096
0.0107760235432
0.0108746427895
0.0108129258779
0.0108139939714
0.0109904295431
0.0113538747855
0.0118734290791
0.0116902625179
0.011803723055
0.0114082105714
0.0115048671375
0.0106695987267
0.0105683171017
0.0102626837448
0.0100244367783
0.0100686389287
0.0103472696618
0.0105050748663
0.0103479139984
0.010279113425
0.0109183084645
0.0111449040702
0.0112966657014
0.0108630908205
0.010167276573
0.0095772565548
0.00990091539965
0.0101686176543
0.010750565698
0.0105332007422
0.0110803068186
0.0106229047553
0.0102429886574
0.0098392401965
0.00990795383406
0.0102113631392
0.0105270954802
0.0109192951033
0.0108806998353
0.0106132359127
0.0104030447017
0.0110482694471
0.0111005523395
0.0115383487673
0.0113045090694
0.0115235173854
0.0108017008796
0.0103758398876
0.0101581326534
0.0103652009122
0.0104660423946
0.0105200550299
0.0103916193989
0.0103760602814
0.0104473605435
0.0105017126927
0.0104993813578
0.010117539191
0.0101520688067
0.0102368974954
0.0108866174426
0.0110478306283
0.0109709483107
0.0108684754118
0.010790959761
0.0107402534878
0.0103348079175
0.0100044776982
0.0099092862307
0.00970245340853
0.00996634068163
0.00995326513195
0.0106803509814
0.0106901874949
0.0107898079817
0.0102766217412
0.010532448482
0.0108982898858
0.0113615638639
0.0111831584008
0.0111266599082
0.0108836385725
0.0111146966014
0.0110921259748
0.0105377781045
0.0100244843876
0.0102070985347
0.0107870469053
0.0113216602798
0.0109402810349
0.0108655722561
0.0106451386043
0.0107553341966
0.0103664015281
0.0105028932718
0.010293608676
0.010606175656
0.0102498839818
0.0105557903147
0.0106680969469
0.0106100776725
0.0102903138504
0.0104561250017
0.0103073915319
0.0102287094782
0.0103596347858
0.0104713688038
0.0105377995868
0.00981977126392
0.0100630961784
0.00999084056612
0.0102350502555
0.0102598259696
0.0108281088928
0.0108890303947
0.0106106531253
0.010340143492
0.0103175664067
0.010743771825
0.0105298203161
0.0105910474867
0.0101233268272
0.0102622959138
0.00987029933048
0.00970700153482
0.00966941489538
0.00988747384463
0.0101741918218
0.0102006256989
0.010165451448
0.0101005719921
0.00998806548464
0.0102270537544
0.0104877595136
0.010216250761
0.00986402613556
0.00971207360163
0.00984459968627
0.0103438891987
0.0102609789489
0.0107866703913
0.0107944102246
0.0109454521328
0.0106116815151
0.010621177498
0.0106559814619
0.0108264398524
0.0110069923917
0.0110651727222
0.0107778515325
0.0103218399159
0.00976822848777
0.00992992209024
0.00984946939063
0.0106377120834
0.0110271759833
0.0110323111462
0.0107141722088
0.01024314731
0.0103326885104
0.0102257427006
0.0103782547902
0.0107544029988
0.0108323881653
0.0103774264415
0.0101178611134
0.009970094987
0.0103897529097
0.0103114427315
0.0104441214383
0.0106567502298
0.0109892605668
0.0108961254279
0.0107669513434
0.0105715209442
0.0107252584102
0.010688209784
0.010797652525
0.0104908334469
0.0103576014875
0.00987437870022
0.0100254573142
0.0100146677888
0.0100034728508
0.00958079751425
0.00970951277339
0.00970360947725
0.00998076412165
0.0102243781322
0.0102665430495
0.0107602064055
0.0102533730694
0.0104519814004
0.0100789040377
0.010275154289
0.0103665209432
0.0103752590459
0.0100113171969
0.00982801930577
0.00936124721477
0.00985661896972
0.00994315324526
0.0103174228894
0.0101233687508
0.00984220656783
0.00949809236111
0.00957870259551
0.00953191353969
0.00968144163886
0.00934372920751
0.00975514793198
0.0102706729325
0.0102974985403
0.0101030567528
0.00971772936973
0.0098043858837
0.0099766957933
0.00979386217037
0.00973510983142
0.00926411541368
0.00940537534889
0.00975544269938
0.0100198099375
0.0102587299688
0.00993182523424
0.009464716842
0.00915122282658
0.00884288737122
0.00924018804882
0.00905089431805
0.00911975383099
0.00903958586874
0.00895936068136
0.00924508873403
0.00904585416335
0.00898593420008
0.00878778726515
0.00908546746351
0.00919055655107
0.00927386112471
0.00956104203755
0.0100167020547
0.00983437935059
0.00941072258082
0.00892860701827
0.00916391722412
0.00938404541863
0.00952975230771
0.00954046923149
0.00928284502337
0.00901269638821
0.00881367646828
0.0089344930223
0.00892363196206
0.00894305097599
0.00879789561275
0.00921586805979
0.0096622524615
0.00985643755208
0.00964105666342
0.00913617166792
0.00877936073507
0.00933539049637
0.00889962792056
0.00932800740515
0.00898011747816
0.00942066492006
0.00920721198753
0.00897670779099
0.00912654737362
0.00917258824505
0.00917118709602
0.00912751794995
0.00887663525037
0.00911557515721
0.00875390465413
0.0089518912063
0.0090341284183
0.00906786760465
0.00928980002321
0.00871782872611
0.00865675774443
0.00842755445798
0.00906428006697
0.00933396240712
0.009123001348
0.00885119426676
0.00853555979735
0.0084237905652
0.00810799149262
0.00824032915222
0.00823236132423
0.00814547921996
0.0083489245107
0.00821551720478
0.00811770047338
0.00828138379106
0.00836605094616
0.00896748365639
0.00856838402543
0.00877117489567
0.00852724793411
0.00854377886139
0.00854285207383
0.00852859151211
0.00822011881485
0.0082964529902
0.00768593558297
0.00824008356888
0.00774516975613
0.00781116536231
0.00754653956662
0.00776488159627
0.00807443796878
0.00749997581946
0.00743177782806
0.00701581173441
0.00720244888461
0.00708933420998
0.00684148609399
0.00682218657985
0.00689281983222
0.00730699183212
0.00703050062863
0.00712972689536
0.00731798526953
0.00751256354962
0.00710528904925
0.00679924892104
0.00654983924881
0.00640840856192
0.00680052852088
0.00714245690302
0.00748104510252
0.0067039517766
0.00654297775364
0.00654287473918
0.00668971306325
0.00717990671514
0.00661414186463
0.00679383701258
0.00690672724862
0.00700161550983
0.00704683948233
0.0064624984851
0.00655416712144
0.00674473787613
0.00682651011219
0.00663177304564
0.00610583395864
0.00596574753037
0.00551220499657
0.0056953446928
0.00574373921358
0.00569726043265
0.00535861777718
0.0053670239637
0.00554217393062
0.00564407245278
0.00550726985169
0.00620772660911
0.00671951975293
0.00676273901619
0.00636316919365
0.0065413822501
0.00632672506536
0.00617194527582
0.0055788626604
0.00577815268037
0.00627205775038
0.00638200688054
0.00622860684519
0.00670624754663
0.00623153111256
0.00630235174686
0.00591397172636
0.00666037684939
0.00691019785084
0.00655251667853
0.00620273857427
0.00564490319271
0.00637454344724
0.00683182732023
0.00693833752953
0.00641594812446
0.00619704180676
0.00714562787961
0.00722794824578
0.00681487085902
0.00618650135354
0.00577107316407
0.00677805604146
0.00687111885491
0.00744813253795
0.00711333871429
0.00762522112155
0.00790124428741
0.00739925062039
0.00681430892706
0.00593771671938
0.00673430127409
0.00680386017159
0.00749251946338
0.00689383876416
0.00652096670811
0.00669441491186
0.00749276324414
0.00795574149442
0.00773007671961
0.00744585649528
0.00744613833599
0.0071710222969
0.00715419001164
0.00734957661661
0.00838261161484
0.00906610839185
0.0104768306136
0.0101184050211
0.00879839644136
0.00819947334681
0.00806979885099
0.00863164712029
0.00865454431184
0.00790111594049
0.00824078996418
END
