380.3
381.1
381.9
382.7
383.5
384.4
385.2
386.0
386.8
387.6
388.4
389.2
390.1
390.9
391.7
392.5
393.3
394.1
394.9
395.8
396.6
397.4
398.2
399.0
399.8
400.6
401.5
402.3
403.1
403.9
404.7
405.5
406.3
407.2
408.0
408.8
409.6
410.4
411.2
412.0
412.8
413.7
414.5
415.3
416.1
416.9
417.7
418.5
419.4
420.2
421.0
421.8
422.6
423.4
424.2
425.1
425.9
426.7
427.5
428.3
429.1
429.9
430.8
431.6
432.4
433.2
434.0
434.8
435.6
436.4
437.3
438.1
438.9
439.7
440.5
441.3
442.1
443.0
443.8
444.6
445.4
446.2
447.0
447.8
448.7
449.5
450.3
451.1
451.9
452.7
453.5
454.4
455.2
456.0
456.8
457.6
458.4
459.2
460.0
460.9
461.7
462.5
463.3
464.1
464.9
465.7
466.6
467.4
468.2
469.0
469.8
470.6
471.4
472.3
473.1
473.9
474.7
475.5
476.3
477.1
478.0
478.8
479.6
480.4
481.2
482.0
482.8
483.6
484.5
485.3
486.1
486.9
487.7
488.5
489.3
490.2
491.0
491.8
492.6
493.4
494.2
495.0
495.9
496.7
497.5
498.3
499.1
499.9
500.7
501.6
502.4
503.2
504.0
504.8
505.6
506.4
507.2
508.1
508.9
509.7
510.5
511.3
512.1
512.9
513.7
514.5
515.3
516.1
516.8
517.6
518.4
519.2
520.0
520.8
521.5
522.3
523.1
523.9
524.7
525.5
526.2
527.0
527.8
528.6
529.4
530.2
530.9
531.7
532.5
533.3
534.1
534.9
535.6
536.4
537.2
538.0
538.8
539.6
540.3
541.1
541.9
542.7
543.5
544.3
545.0
545.8
546.6
547.4
548.2
549.0
549.7
550.5
551.3
552.1
552.9
553.7
554.4
555.2
556.0
556.8
557.6
558.4
559.1
559.9
560.7
561.5
562.3
563.1
563.8
564.6
565.4
566.2
567.0
567.8
568.5
569.3
570.1
570.9
571.7
572.5
573.2
574.0
574.8
575.6
576.4
577.2
577.9
578.7
579.5
580.3
581.1
581.9
582.6
583.4
584.2
585.0
585.8
586.6
587.3
588.1
588.9
589.6
590.3
591.1
591.8
592.6
593.3
594.0
594.8
595.5
596.3
597.0
597.7
598.5
599.2
600.0
600.7
601.5
602.2
602.9
603.7
604.4
605.2
605.9
606.6
607.4
608.1
608.9
609.6
610.3
611.1
611.8
612.6
613.3
614.0
614.8
615.5
616.3
617.0
617.7
618.5
619.2
620.0
620.7
621.4
622.2
622.9
623.7
624.4
625.2
625.9
626.6
627.4
628.1
628.9
629.6
630.3
631.1
631.8
632.6
633.3
634.0
634.8
635.5
636.3
637.0
637.7
638.5
639.2
640.0
640.7
641.4
642.2
642.9
643.7
644.4
645.1
645.9
646.6
647.4
648.1
648.8
649.6
650.3
651.1
651.8
652.6
653.3
654.0
654.8
655.5
656.3
657.0
657.7
658.5
659.2
660.0
660.7
661.4
662.2
662.9
663.7
664.4
665.1
665.9
666.6
667.4
668.1
668.9
669.6
670.4
671.2
671.9
672.7
673.4
674.2
674.9
675.7
676.5
677.2
678.0
678.7
679.5
680.2
681.0
681.8
682.5
683.3
684.0
684.8
685.5
686.3
687.1
687.8
688.6
689.3
690.1
690.8
691.6
692.4
693.1
693.9
694.6
695.4
696.1
696.9
697.7
698.4
699.2
699.9
700.7
701.4
702.2
703.0
703.7
704.5
705.2
706.0
706.8
707.6
708.4
709.2
710.0
710.8
711.6
712.4
713.2
714.0
714.8
715.6
716.4
717.2
718.0
718.8
719.6
720.4
721.2
722.0
722.8
723.6
724.4
725.2
726.0
726.8
727.6
728.4
729.2
730.0
730.8
731.6
732.4
733.2
734.0
734.8
735.6
736.4
737.2
738.0
738.8
739.6
740.4
741.2
742.0
742.8
743.6
744.4
745.2
746.0
746.8
747.6
748.4
749.2
750.0
750.8
751.6
752.4
753.2
754.0
754.8
755.6
756.4
757.2
758.0
758.8
759.6
760.4
761.2
762.0
762.8
763.6
764.4
765.2
766.0
766.8
767.6
768.4
769.2
770.0
770.8
771.6
772.4
773.2
774.1
774.9
775.7
776.5
777.3
778.1
778.9
779.7
780.5
781.3
782.1
782.9
783.7
784.5
785.3
786.1
786.9
787.7
788.5
789.3
790.1
790.9
791.7
792.5
793.3
794.1
794.9
795.7
796.5
797.3
798.1
798.9
799.7
800.5
801.3
802.1
802.9
803.7
804.5
805.3
806.1
806.9
807.7
808.5
809.3
810.1
810.9
811.7
812.5
813.3
814.1
814.9
815.7
816.5
817.3
818.1
818.9
819.7
820.5
821.3
822.1
822.9
823.7
824.5
825.3
826.1
826.9
827.7
828.5
829.3
830.1
830.9
831.7
832.6
833.4
834.3
835.1
835.9
836.8
837.6
838.5
839.3
840.2
841.0
841.9
842.7
843.5
844.4
845.2
846.1
846.9
847.8
848.6
849.4
850.3
851.1
852.0
852.8
853.7
854.5
855.3
856.2
857.0
857.9
858.7
859.6
860.4
861.3
862.1
862.9
863.8
864.6
865.5
866.3
867.2
868.0
868.8
869.7
870.5
871.4
872.2
873.1
873.9
874.8
875.6
876.4
877.3
878.1
879.0
879.8
880.7
881.5
882.3
883.2
884.0
884.9
885.7
886.6
887.4
888.2
889.1
889.9
890.8
891.6
892.5
893.3
894.2
895.0
895.8
896.7
897.5
898.4
899.2
NEXT_SERIES
0.22397923024
0.227601244091
0.229162966328
0.229675950548
0.231473020687
0.23904083984
0.248269993758
0.257806181989
0.268420451529
0.284009407964
0.302530808401
0.321423085826
0.340626733397
0.359359042043
0.377037603511
0.395938252169
0.412613969107
0.429312610936
0.440820835063
0.448706073751
0.452120831099
0.451403591756
0.448897338472
0.444375571057
0.438552048057
0.432559630481
0.426144481141
0.418634977777
0.410671724036
0.404307013032
0.400174422882
0.397007666182
0.394662420933
0.394165252574
0.393007240755
0.393136777122
0.393527878713
0.395062605937
0.396915970835
0.398091335475
0.401110634162
0.403835717283
0.408091887652
0.411736357481
0.415487902578
0.417775397337
0.421743134153
0.424923617646
0.429405236383
0.431620215933
0.43362798483
0.434528559721
0.435759125455
0.4372128945
0.439388248279
0.441539006997
0.4428684898
0.443736860636
0.444456710586
0.445143955273
0.445665704262
0.446328634656
0.446431090666
0.445708083429
0.443936419774
0.443764833871
0.442330250837
0.442155094962
0.440902642449
0.440209207516
0.438751846716
0.436748907474
0.43403859453
0.430931319043
0.427705428005
0.42463648746
0.420858856445
0.418221821684
0.415585631292
0.414026632503
0.410737972328
0.408809616079
0.405656659839
0.403070444587
0.399265815238
0.395041092562
0.391250401981
0.388959809233
0.386608844667
0.384084674944
0.38126011729
0.378875702273
0.376092452852
0.372980546588
0.370980243667
0.368043813608
0.364670073612
0.360462208835
0.356905044121
0.354673701138
0.352992214584
0.351032956487
0.348276623708
0.345616535959
0.344688370361
0.343176026617
0.341616761336
0.338818107664
0.337187022545
0.334880554472
0.334449594806
0.333134043181
0.332127327981
0.329809674121
0.327588862303
0.326591653266
0.326136515323
0.32584729072
0.325682678768
0.324989029304
0.324380048161
0.322795072757
0.321980749797
0.320953785919
0.320283585015
0.320067150172
0.321351114766
0.321638665778
0.321334641687
0.320207973672
0.319818453001
0.319452398988
0.318696988153
0.317687303564
0.317734552213
0.318025114038
0.318504992712
0.31888099405
0.31807966253
0.318504770646
0.316791732046
0.317743180071
0.316586140956
0.317049663729
0.316263917712
0.31694148735
0.316031761395
0.315700126131
0.314732547563
0.315567198235
0.315165798887
0.314140372347
0.311322889576
0.307830843651
0.304795243825
0.301790585787
0.299201131779
0.296291620569
0.294095761235
0.292655391156
0.291042133505
0.288454345114
0.285907527463
0.284414112315
0.282366431949
0.278560097133
0.274586902138
0.271889810568
0.269017482278
0.266239157515
0.262914881542
0.261158029425
0.257533100746
0.253917467886
0.251141094158
0.24978020438
0.248281919048
0.246584717601
0.244704540092
0.244372119957
0.243190532028
0.242527512182
0.24111234556
0.240164649889
0.23784645469
0.236371023823
0.233417031522
0.231472146425
0.228458677562
0.227125186222
0.225415336289
0.224534306915
0.224075068432
0.224417672018
0.224264755875
0.223176620683
0.222374091563
0.221961013929
0.222341150598
0.221928887879
0.222102017966
0.221767717414
0.221485539954
0.219816573745
0.218654189418
0.216555226864
0.215851020929
0.213680594193
0.212449382578
0.210845440129
0.209746132233
0.209654461995
0.208716009788
0.208594822761
0.207892845245
0.208869484546
0.208838573149
0.209126696624
0.208069784713
0.208023325575
0.207700051506
0.207657001043
0.206610227941
0.206338809571
0.204466853734
0.203992690692
0.202235625902
0.202030396066
0.201704527455
0.201780045519
0.201476251883
0.201117743947
0.200692186505
0.200498408758
0.200456024488
0.200374028757
0.201267230377
0.201216949186
0.201467637049
0.201159680085
0.201869158646
0.201782092693
0.200981785886
0.200287010575
0.200517615759
0.200216590605
0.199392308235
0.198178826161
0.197546181686
0.197633112692
0.19802298793
0.198561766988
0.198585962191
0.198566809024
0.199581712111
0.199769576647
0.200278187252
0.199810544697
0.199987983464
0.199832659319
0.199793244007
0.200100523296
0.199050745048
0.19847624714
0.196669597363
0.196764027722
0.195772386464
0.195041663688
0.194127736221
0.193523580894
0.193765972004
0.192768208596
0.192538116004
0.19238382664
0.193628639098
0.195509378658
0.196587524918
0.197490444476
0.197171742629
0.198541523366
0.199272259684
0.199589543138
0.198615187713
0.197687653954
0.197324947937
0.197006037031
0.19615204959
0.195758637326
0.194610071
0.19535349262
0.194561530641
0.194242561702
0.19219854271
0.192537984719
0.192132011705
0.194144139308
0.193894579272
0.195089323102
0.194976622836
0.196677523794
0.198409120798
0.199521357988
0.200190323248
0.201443441038
0.202329619819
0.203519421448
0.202101798992
0.201199803991
0.200381570132
0.200657466603
0.200949067898
0.200686994246
0.199513289849
0.197707076878
0.195710980679
0.195456197181
0.196176359984
0.196377187333
0.195740565062
0.194585083103
0.195069865506
0.194539151267
0.195299543123
0.193718377323
0.194887546433
0.193838601518
0.19497191289
0.19405656198
0.195100318031
0.19359838376
0.193925714709
0.192383592041
0.193064997071
0.19121056208
0.190827469561
0.188512047915
0.189334714682
0.187204987479
0.188465547684
0.186689622672
0.188390608009
0.187595464927
0.18945040717
0.188723343135
0.189757559882
0.188937100441
0.190520639818
0.190604022919
0.191647915551
0.191848690975
0.191870392343
0.192957917557
0.193816660249
0.196706212239
0.197419334342
0.198652258228
0.198382638378
0.199687562962
0.200110637657
0.20238425981
0.203969739426
0.206931274234
0.207901385378
0.210467154205
0.212991936311
0.217379872819
0.219964445655
0.222292490319
0.223337103622
0.226457337339
0.230109468779
0.234589071261
0.238758433072
0.242483939743
0.244510176568
0.24507153779
0.245910095824
0.247426362876
0.249912157499
0.252258868053
0.253676222732
0.253055609557
0.250638941413
0.248194844434
0.247539027207
0.247678075118
0.248670137027
0.245639274376
0.242452108611
0.236998319967
0.233360809663
0.23155746196
0.229924050875
0.228915577586
0.223253126213
0.218995149218
0.212684663218
0.2097759881
0.207899201374
0.207355947578
0.206233702279
0.20213884018
0.198968802038
0.193662614469
0.190661933698
0.187814371413
0.187862809343
0.188123899026
0.186829734236
0.183883093759
0.179021968967
0.175998248182
0.173796209422
0.173838237969
0.17458043911
0.174675416289
0.173623855152
0.169716025082
0.167772966018
0.16606536256
0.166260388418
0.167161046145
0.167204203908
0.168510355425
0.166175848508
0.165716842821
0.163960927833
0.163775190642
0.164491168915
0.166141229944
0.168706253601
0.168364028982
0.166615482087
0.16425629741
0.16263054154
0.162828182398
0.163139388665
0.16508407398
0.165564962566
0.165801275965
0.164758526961
0.162755365104
0.16114468638
0.160026932787
0.161299096996
0.162429415195
0.163552871531
0.163433589422
0.161318938807
0.159287376693
0.157213755218
0.157363629983
0.157504367991
0.158408129358
0.159639653756
0.160085567046
0.159526339155
0.157872559781
0.156256688218
0.155563573018
0.155271301747
0.155937069966
0.156720681072
0.158043699395
0.157945120915
0.157345729818
0.155817796135
0.155119531837
0.154979362781
0.155557315747
0.157193973411
0.158394615754
0.159553219013
0.159304372916
0.158616006361
0.156688737548
0.155613073664
0.154950854451
0.155334954216
0.156182401008
0.156875825267
0.15743198401
0.157247728651
0.156062965741
0.154314712751
0.151602896723
0.150456718034
0.1501331517
0.151408111544
0.151848811314
0.152603205667
0.152904661442
0.152425169386
0.151896227086
0.150715627061
0.150369062902
0.150098292355
0.149620920502
0.150396448233
0.15084556207
0.151215765538
0.150976819378
0.151035011482
0.151469393752
0.150261697983
0.149788211263
0.148752472371
0.150072057229
0.150076669507
0.151712289118
0.152535086667
0.152762811483
0.153406978997
0.153140361998
0.15326584801
0.15233770552
0.152476837195
0.152922638167
0.153523082612
0.153645013891
0.155219809788
0.155581067249
0.156111511962
0.153928367309
0.152595778125
0.150986612044
0.150337995039
0.149231213521
0.148545236935
0.149749274455
0.150751014162
0.15223478156
0.150614523183
0.150722328026
0.149926624243
0.150829515061
0.150747001633
0.151349647688
0.153335595815
0.155797530127
0.158096641601
0.159967536564
0.16155480012
0.162464171184
0.16215209253
0.161451144886
0.162172436202
0.162079956881
0.162786076862
0.161553355976
0.162575887452
0.16332039917
0.164457688244
0.164450906166
0.164313775544
0.163265895236
0.162550417272
0.16086647296
0.159049427823
0.156951537354
0.156011026716
0.15574902327
0.156627583692
0.157620867253
0.159513096358
0.160788564348
0.161063187822
0.160703759548
0.159678951462
0.15942300856
0.158443812396
0.157482557347
0.156981058369
0.157442450921
0.158577829496
0.159440716764
0.161010613173
0.162547725331
0.162770545548
0.162965952102
0.162030340393
0.16305845252
0.163752779884
0.163957075618
0.163678334674
0.164415264972
0.166518036027
0.168066420468
0.168708833592
0.169218474802
0.169698253698
0.169162073984
0.168684127359
0.167551718447
0.167544794736
0.167018190292
0.166929695353
0.166971662742
0.166957746957
0.167536103646
0.167534753681
0.167642014487
0.167314931558
0.166170006702
0.165400620897
0.164061295945
0.163180824657
0.161913507957
0.16197395631
0.162382133746
0.163543202416
0.164153197974
0.165216607109
0.165751249188
0.165139353234
0.164612151497
0.164111565183
0.163858029045
0.163654853149
0.162886454809
0.162641474619
0.162215935609
0.162290917684
0.161882912088
0.161440146602
0.161102620228
0.161328087277
0.16144803063
0.16133236097
0.161735765274
0.160957787865
0.160967438567
0.159335841757
0.158542892711
0.15611139322
0.155434760122
0.154451739018
0.153665958546
0.151632892079
0.149849866806
0.148844949594
0.146774752588
0.145791209974
0.143425681188
0.14296375377
0.140991948318
0.139140690615
0.136466981331
0.134511992695
0.133828794609
0.1333221418
0.131937881814
0.131099878846
0.12954208715
0.128402115587
END
