380.3
381.1
381.9
382.7
383.5
384.4
385.2
386.0
386.8
387.6
388.4
389.2
390.1
390.9
391.7
392.5
393.3
394.1
394.9
395.8
396.6
397.4
398.2
399.0
399.8
400.6
401.5
402.3
403.1
403.9
404.7
405.5
406.3
407.2
408.0
408.8
409.6
410.4
411.2
412.0
412.8
413.7
414.5
415.3
416.1
416.9
417.7
418.5
419.4
420.2
421.0
421.8
422.6
423.4
424.2
425.1
425.9
426.7
427.5
428.3
429.1
429.9
430.8
431.6
432.4
433.2
434.0
434.8
435.6
436.4
437.3
438.1
438.9
439.7
440.5
441.3
442.1
443.0
443.8
444.6
445.4
446.2
447.0
447.8
448.7
449.5
450.3
451.1
451.9
452.7
453.5
454.4
455.2
456.0
456.8
457.6
458.4
459.2
460.0
460.9
461.7
462.5
463.3
464.1
464.9
465.7
466.6
467.4
468.2
469.0
469.8
470.6
471.4
472.3
473.1
473.9
474.7
475.5
476.3
477.1
478.0
478.8
479.6
480.4
481.2
482.0
482.8
483.6
484.5
485.3
486.1
486.9
487.7
488.5
489.3
490.2
491.0
491.8
492.6
493.4
494.2
495.0
495.9
496.7
497.5
498.3
499.1
499.9
500.7
501.6
502.4
503.2
504.0
504.8
505.6
506.4
507.2
508.1
508.9
509.7
510.5
511.3
512.1
512.9
513.7
514.5
515.3
516.1
516.8
517.6
518.4
519.2
520.0
520.8
521.5
522.3
523.1
523.9
524.7
525.5
526.2
527.0
527.8
528.6
529.4
530.2
530.9
531.7
532.5
533.3
534.1
534.9
535.6
536.4
537.2
538.0
538.8
539.6
540.3
541.1
541.9
542.7
543.5
544.3
545.0
545.8
546.6
547.4
548.2
549.0
549.7
550.5
551.3
552.1
552.9
553.7
554.4
555.2
556.0
556.8
557.6
558.4
559.1
559.9
560.7
561.5
562.3
563.1
563.8
564.6
565.4
566.2
567.0
567.8
568.5
569.3
570.1
570.9
571.7
572.5
573.2
574.0
574.8
575.6
576.4
577.2
577.9
578.7
579.5
580.3
581.1
581.9
582.6
583.4
584.2
585.0
585.8
586.6
587.3
588.1
588.9
589.6
590.3
591.1
591.8
592.6
593.3
594.0
594.8
595.5
596.3
597.0
597.7
598.5
599.2
600.0
600.7
601.5
602.2
602.9
603.7
604.4
605.2
605.9
606.6
607.4
608.1
608.9
609.6
610.3
611.1
611.8
612.6
613.3
614.0
614.8
615.5
616.3
617.0
617.7
618.5
619.2
620.0
620.7
621.4
622.2
622.9
623.7
624.4
625.2
625.9
626.6
627.4
628.1
628.9
629.6
630.3
631.1
631.8
632.6
633.3
634.0
634.8
635.5
636.3
637.0
637.7
638.5
639.2
640.0
640.7
641.4
642.2
642.9
643.7
644.4
645.1
645.9
646.6
647.4
648.1
648.8
649.6
650.3
651.1
651.8
652.6
653.3
654.0
654.8
655.5
656.3
657.0
657.7
658.5
659.2
660.0
660.7
661.4
662.2
662.9
663.7
664.4
665.1
665.9
666.6
667.4
668.1
668.9
669.6
670.4
671.2
671.9
672.7
673.4
674.2
674.9
675.7
676.5
677.2
678.0
678.7
679.5
680.2
681.0
681.8
682.5
683.3
684.0
684.8
685.5
686.3
687.1
687.8
688.6
689.3
690.1
690.8
691.6
692.4
693.1
693.9
694.6
695.4
696.1
696.9
697.7
698.4
699.2
699.9
700.7
701.4
702.2
703.0
703.7
704.5
705.2
706.0
706.8
707.6
708.4
709.2
710.0
710.8
711.6
712.4
713.2
714.0
714.8
715.6
716.4
717.2
718.0
718.8
719.6
720.4
721.2
722.0
722.8
723.6
724.4
725.2
726.0
726.8
727.6
728.4
729.2
730.0
730.8
731.6
732.4
733.2
734.0
734.8
735.6
736.4
737.2
738.0
738.8
739.6
740.4
741.2
742.0
742.8
743.6
744.4
745.2
746.0
746.8
747.6
748.4
749.2
750.0
750.8
751.6
752.4
753.2
754.0
754.8
755.6
756.4
757.2
758.0
758.8
759.6
760.4
761.2
762.0
762.8
763.6
764.4
765.2
766.0
766.8
767.6
768.4
769.2
770.0
770.8
771.6
772.4
773.2
774.1
774.9
775.7
776.5
777.3
778.1
778.9
779.7
780.5
781.3
782.1
782.9
783.7
784.5
785.3
786.1
786.9
787.7
788.5
789.3
790.1
790.9
791.7
792.5
793.3
794.1
794.9
795.7
796.5
797.3
798.1
798.9
799.7
800.5
801.3
802.1
802.9
803.7
804.5
805.3
806.1
806.9
807.7
808.5
809.3
810.1
810.9
811.7
812.5
813.3
814.1
814.9
815.7
816.5
817.3
818.1
818.9
819.7
820.5
821.3
822.1
822.9
823.7
824.5
825.3
826.1
826.9
827.7
828.5
829.3
830.1
830.9
831.7
832.6
833.4
834.3
835.1
835.9
836.8
837.6
838.5
839.3
840.2
841.0
841.9
842.7
843.5
844.4
845.2
846.1
846.9
847.8
848.6
849.4
850.3
851.1
852.0
852.8
853.7
854.5
855.3
856.2
857.0
857.9
858.7
859.6
860.4
861.3
862.1
862.9
863.8
864.6
865.5
866.3
867.2
868.0
868.8
869.7
870.5
871.4
872.2
873.1
873.9
874.8
875.6
876.4
877.3
878.1
879.0
879.8
880.7
881.5
882.3
883.2
884.0
884.9
885.7
886.6
887.4
888.2
889.1
889.9
890.8
891.6
892.5
893.3
894.2
895.0
895.8
896.7
897.5
898.4
899.2
NEXT_SERIES
0.641586881229
0.643220415822
0.644896690361
0.653357549591
0.659987415971
0.67398285969
0.683604809899
0.692837942371
0.699857143259
0.714255603586
0.734228656781
0.761483316641
0.787387027829
0.812593003945
0.833194169872
0.856728160476
0.878895550536
0.900915848764
0.916072497298
0.930665838632
0.939965655077
0.944853332674
0.942371324494
0.936449978825
0.928099870528
0.922539989232
0.916922265318
0.909070435524
0.901936869186
0.893226746997
0.888031756195
0.881597390119
0.879819700163
0.879231643092
0.877450782
0.875990382065
0.874758850521
0.877097396043
0.880183588796
0.883496086453
0.88573097027
0.888250549603
0.892572728207
0.898410631018
0.903154563511
0.906647583599
0.909715257586
0.914221480809
0.920344165636
0.925803975927
0.928401002516
0.930947831853
0.934420484362
0.937299679387
0.940459204283
0.94152717727
0.943317090011
0.945178839711
0.948575400871
0.951077526033
0.952175147947
0.951188467958
0.951019083725
0.949726063672
0.947547686712
0.947673559065
0.945149618171
0.944295060563
0.940587193148
0.937017641988
0.933398923441
0.930023168935
0.926229632613
0.921284999733
0.913595515689
0.908853351075
0.903305323768
0.899601872045
0.893178310026
0.887353116921
0.880137614011
0.875132303655
0.87079083344
0.865956781293
0.859509669589
0.850237697059
0.843860450417
0.838407458261
0.834518559302
0.830108175274
0.824696672492
0.820315579021
0.812696620611
0.805797893197
0.79935092818
0.79331201009
0.788229730122
0.781240636644
0.776552645116
0.77158286981
0.769010735212
0.765045862306
0.761652618805
0.75705337899
0.754357303804
0.749964371601
0.746910235442
0.744294593077
0.742033330966
0.736793213043
0.731819076187
0.729304387719
0.728482596151
0.726786533593
0.724227373293
0.723542838188
0.723561505103
0.722412615994
0.720864465942
0.718488899077
0.717064993255
0.714732712605
0.713863624782
0.713441743377
0.713000220219
0.713363732422
0.713871314294
0.714955700288
0.714092214797
0.713901192603
0.712236322642
0.71123603333
0.7090471928
0.70872947962
0.708670071092
0.709393572672
0.708969600663
0.70718094445
0.705616890573
0.705626036229
0.705797948654
0.705656168933
0.703378837824
0.703111119309
0.702274272758
0.701870752902
0.699202369093
0.697662419858
0.695094961262
0.692940890615
0.687942410015
0.683584345328
0.678744997337
0.672736716369
0.666252329375
0.659225213576
0.652229618101
0.645882656618
0.638967675294
0.634192055312
0.627685858694
0.622184667038
0.616420362982
0.611775899482
0.605005400463
0.597796610869
0.589975328466
0.584136815604
0.577428617218
0.570879117514
0.563463562338
0.556714868391
0.550163736525
0.543634892724
0.539156618999
0.535437777542
0.532450112256
0.528495915957
0.525417467713
0.5237041459
0.520511389162
0.516628486471
0.511716992047
0.509584829094
0.505492265517
0.502461178448
0.496949140201
0.492162699796
0.487749941595
0.48402331996
0.481275508705
0.478041747038
0.476554742733
0.475653878066
0.474032338726
0.471654056258
0.470262408239
0.470406760815
0.47012209954
0.4697033122
0.46771245954
0.466913447601
0.4636372512
0.461242610811
0.457406447673
0.454744336062
0.453141693159
0.450545060428
0.448000612118
0.44501718571
0.443760134995
0.442514470254
0.44116809327
0.439567409424
0.438891290734
0.438791481083
0.437825668907
0.437578111077
0.436972077771
0.437256750023
0.436606454414
0.435413714214
0.434124714041
0.432870461397
0.429302617269
0.426795902562
0.423849358286
0.424067823042
0.422561803842
0.422509136847
0.421338186141
0.422400130782
0.423058451936
0.423313649235
0.422413499357
0.421029598798
0.420884682636
0.420969434433
0.42101073995
0.420896694068
0.421018524487
0.420649059203
0.420468871486
0.419472771558
0.41973866826
0.418789618219
0.417954323226
0.416487908334
0.414853863206
0.414367015421
0.414082579172
0.414774827278
0.414727792115
0.414640115871
0.415889427856
0.416661333266
0.418374369289
0.417409632428
0.417567530018
0.416699501483
0.416524135918
0.416135748817
0.414807929667
0.414265984621
0.412399535319
0.412118386219
0.410483150802
0.409317442275
0.408009885499
0.40756157126
0.407305034963
0.406175690333
0.405674383078
0.405187271517
0.406074094857
0.408437171944
0.409950620829
0.410962445649
0.410712299712
0.412218322454
0.414053010599
0.414977509712
0.414845489241
0.413460880518
0.412127355419
0.410808627909
0.409659223666
0.409164534394
0.408817747471
0.409390152922
0.408281368658
0.40794885269
0.406568630578
0.407640300006
0.407525133886
0.409922033869
0.410299473823
0.412062742776
0.412634910577
0.415140014124
0.416975015472
0.418648901857
0.419860959941
0.42136904079
0.422504985672
0.423196587105
0.423171842312
0.421839985136
0.420901238617
0.419588491575
0.419302173237
0.419016492938
0.418043892876
0.416437744502
0.413854379855
0.412382413755
0.412080298076
0.412608348724
0.411455895888
0.409750898491
0.408588926668
0.408738509462
0.409948487393
0.408783105662
0.409447156715
0.40801912388
0.40813482621
0.406251817041
0.40631178515
0.40455476358
0.404617812702
0.402981873067
0.402898577351
0.401189328332
0.400492171073
0.398427110559
0.399093380212
0.396712070056
0.397504268866
0.394080316786
0.395775115447
0.395720458148
0.40009012483
0.399897268225
0.402300104641
0.401337673425
0.404741616533
0.405303733611
0.406799966629
0.407150130263
0.407922387893
0.411395745492
0.414815035028
0.42050962151
0.423738766339
0.42681237948
0.428415071229
0.431956012967
0.434830953998
0.440734447329
0.445118590862
0.45205894316
0.456000684587
0.463049459271
0.469210993488
0.477812521962
0.48529109931
0.492143613327
0.497095311903
0.503446045432
0.510933338642
0.520349477578
0.529203932129
0.536960469568
0.541901984252
0.544562078875
0.547446679783
0.551583792452
0.557172018164
0.56221568828
0.565397159712
0.56487823841
0.562246557237
0.557814828852
0.555854160532
0.553716326068
0.554242328982
0.548760526126
0.542611654112
0.533127366845
0.523853199835
0.516944786778
0.508389069048
0.503162063678
0.491374504718
0.481955147767
0.469019412588
0.4598795558
0.451953041511
0.446108010863
0.440828746514
0.432893918851
0.425579972081
0.416577222131
0.408834229749
0.402114376326
0.398781230616
0.397117919963
0.393599826306
0.388677549982
0.380654245741
0.375309500981
0.370501231211
0.369414027217
0.369003745373
0.367885213673
0.365255130531
0.359641581984
0.355952653933
0.353046735291
0.352686043117
0.353311709248
0.353785407547
0.354596567269
0.352789073058
0.350724085195
0.347640037464
0.346055134782
0.347107093998
0.34945667565
0.35206126983
0.351985123219
0.350361713829
0.347696953453
0.344893963573
0.343684708894
0.343555328382
0.346447898547
0.347690013466
0.348994668473
0.347177765266
0.344524256925
0.341731216496
0.339874196009
0.340256189214
0.341339543914
0.343001930139
0.343552908257
0.341350049736
0.338392502627
0.335392560049
0.334227494763
0.33285331245
0.333809335397
0.334943204613
0.337071239869
0.336507619052
0.334716114248
0.331959471493
0.330443203825
0.330294107023
0.331249555316
0.332598864507
0.334342828426
0.334751219425
0.333587476473
0.331721517275
0.330239230265
0.330829185204
0.331915076495
0.334359066304
0.337289131696
0.338532091081
0.338321182624
0.336194579178
0.33368500708
0.331710760733
0.330656880025
0.330822574618
0.332379024156
0.332621208371
0.333700342206
0.332826674958
0.331915369102
0.328965026514
0.325634336644
0.323917443924
0.322917726627
0.324231800581
0.324436098849
0.325996559432
0.327462123934
0.327919686229
0.328175809965
0.325956389082
0.324589118221
0.323076630837
0.322647752014
0.323984477397
0.325114753194
0.326516540509
0.326562819052
0.32691957303
0.327328874167
0.325660271998
0.324861238176
0.323241794369
0.325392739073
0.32643372694
0.328692622062
0.331033946381
0.332305846447
0.333243549773
0.331387848705
0.330510257917
0.329330184435
0.329977113459
0.331130803269
0.332615682936
0.333416657155
0.335057766397
0.336357299562
0.336828608607
0.334411359132
0.331828184597
0.329160907895
0.328550842991
0.327442984604
0.327028053742
0.327853597961
0.328501244585
0.331101268341
0.329648781104
0.33026094536
0.328428216133
0.329063959837
0.328879271081
0.330895723107
0.333453499109
0.33752276533
0.341124322219
0.345062447758
0.348266359868
0.349659679608
0.349666564202
0.348059819442
0.347902741963
0.347331927375
0.347825138954
0.347262973208
0.349307451453
0.350985674974
0.353008474249
0.353022789904
0.352466656027
0.35008192776
0.347926934215
0.345449370978
0.34281826054
0.340324463645
0.338759976788
0.339412350513
0.341448485535
0.343019825628
0.344959075917
0.34528602021
0.345611591989
0.344593194755
0.343241539836
0.3423729444
0.341199148911
0.340529700375
0.340150432158
0.341818587466
0.343211013541
0.343931797598
0.345372248149
0.347193017816
0.348433398119
0.348311183562
0.347221370358
0.34691812909
0.34801259272
0.348589923321
0.350467244456
0.350795133749
0.354007821564
0.356466175694
0.35903817499
0.360179958338
0.360343925971
0.358947257104
0.357889830476
0.356464444488
0.356120819954
0.354770208308
0.354656525214
0.354819428103
0.355774217017
0.356275361085
0.357159706793
0.357076873677
0.357268020776
0.355451960174
0.353264502046
0.349958460551
0.348581777305
0.347596641409
0.347763426084
0.347321596103
0.348392375698
0.349230613682
0.350461240786
0.350721700686
0.350780121931
0.351307952886
0.350435948458
0.349516455316
0.347199985799
0.346969952821
0.345660672773
0.346075695427
0.346432386973
0.346921315391
0.346596169168
0.345348161896
0.345775777133
0.346583488971
0.346393855413
0.347398448382
0.346331415938
0.34807293385
0.345852352294
0.344559280073
0.341547464594
0.340111621711
0.338202145572
0.336310629289
0.334223014329
0.332238463124
0.329528754115
0.326774949482
0.325172657276
0.32179537777
0.318431276463
0.313882285135
0.311833201679
0.309444396864
0.307896963493
0.305757066539
0.303844839681
0.301349256582
0.299799227975
0.297967069747
0.295249425767
END
