380.3
381.1
381.9
382.7
383.5
384.4
385.2
386.0
386.8
387.6
388.4
389.2
390.1
390.9
391.7
392.5
393.3
394.1
394.9
395.8
396.6
397.4
398.2
399.0
399.8
400.6
401.5
402.3
403.1
403.9
404.7
405.5
406.3
407.2
408.0
408.8
409.6
410.4
411.2
412.0
412.8
413.7
414.5
415.3
416.1
416.9
417.7
418.5
419.4
420.2
421.0
421.8
422.6
423.4
424.2
425.1
425.9
426.7
427.5
428.3
429.1
429.9
430.8
431.6
432.4
433.2
434.0
434.8
435.6
436.4
437.3
438.1
438.9
439.7
440.5
441.3
442.1
443.0
443.8
444.6
445.4
446.2
447.0
447.8
448.7
449.5
450.3
451.1
451.9
452.7
453.5
454.4
455.2
456.0
456.8
457.6
458.4
459.2
460.0
460.9
461.7
462.5
463.3
464.1
464.9
465.7
466.6
467.4
468.2
469.0
469.8
470.6
471.4
472.3
473.1
473.9
474.7
475.5
476.3
477.1
478.0
478.8
479.6
480.4
481.2
482.0
482.8
483.6
484.5
485.3
486.1
486.9
487.7
488.5
489.3
490.2
491.0
491.8
492.6
493.4
494.2
495.0
495.9
496.7
497.5
498.3
499.1
499.9
500.7
501.6
502.4
503.2
504.0
504.8
505.6
506.4
507.2
508.1
508.9
509.7
510.5
511.3
512.1
512.9
513.7
514.5
515.3
516.1
516.8
517.6
518.4
519.2
520.0
520.8
521.5
522.3
523.1
523.9
524.7
525.5
526.2
527.0
527.8
528.6
529.4
530.2
530.9
531.7
532.5
533.3
534.1
534.9
535.6
536.4
537.2
538.0
538.8
539.6
540.3
541.1
541.9
542.7
543.5
544.3
545.0
545.8
546.6
547.4
548.2
549.0
549.7
550.5
551.3
552.1
552.9
553.7
554.4
555.2
556.0
556.8
557.6
558.4
559.1
559.9
560.7
561.5
562.3
563.1
563.8
564.6
565.4
566.2
567.0
567.8
568.5
569.3
570.1
570.9
571.7
572.5
573.2
574.0
574.8
575.6
576.4
577.2
577.9
578.7
579.5
580.3
581.1
581.9
582.6
583.4
584.2
585.0
585.8
586.6
587.3
588.1
588.9
589.6
590.3
591.1
591.8
592.6
593.3
594.0
594.8
595.5
596.3
597.0
597.7
598.5
599.2
600.0
600.7
601.5
602.2
602.9
603.7
604.4
605.2
605.9
606.6
607.4
608.1
608.9
609.6
610.3
611.1
611.8
612.6
613.3
614.0
614.8
615.5
616.3
617.0
617.7
618.5
619.2
620.0
620.7
621.4
622.2
622.9
623.7
624.4
625.2
625.9
626.6
627.4
628.1
628.9
629.6
630.3
631.1
631.8
632.6
633.3
634.0
634.8
635.5
636.3
637.0
637.7
638.5
639.2
640.0
640.7
641.4
642.2
642.9
643.7
644.4
645.1
645.9
646.6
647.4
648.1
648.8
649.6
650.3
651.1
651.8
652.6
653.3
654.0
654.8
655.5
656.3
657.0
657.7
658.5
659.2
660.0
660.7
661.4
662.2
662.9
663.7
664.4
665.1
665.9
666.6
667.4
668.1
668.9
669.6
670.4
671.2
671.9
672.7
673.4
674.2
674.9
675.7
676.5
677.2
678.0
678.7
679.5
680.2
681.0
681.8
682.5
683.3
684.0
684.8
685.5
686.3
687.1
687.8
688.6
689.3
690.1
690.8
691.6
692.4
693.1
693.9
694.6
695.4
696.1
696.9
697.7
698.4
699.2
699.9
700.7
701.4
702.2
703.0
703.7
704.5
705.2
706.0
706.8
707.6
708.4
709.2
710.0
710.8
711.6
712.4
713.2
714.0
714.8
715.6
716.4
717.2
718.0
718.8
719.6
720.4
721.2
722.0
722.8
723.6
724.4
725.2
726.0
726.8
727.6
728.4
729.2
730.0
730.8
731.6
732.4
733.2
734.0
734.8
735.6
736.4
737.2
738.0
738.8
739.6
740.4
741.2
742.0
742.8
743.6
744.4
745.2
746.0
746.8
747.6
748.4
749.2
750.0
750.8
751.6
752.4
753.2
754.0
754.8
755.6
756.4
757.2
758.0
758.8
759.6
760.4
761.2
762.0
762.8
763.6
764.4
765.2
766.0
766.8
767.6
768.4
769.2
770.0
770.8
771.6
772.4
773.2
774.1
774.9
775.7
776.5
777.3
778.1
778.9
779.7
780.5
781.3
782.1
782.9
783.7
784.5
785.3
786.1
786.9
787.7
788.5
789.3
790.1
790.9
791.7
792.5
793.3
794.1
794.9
795.7
796.5
797.3
798.1
798.9
799.7
800.5
801.3
802.1
802.9
803.7
804.5
805.3
806.1
806.9
807.7
808.5
809.3
810.1
810.9
811.7
812.5
813.3
814.1
814.9
815.7
816.5
817.3
818.1
818.9
819.7
820.5
821.3
822.1
822.9
823.7
824.5
825.3
826.1
826.9
827.7
828.5
829.3
830.1
830.9
831.7
832.6
833.4
834.3
835.1
835.9
836.8
837.6
838.5
839.3
840.2
841.0
841.9
842.7
843.5
844.4
845.2
846.1
846.9
847.8
848.6
849.4
850.3
851.1
852.0
852.8
853.7
854.5
855.3
856.2
857.0
857.9
858.7
859.6
860.4
861.3
862.1
862.9
863.8
864.6
865.5
866.3
867.2
868.0
868.8
869.7
870.5
871.4
872.2
873.1
873.9
874.8
875.6
876.4
877.3
878.1
879.0
879.8
880.7
881.5
882.3
883.2
884.0
884.9
885.7
886.6
887.4
888.2
889.1
889.9
890.8
891.6
892.5
893.3
894.2
895.0
895.8
896.7
897.5
898.4
899.2
NEXT_SERIES
0.0220957624303
0.0220230191447
0.0220490763158
0.0221266266055
0.0225320000207
0.0260209142627
0.0267012085069
0.029625027756
0.0336499143639
0.037639791467
0.0433365543179
0.0487327732472
0.0560726268592
0.0622576816522
0.0679395537478
0.0735924512678
0.0780909091633
0.0822005222977
0.0849711136945
0.0870436818427
0.0870507794988
0.0868021886349
0.0862907653033
0.0837483065492
0.0805264611758
0.0763890850068
0.0745286518555
0.0715078540761
0.0698977975001
0.0670792126991
0.0667019362506
0.065121974189
0.0651809586989
0.0646006903593
0.0642463163005
0.0640281953815
0.0639285456954
0.0650850275045
0.0652241098432
0.0662205101853
0.0661926364842
0.0675372782819
0.0682036036661
0.0697374279783
0.0703694978374
0.0705788448964
0.0711635165009
0.0711204083128
0.0719829212944
0.0711481990711
0.0708832382506
0.0707959469962
0.0713645263164
0.0729123427432
0.0725297230641
0.0720975804192
0.0714013149325
0.0717002755836
0.0720285910587
0.0717914977287
0.0717223436822
0.0713013677468
0.071473702799
0.0709721986355
0.07074753982
0.0700601241815
0.0694656142713
0.069560569838
0.0695012968256
0.0696751511424
0.0690022845825
0.0678418924298
0.067195941953
0.0668706423686
0.0664848515437
0.0658824920486
0.0645230506213
0.0638602637109
0.062740175891
0.0624086394362
0.0615086778837
0.0604849244688
0.0593538022158
0.0587615659719
0.0583512956449
0.057472003591
0.0567503183468
0.056347030794
0.055508704239
0.0550737278548
0.0544690442848
0.0552207452006
0.0545445924387
0.0539226342552
0.0533004480399
0.0529209520535
0.053018866669
0.0521800497195
0.0514706711839
0.0502398444703
0.0499961620408
0.0501595421044
0.0496595844068
0.0495505586552
0.049439846461
0.0494094844807
0.0486306214409
0.047890236179
0.0484638464974
0.0479418888976
0.048243793501
0.0486916873813
0.0483182898053
0.0477604867495
0.0461869651776
0.0473916946459
0.0471307069845
0.0468573276366
0.0470263684661
0.0469000984355
0.0472366888007
0.046425514183
0.0468712757988
0.0464545687471
0.0463853074631
0.0462790395838
0.0477409109193
0.047867669309
0.0485385221262
0.0487501971187
0.0490455698967
0.0485008660328
0.0479771434383
0.0478973047023
0.0483147884337
0.0487101199153
0.0498239690654
0.0505519069016
0.0500743842899
0.0499976172942
0.0492812432717
0.0502216312577
0.0506602449359
0.0511970957962
0.0517649425907
0.0515446602974
0.0513614689144
0.0517201052516
0.0522753267063
0.0535661238448
0.0528749572031
0.0525187131882
0.0520574185492
0.0518394532026
0.0517263517022
0.0506985523246
0.049842427737
0.0487979761586
0.0484067488092
0.0477368977269
0.0474460989458
0.0470408205176
0.0467802069981
0.0462281250601
0.0457464685019
0.0450123656153
0.044124253876
0.0427588235998
0.0419343316739
0.0410974484591
0.0407886032918
0.0400855573116
0.039079508751
0.0379662119688
0.0373609721684
0.0369238887713
0.0365737262444
0.0362054619853
0.0357852022333
0.0351060692002
0.0345574907108
0.0347453838143
0.0346274276608
0.0351407655671
0.0340038385738
0.0338299669943
0.0331663523754
0.0333516243294
0.0323727372213
0.0314205021412
0.0311399385416
0.0311721581764
0.0315687382355
0.0315862997797
0.0315417373081
0.0308809656112
0.0299720529003
0.0300167119723
0.0300533090459
0.0306325438366
0.0305594636038
0.0309545819355
0.0304445092706
0.0305850780519
0.0300279997177
0.0291371308846
0.0282964440584
0.0275620214329
0.0282173374628
0.0280789144855
0.028288523001
0.0277340329113
0.0277303172886
0.0273904142412
0.027489190624
0.0277961330335
0.027841964474
0.0280791470101
0.0275425545776
0.0276052447551
0.0270800304245
0.0276773588009
0.0276419787407
0.0277034616854
0.0263314457691
0.0259838201007
0.0263976477992
0.0272457146773
0.027316592707
0.026828835149
0.0264918688841
0.026513147364
0.026603254876
0.0265903642398
0.0263016908576
0.0255319687297
0.025506490637
0.025842620665
0.0264527813125
0.0267447452092
0.0268438829108
0.02700484048
0.0268049799948
0.0260687910117
0.0258371996842
0.0256057908292
0.0255365189659
0.0253430644319
0.0251289640986
0.025351565422
0.0259194253565
0.0259346532027
0.0256807711303
0.0252613358965
0.0263544458188
0.0266033095979
0.0260242261768
0.0251973056843
0.0255012093289
0.0263090620661
0.0264402946623
0.0264246801167
0.0258821865126
0.025291714977
0.0255965993228
0.0257013038115
0.0259832984319
0.0250425558475
0.0248297591918
0.0247417429765
0.0248858149371
0.0250192317225
0.0250927480141
0.025151559274
0.0253445974562
0.0260795183151
0.0263629348131
0.026433700363
0.0259057735258
0.0258807858602
0.0259343209125
0.0257840894409
0.0258555339759
0.0253344236691
0.0249570202465
0.0246935516031
0.0245674443283
0.0250134120534
0.0249255860858
0.0254607571985
0.025322843252
0.0253898547757
0.0249083395661
0.0245144804014
0.0240060226243
0.0246769745822
0.0252073482435
0.0257845944682
0.0258145169527
0.0258022758755
0.0258214225841
0.0254105047301
0.0257141028638
0.0259735875724
0.0262227861035
0.0263612590497
0.0266671065883
0.0265923473562
0.026482778874
0.0259258756859
0.0258175636232
0.0260487794414
0.0259863175962
0.0259876849092
0.0252235685702
0.0252084906842
0.0255069047205
0.0255228242592
0.0252713225552
0.0250765216646
0.02492284206
0.0254469923714
0.0256130748509
0.0252895789696
0.0250992831673
0.0246672037448
0.0254708086241
0.025695377855
0.0261107812547
0.0258839488036
0.0253559700775
0.0246894579281
0.0246424844076
0.0244997976935
0.0243652082401
0.0240105935506
0.024010787084
0.0239090492985
0.0240759070797
0.0234949641804
0.0239696207984
0.0235790585963
0.0246158420851
0.024296267738
0.0250801045953
0.0247743552627
0.0250656580693
0.0243766179511
0.0240097075798
0.023652478084
0.0234740714148
0.023724856158
0.0241310434402
0.0246672886195
0.0249948309839
0.0248027515006
0.0245556449319
0.024313254278
0.0244014734528
0.0252380974425
0.0254550967582
0.0257803789569
0.0255412395423
0.0262827207651
0.0268259095896
0.0277961808586
0.0282003380487
0.0288259419883
0.0287722343903
0.0292528531276
0.0297122949616
0.0304614241117
0.031171095973
0.0315929527847
0.0320117016276
0.0317247406426
0.0317126446901
0.0317932478314
0.0328504432102
0.0331875000411
0.0336288127996
0.0327083699122
0.032344267961
0.0316712261495
0.0319120578772
0.0321610548839
0.0326555702612
0.0320766142968
0.0317091455592
0.0309135021901
0.0303973943818
0.0305020159428
0.0300316273012
0.0302347226659
0.0288354735617
0.0285154782403
0.0274269265852
0.0272403299581
0.0269546344227
0.0268077732957
0.0266867128715
0.0259372298731
0.0254233376794
0.0244485796581
0.0238946504734
0.023576660702
0.0235661897543
0.0236059790432
0.0235079585929
0.02303406001
0.0219124311237
0.02117874093
0.0208404376656
0.0210956176322
0.0212523618451
0.0215472013128
0.0211933321636
0.0207277448184
0.020108814722
0.0199945609469
0.0199333215039
0.0200363013019
0.0200642699549
0.0202480293637
0.0195692394712
0.0194525722865
0.0192789378713
0.019263186299
0.0196597411776
0.0199961135435
0.0205917272786
0.0203691437606
0.0197612742184
0.0197382973838
0.0192761386052
0.0192283094695
0.0193185333508
0.0196108413103
0.0197233187528
0.0190128702102
0.0190539663922
0.0188217604611
0.019348339448
0.0192830830529
0.0197499040904
0.0193393885521
0.0193449072971
0.0190727028846
0.0188154738363
0.0184632804036
0.0183684870213
0.0186324904492
0.0186713143295
0.0186627922453
0.0187852932318
0.0187738882867
0.018265339238
0.0179732200706
0.0177916462791
0.017707890899
0.0175893404028
0.0177454960049
0.0179756257227
0.0181357209891
0.0178976197604
0.0182060999992
0.0180898097261
0.0179893723379
0.0177503357988
0.0178671903568
0.0184361661888
0.0183834077989
0.0183944825767
0.0182434389205
0.0185778361829
0.0186240985374
0.0185466222449
0.0183771983223
0.0180066704001
0.0182399247293
0.0182083132543
0.0191033485215
0.0191186510139
0.0191101628439
0.0179659791219
0.0174874458932
0.0167977642785
0.0170751878857
0.0168945461636
0.0176266119014
0.0179197317212
0.0181960934949
0.0183214185915
0.0182529202859
0.0179184146723
0.0172836433175
0.017009047703
0.0169288556679
0.0175186910985
0.0177422807288
0.0179463801589
0.0171742514158
0.0167843006126
0.0169018294055
0.0173383390998
0.0178658547236
0.0180100662613
0.0178266649021
0.0173580549498
0.0171141474931
0.017626928452
0.0177530792356
0.0184018450719
0.0182708221994
0.0179993767862
0.0173258023791
0.0172694046803
0.0176941202009
0.0176971880009
0.0178639629852
0.0183480757613
0.0189590677312
0.0192090254325
0.0186046174457
0.0180023116557
0.0172796327879
0.0173742631216
0.0178394559473
0.017719045658
0.0185482004681
0.0183364934044
0.0190876845844
0.0177623649305
0.0174223976889
0.0175251823246
0.0183476263594
0.0184840746827
0.0177658685829
0.0182307712854
0.0188528809442
0.0196387435366
0.0195807764715
0.0202391859961
0.0205968013359
0.0210566274407
0.0204383676393
0.0208379718246
0.0204740828532
0.0212678089764
0.0207922534862
0.021410024329
0.0210620624835
0.0214120687616
0.0212006457124
0.0213155681331
0.0210154174093
0.0213189777465
0.0210939709205
0.0203856528124
0.0197724358889
0.0195423223397
0.0201720524702
0.0201308970878
0.020324782874
0.0200967093054
0.0205071590194
0.0206223085235
0.0214429482875
0.0210768673808
0.0211509518725
0.0202782122095
0.0199380590336
0.0198891727575
0.0208598830501
0.0216688601271
0.0218901382479
0.0219591065024
0.0216718606597
0.0217729975823
0.0214603733955
0.0219294968628
0.0223274974203
0.0230371281995
0.0226512013334
0.0222676003171
0.022052018415
0.0225030331504
0.0233066629244
0.0237386040897
0.0245171022069
0.0243822096266
0.0239062563736
0.023905169783
0.0244776463767
0.0245241945123
0.0239135877944
0.0235165052914
0.024057563077
0.0243482155462
0.0248039318274
0.0247969440358
0.0252910776992
0.0253697071388
0.0252886140974
0.0252607619252
0.0248754677737
0.0248314626133
0.0247074285376
0.024674070373
0.0251424982113
0.0250804900281
0.0249515691232
0.0248885717087
0.0255914897945
0.0256444715539
0.0259113523441
0.0251140863233
0.0247804521093
0.024780374287
0.0255650453227
0.02574743614
0.0256133499197
0.0254012897261
0.0260589932222
0.0264436032385
0.0254476783598
0.0251030447456
0.0244250307885
0.0254317190208
0.0258995863713
0.025888383632
0.0262422152092
0.0260981383407
0.0259060013888
0.025511241385
0.0258709455027
0.0268376384072
0.0265027706006
0.0254522307795
0.0246009759945
0.0242600985187
0.0243848213852
0.0241141845645
0.0239584229954
0.0232030285966
0.0232539530521
0.022421057413
0.0228342722387
0.0228103130913
0.0232333753902
0.0229112609511
0.0219853377319
0.0212635976527
0.0217144168605
0.0217796884275
END
