380.3
381.1
381.9
382.7
383.5
384.4
385.2
386.0
386.8
387.6
388.4
389.2
390.1
390.9
391.7
392.5
393.3
394.1
394.9
395.8
396.6
397.4
398.2
399.0
399.8
400.6
401.5
402.3
403.1
403.9
404.7
405.5
406.3
407.2
408.0
408.8
409.6
410.4
411.2
412.0
412.8
413.7
414.5
415.3
416.1
416.9
417.7
418.5
419.4
420.2
421.0
421.8
422.6
423.4
424.2
425.1
425.9
426.7
427.5
428.3
429.1
429.9
430.8
431.6
432.4
433.2
434.0
434.8
435.6
436.4
437.3
438.1
438.9
439.7
440.5
441.3
442.1
443.0
443.8
444.6
445.4
446.2
447.0
447.8
448.7
449.5
450.3
451.1
451.9
452.7
453.5
454.4
455.2
456.0
456.8
457.6
458.4
459.2
460.0
460.9
461.7
462.5
463.3
464.1
464.9
465.7
466.6
467.4
468.2
469.0
469.8
470.6
471.4
472.3
473.1
473.9
474.7
475.5
476.3
477.1
478.0
478.8
479.6
480.4
481.2
482.0
482.8
483.6
484.5
485.3
486.1
486.9
487.7
488.5
489.3
490.2
491.0
491.8
492.6
493.4
494.2
495.0
495.9
496.7
497.5
498.3
499.1
499.9
500.7
501.6
502.4
503.2
504.0
504.8
505.6
506.4
507.2
508.1
508.9
509.7
510.5
511.3
512.1
512.9
513.7
514.5
515.3
516.1
516.8
517.6
518.4
519.2
520.0
520.8
521.5
522.3
523.1
523.9
524.7
525.5
526.2
527.0
527.8
528.6
529.4
530.2
530.9
531.7
532.5
533.3
534.1
534.9
535.6
536.4
537.2
538.0
538.8
539.6
540.3
541.1
541.9
542.7
543.5
544.3
545.0
545.8
546.6
547.4
548.2
549.0
549.7
550.5
551.3
552.1
552.9
553.7
554.4
555.2
556.0
556.8
557.6
558.4
559.1
559.9
560.7
561.5
562.3
563.1
563.8
564.6
565.4
566.2
567.0
567.8
568.5
569.3
570.1
570.9
571.7
572.5
573.2
574.0
574.8
575.6
576.4
577.2
577.9
578.7
579.5
580.3
581.1
581.9
582.6
583.4
584.2
585.0
585.8
586.6
587.3
588.1
588.9
589.6
590.3
591.1
591.8
592.6
593.3
594.0
594.8
595.5
596.3
597.0
597.7
598.5
599.2
600.0
600.7
601.5
602.2
602.9
603.7
604.4
605.2
605.9
606.6
607.4
608.1
608.9
609.6
610.3
611.1
611.8
612.6
613.3
614.0
614.8
615.5
616.3
617.0
617.7
618.5
619.2
620.0
620.7
621.4
622.2
622.9
623.7
624.4
625.2
625.9
626.6
627.4
628.1
628.9
629.6
630.3
631.1
631.8
632.6
633.3
634.0
634.8
635.5
636.3
637.0
637.7
638.5
639.2
640.0
640.7
641.4
642.2
642.9
643.7
644.4
645.1
645.9
646.6
647.4
648.1
648.8
649.6
650.3
651.1
651.8
652.6
653.3
654.0
654.8
655.5
656.3
657.0
657.7
658.5
659.2
660.0
660.7
661.4
662.2
662.9
663.7
664.4
665.1
665.9
666.6
667.4
668.1
668.9
669.6
670.4
671.2
671.9
672.7
673.4
674.2
674.9
675.7
676.5
677.2
678.0
678.7
679.5
680.2
681.0
681.8
682.5
683.3
684.0
684.8
685.5
686.3
687.1
687.8
688.6
689.3
690.1
690.8
691.6
692.4
693.1
693.9
694.6
695.4
696.1
696.9
697.7
698.4
699.2
699.9
700.7
701.4
702.2
703.0
703.7
704.5
705.2
706.0
706.8
707.6
708.4
709.2
710.0
710.8
711.6
712.4
713.2
714.0
714.8
715.6
716.4
717.2
718.0
718.8
719.6
720.4
721.2
722.0
722.8
723.6
724.4
725.2
726.0
726.8
727.6
728.4
729.2
730.0
730.8
731.6
732.4
733.2
734.0
734.8
735.6
736.4
737.2
738.0
738.8
739.6
740.4
741.2
742.0
742.8
743.6
744.4
745.2
746.0
746.8
747.6
748.4
749.2
750.0
750.8
751.6
752.4
753.2
754.0
754.8
755.6
756.4
757.2
758.0
758.8
759.6
760.4
761.2
762.0
762.8
763.6
764.4
765.2
766.0
766.8
767.6
768.4
769.2
770.0
770.8
771.6
772.4
773.2
774.1
774.9
775.7
776.5
777.3
778.1
778.9
779.7
780.5
781.3
782.1
782.9
783.7
784.5
785.3
786.1
786.9
787.7
788.5
789.3
790.1
790.9
791.7
792.5
793.3
794.1
794.9
795.7
796.5
797.3
798.1
798.9
799.7
800.5
801.3
802.1
802.9
803.7
804.5
805.3
806.1
806.9
807.7
808.5
809.3
810.1
810.9
811.7
812.5
813.3
814.1
814.9
815.7
816.5
817.3
818.1
818.9
819.7
820.5
821.3
822.1
822.9
823.7
824.5
825.3
826.1
826.9
827.7
828.5
829.3
830.1
830.9
831.7
832.6
833.4
834.3
835.1
835.9
836.8
837.6
838.5
839.3
840.2
841.0
841.9
842.7
843.5
844.4
845.2
846.1
846.9
847.8
848.6
849.4
850.3
851.1
852.0
852.8
853.7
854.5
855.3
856.2
857.0
857.9
858.7
859.6
860.4
861.3
862.1
862.9
863.8
864.6
865.5
866.3
867.2
868.0
868.8
869.7
870.5
871.4
872.2
873.1
873.9
874.8
875.6
876.4
877.3
878.1
879.0
879.8
880.7
881.5
882.3
883.2
884.0
884.9
885.7
886.6
887.4
888.2
889.1
889.9
890.8
891.6
892.5
893.3
894.2
895.0
895.8
896.7
897.5
898.4
899.2
NEXT_SERIES
0.0163090671499
0.0160899206547
0.0163842673872
0.0154449455713
0.0157515367692
0.0165925312371
0.015937011996
0.017817004232
0.0193529046983
0.0217623490493
0.0233465017688
0.0264411760159
0.0300009586833
0.0329459102065
0.0347085097462
0.0366957118925
0.0377159393946
0.0389807213435
0.0401988624624
0.0408564433069
0.0398571373397
0.0386246111836
0.0376405725126
0.0363894141887
0.0340624193338
0.0317111643983
0.0304114359062
0.0290603697107
0.027487682656
0.0258822705456
0.0252464480421
0.023702604437
0.0229243995546
0.0228938737016
0.0232071122929
0.0235412068248
0.0227402410776
0.0226100113884
0.0225359597287
0.0225355111036
0.0228012813279
0.0220583800251
0.0225212047926
0.023232797112
0.0239005187472
0.0230663436214
0.0228351656556
0.0225725321144
0.0228818122046
0.022624994382
0.0230416253859
0.0225045358077
0.0226003191329
0.0224842893848
0.0229732144497
0.0233304506237
0.0228831514619
0.0233382043022
0.0225125231925
0.02321073434
0.0229079689949
0.0231037292624
0.0231834978653
0.0227794326578
0.0224669446284
0.021676312105
0.0216808810255
0.0218894094217
0.0219484101217
0.0222422964643
0.0224586224134
0.0221403996386
0.0223042700043
0.0221050112294
0.0218039797237
0.0211128828519
0.0207843989694
0.0214125673428
0.0208493583667
0.0211279912658
0.0207420422705
0.0209971873892
0.0201246869115
0.0203253282868
0.0208760814185
0.0210976754498
0.0212928541251
0.0206702976765
0.0209025715816
0.0202019100016
0.0206680957283
0.0206012297119
0.0209618538311
0.0205032903761
0.0207688101088
0.0211550184603
0.0215604676289
0.0210878689914
0.0198685062245
0.019708109855
0.0206789072078
0.0212472912175
0.0213353544947
0.0210441201508
0.021074007702
0.0211913153642
0.0207955240366
0.0209417458131
0.0210601567247
0.0212482528244
0.0222026022874
0.0226116304537
0.022751197144
0.0224132366923
0.0224498086907
0.0233617551926
0.0227700154427
0.0229335505534
0.0229678123145
0.0236633278819
0.0232967939579
0.02240587233
0.0221152142154
0.0226004653995
0.0230895584683
0.0233925427426
0.0231730963337
0.0230167164967
0.0235230802469
0.0244683314074
0.0245975686257
0.024802044769
0.02363926386
0.0243276012453
0.0241079117622
0.0253453249916
0.0251998694932
0.02516283585
0.024848331035
0.024941180936
0.0247687762145
0.0249847950002
0.025186166056
0.0255844586776
0.0262541183859
0.0261282003671
0.0266182289622
0.0260535109054
0.0263155280743
0.0261656543666
0.0262843246382
0.0260308419366
0.0259690001679
0.0253923402879
0.0249729890253
0.0242712243398
0.0245301369262
0.024724584616
0.0248785752781
0.0244714820549
0.024653290651
0.0249278876593
0.0249455270484
0.0246617499215
0.0244685617992
0.0239896533496
0.023528374851
0.0229600997001
0.0230158494155
0.0232653330577
0.0231946763707
0.0228982299719
0.0223468874044
0.0219025871608
0.0218381202251
0.0217118261314
0.02176045424
0.0214791948119
0.0215013660366
0.0219844416317
0.0222155296792
0.0224521766209
0.0221050319206
0.0220741606709
0.0211904561347
0.020988228341
0.0209112332268
0.0217051035877
0.0212800233674
0.0209476307281
0.0204249603736
0.0208152621775
0.0211819257295
0.0212349493771
0.0209591889902
0.0203952602374
0.0200684314838
0.0200406829708
0.0202412924749
0.0207789741537
0.020773627753
0.0210136730784
0.0205708482091
0.02048810622
0.020397311112
0.0198511787767
0.0200152236905
0.0194293200083
0.0196153872988
0.0184351745657
0.0188649424508
0.0186591806672
0.019235633631
0.0190520105028
0.0194508347195
0.0194067441879
0.0195210033489
0.0193924051298
0.0195484193139
0.0193686573382
0.0188509626925
0.0189767754407
0.0184593506281
0.0191489926987
0.018544277606
0.0185920869204
0.0181402034484
0.0185607343272
0.0189448189031
0.0192222808458
0.0186474906469
0.0189010969664
0.0187266801778
0.0192867842405
0.0189631306082
0.018300975885
0.0182229752591
0.0181147048158
0.0182335241138
0.0182482575872
0.0187241654318
0.0190933395732
0.0188334029387
0.0181858518321
0.0182696579355
0.0182518280556
0.0181380015324
0.0177884231906
0.0176708661094
0.0182234248872
0.018061546294
0.0182576887065
0.0175935762464
0.0175725347043
0.0178514976643
0.0176603658531
0.0176177556191
0.0174888815261
0.0182331869584
0.0187733856647
0.0185995008305
0.0177554162119
0.0180283088606
0.0179672354856
0.0183977181674
0.0183309130976
0.018445006087
0.0182032125649
0.0180358664756
0.0180178049393
0.0185848693031
0.0183717608232
0.0182527114313
0.0179421285202
0.017817556751
0.0181942554316
0.0182066668782
0.0180297376138
0.0178128761527
0.0177810474533
0.0177865902152
0.0173496675447
0.0172160068615
0.0172160597276
0.0173241627395
0.0169768830127
0.0172117444857
0.0175754865093
0.0180068343069
0.017916695525
0.0177707273861
0.0179402398365
0.0178955322691
0.0177962877392
0.0179183477518
0.0185592701242
0.0189408726712
0.0187202468506
0.0183862137582
0.018148940554
0.0179807700332
0.0179382414829
0.0176993129025
0.0182426279297
0.0182475571669
0.0186119200774
0.018238408744
0.0180567731574
0.0178542169859
0.0178446481765
0.0178883439024
0.0183947591304
0.0184047476825
0.0186411817921
0.0176234133576
0.0173631255922
0.0170142089739
0.0174334259297
0.0175258039547
0.0178208922779
0.0177731034714
0.018111381391
0.0177594655028
0.0178408344799
0.0177875016759
0.0182978211807
0.0183444126027
0.0182219425671
0.0177998947723
0.0178166801683
0.0176476007511
0.0174058518626
0.0174551492046
0.017376528585
0.0173304362776
0.0167802700927
0.0168679677394
0.0168376644771
0.0174744020365
0.0175968581516
0.0177093110678
0.0171850548819
0.0176251488617
0.0176509246132
0.0178027734212
0.0172731517314
0.0173322870714
0.0174493165291
0.0172069624173
0.017149610104
0.0170743320561
0.0175214310118
0.0179721779447
0.0183755411983
0.0181596528411
0.0177359481
0.0177107475877
0.0181183990468
0.0182965212753
0.0182737476066
0.018267996762
0.0180703296333
0.018274307204
0.0184943855134
0.0195510165856
0.0196964867605
0.0196823071872
0.0196369585611
0.0196931362427
0.0198767624906
0.0199618152495
0.0204267711185
0.0210789475356
0.0212909767918
0.0213917871735
0.0210281578846
0.0210841702368
0.020896038813
0.021550698371
0.0211027492903
0.0215009500928
0.021155485164
0.0216482146479
0.0213996281771
0.0211327357043
0.0212606046671
0.0211604615632
0.0207224606153
0.0208198605678
0.0210049036458
0.0214122764807
0.0212339614708
0.0207895774749
0.0203055506147
0.0196773018657
0.0198500982503
0.01959880688
0.0197631790587
0.0195810120721
0.0196114112378
0.0195098751855
0.0190170880489
0.0190496750727
0.0186872570541
0.0186428759585
0.0183550975085
0.01787034587
0.0178477191321
0.0177766813653
0.0175059525696
0.016903036219
0.0168737453136
0.0172481451973
0.0171645337155
0.0171926623255
0.0176836407992
0.0179037564713
0.0179008924374
0.0170033563786
0.0169876372634
0.0166372091327
0.0169469462949
0.0167167306874
0.0169697292672
0.0170461023255
0.0170540270432
0.0169904445562
0.0169611751112
0.0174330580553
0.0176604772956
0.0177685019394
0.0175793982844
0.0171806475616
0.0168139552115
0.0168783451768
0.0170274347799
0.0173802241263
0.01743495807
0.0173023822558
0.017128335932
0.017072625661
0.0173068126034
0.0176558679442
0.0174819522845
0.0174941048398
0.017176378347
0.0179521728781
0.0176243380797
0.0177567037069
0.0172270126323
0.0173942343287
0.0172273503577
0.0170168393089
0.0172729332613
0.0172838486209
0.0175394923877
0.0172283906204
0.0169713440365
0.0163637489556
0.0162557194915
0.0163699329409
0.0165885367681
0.0169494129533
0.0172043080683
0.0173045653113
0.0171403089169
0.0170545916618
0.0172524532576
0.0171520399069
0.0171937860171
0.0172179643769
0.0177749565889
0.0175661575522
0.01733524168
0.0171583473879
0.0172486633991
0.0173661218825
0.0171848457763
0.016912131407
0.0172659635017
0.0172982002292
0.0177771436503
0.0176758377513
0.0170681119349
0.0168017364669
0.0168829173227
0.0174528723752
0.0176562442097
0.0178616649414
0.0177077780759
0.0174990264154
0.0167295318733
0.0168100295632
0.0169577371059
0.0171797418245
0.0172493723231
0.0165220073645
0.0159682281292
0.0157719991317
0.01620291446
0.0160298002139
0.0161121473538
0.0158593564132
0.0160328868975
0.0156916010856
0.0152017938288
0.0156910005338
0.0158384956435
0.0165649621225
0.0161547262247
0.0161879221197
0.0161588730953
0.0162438039565
0.0157141411104
0.0150150399989
0.0149199588022
0.0154369205442
0.0159225567097
0.0157694306217
0.0153612817391
0.0154485687746
0.0157205147897
0.0159523033113
0.015656229651
0.0152535791347
0.0149290818481
0.0149188002999
0.0147360885914
0.0149148924545
0.0153853837751
0.0153481183878
0.0153606844088
0.0143723841191
0.0140949996954
0.0138393036989
0.0146172062543
0.0146182712646
0.0148260302293
0.0143969227594
0.0149845527668
0.0149847224793
0.0150377139812
0.0146771390296
0.0143292452805
0.0142089340639
0.0144288096234
0.0148593906944
0.0149321137146
0.0148323727934
0.0146169858943
0.0151195182122
0.0148574932288
0.0146724102447
0.0138741062962
0.0136710451768
0.013060332636
0.0130663790581
0.0135895775459
0.0135382432773
0.0139451441749
0.013603516323
0.0135475411116
0.0128520380288
0.0127218545224
0.0131724639616
0.0135266117676
0.0134415180403
0.0135181600712
0.0133753027097
0.0135717349045
0.0124640752328
0.0120190706362
0.0115623843727
0.0122747556712
0.0123318522973
0.0127809050843
0.0127291383755
0.0128237201078
0.0121773751371
0.0120006604745
0.0120189591127
0.0123500817808
0.0127745656794
0.011944298011
0.0119972045965
0.0118421714723
0.0118295825811
0.0115223608493
0.0111504928533
0.0119229252361
0.0117612091447
0.0111953974611
0.0104970355172
0.0109546485817
0.0118517803382
0.0122689263123
0.0118751854762
0.0119440952643
0.0115996161659
0.0120930036527
0.0115671255209
0.0117075878633
0.0113040255241
0.010710261377
0.0110501118833
0.0107853512282
0.0114690570122
0.0108462822361
0.0111200514373
0.0105409346942
0.0105086848237
0.0101502360047
0.0101096046919
0.0108754603879
0.0101087925713
0.0104530408811
0.00946630728829
0.00978385888816
0.00982168203321
0.00987292863069
0.00987770318223
0.00988288615958
0.0107240186492
0.0108142942613
0.00988752836422
0.00925691532734
0.00899890391853
0.00931259042852
0.00915018721524
0.00945545409053
0.00921223011342
0.00898969498549
0.00833271015193
0.00874739542612
0.00834259878021
0.00942196891893
0.00940205277332
0.00948914585118
0.00899268989919
0.00939074257798
0.00986809880001
0.0100833506591
0.00960034853895
0.00852822035332
0.00716948059233
0.00664753915505
0.00655832591026
0.00739584895214
0.00701910231532
0.00754063039975
0.00713921729251
0.0072128128098
0.00656351857077
0.00635035032917
0.00621283367037
END
