380.3
381.1
381.9
382.7
383.5
384.4
385.2
386.0
386.8
387.6
388.4
389.2
390.1
390.9
391.7
392.5
393.3
394.1
394.9
395.8
396.6
397.4
398.2
399.0
399.8
400.6
401.5
402.3
403.1
403.9
404.7
405.5
406.3
407.2
408.0
408.8
409.6
410.4
411.2
412.0
412.8
413.7
414.5
415.3
416.1
416.9
417.7
418.5
419.4
420.2
421.0
421.8
422.6
423.4
424.2
425.1
425.9
426.7
427.5
428.3
429.1
429.9
430.8
431.6
432.4
433.2
434.0
434.8
435.6
436.4
437.3
438.1
438.9
439.7
440.5
441.3
442.1
443.0
443.8
444.6
445.4
446.2
447.0
447.8
448.7
449.5
450.3
451.1
451.9
452.7
453.5
454.4
455.2
456.0
456.8
457.6
458.4
459.2
460.0
460.9
461.7
462.5
463.3
464.1
464.9
465.7
466.6
467.4
468.2
469.0
469.8
470.6
471.4
472.3
473.1
473.9
474.7
475.5
476.3
477.1
478.0
478.8
479.6
480.4
481.2
482.0
482.8
483.6
484.5
485.3
486.1
486.9
487.7
488.5
489.3
490.2
491.0
491.8
492.6
493.4
494.2
495.0
495.9
496.7
497.5
498.3
499.1
499.9
500.7
501.6
502.4
503.2
504.0
504.8
505.6
506.4
507.2
508.1
508.9
509.7
510.5
511.3
512.1
512.9
513.7
514.5
515.3
516.1
516.8
517.6
518.4
519.2
520.0
520.8
521.5
522.3
523.1
523.9
524.7
525.5
526.2
527.0
527.8
528.6
529.4
530.2
530.9
531.7
532.5
533.3
534.1
534.9
535.6
536.4
537.2
538.0
538.8
539.6
540.3
541.1
541.9
542.7
543.5
544.3
545.0
545.8
546.6
547.4
548.2
549.0
549.7
550.5
551.3
552.1
552.9
553.7
554.4
555.2
556.0
556.8
557.6
558.4
559.1
559.9
560.7
561.5
562.3
563.1
563.8
564.6
565.4
566.2
567.0
567.8
568.5
569.3
570.1
570.9
571.7
572.5
573.2
574.0
574.8
575.6
576.4
577.2
577.9
578.7
579.5
580.3
581.1
581.9
582.6
583.4
584.2
585.0
585.8
586.6
587.3
588.1
588.9
589.6
590.3
591.1
591.8
592.6
593.3
594.0
594.8
595.5
596.3
597.0
597.7
598.5
599.2
600.0
600.7
601.5
602.2
602.9
603.7
604.4
605.2
605.9
606.6
607.4
608.1
608.9
609.6
610.3
611.1
611.8
612.6
613.3
614.0
614.8
615.5
616.3
617.0
617.7
618.5
619.2
620.0
620.7
621.4
622.2
622.9
623.7
624.4
625.2
625.9
626.6
627.4
628.1
628.9
629.6
630.3
631.1
631.8
632.6
633.3
634.0
634.8
635.5
636.3
637.0
637.7
638.5
639.2
640.0
640.7
641.4
642.2
642.9
643.7
644.4
645.1
645.9
646.6
647.4
648.1
648.8
649.6
650.3
651.1
651.8
652.6
653.3
654.0
654.8
655.5
656.3
657.0
657.7
658.5
659.2
660.0
660.7
661.4
662.2
662.9
663.7
664.4
665.1
665.9
666.6
667.4
668.1
668.9
669.6
670.4
671.2
671.9
672.7
673.4
674.2
674.9
675.7
676.5
677.2
678.0
678.7
679.5
680.2
681.0
681.8
682.5
683.3
684.0
684.8
685.5
686.3
687.1
687.8
688.6
689.3
690.1
690.8
691.6
692.4
693.1
693.9
694.6
695.4
696.1
696.9
697.7
698.4
699.2
699.9
700.7
701.4
702.2
703.0
703.7
704.5
705.2
706.0
706.8
707.6
708.4
709.2
710.0
710.8
711.6
712.4
713.2
714.0
714.8
715.6
716.4
717.2
718.0
718.8
719.6
720.4
721.2
722.0
722.8
723.6
724.4
725.2
726.0
726.8
727.6
728.4
729.2
730.0
730.8
731.6
732.4
733.2
734.0
734.8
735.6
736.4
737.2
738.0
738.8
739.6
740.4
741.2
742.0
742.8
743.6
744.4
745.2
746.0
746.8
747.6
748.4
749.2
750.0
750.8
751.6
752.4
753.2
754.0
754.8
755.6
756.4
757.2
758.0
758.8
759.6
760.4
761.2
762.0
762.8
763.6
764.4
765.2
766.0
766.8
767.6
768.4
769.2
770.0
770.8
771.6
772.4
773.2
774.1
774.9
775.7
776.5
777.3
778.1
778.9
779.7
780.5
781.3
782.1
782.9
783.7
784.5
785.3
786.1
786.9
787.7
788.5
789.3
790.1
790.9
791.7
792.5
793.3
794.1
794.9
795.7
796.5
797.3
798.1
798.9
799.7
800.5
801.3
802.1
802.9
803.7
804.5
805.3
806.1
806.9
807.7
808.5
809.3
810.1
810.9
811.7
812.5
813.3
814.1
814.9
815.7
816.5
817.3
818.1
818.9
819.7
820.5
821.3
822.1
822.9
823.7
824.5
825.3
826.1
826.9
827.7
828.5
829.3
830.1
830.9
831.7
832.6
833.4
834.3
835.1
835.9
836.8
837.6
838.5
839.3
840.2
841.0
841.9
842.7
843.5
844.4
845.2
846.1
846.9
847.8
848.6
849.4
850.3
851.1
852.0
852.8
853.7
854.5
855.3
856.2
857.0
857.9
858.7
859.6
860.4
861.3
862.1
862.9
863.8
864.6
865.5
866.3
867.2
868.0
868.8
869.7
870.5
871.4
872.2
873.1
873.9
874.8
875.6
876.4
877.3
878.1
879.0
879.8
880.7
881.5
882.3
883.2
884.0
884.9
885.7
886.6
887.4
888.2
889.1
889.9
890.8
891.6
892.5
893.3
894.2
895.0
895.8
896.7
897.5
898.4
899.2
NEXT_SERIES
0.0737614825237
0.0748352513529
0.0737576058288
0.0734052258533
0.0726784345539
0.0765851810698
0.0799704465948
0.0863487282385
0.0940176371422
0.103413632799
0.112750264991
0.122498555427
0.132639215344
0.143188230959
0.151938891933
0.161544014205
0.16873307995
0.176823335141
0.183003242091
0.188133861226
0.19045719157
0.18936358623
0.187803435473
0.184180520301
0.180522581139
0.175308407087
0.170838360466
0.16588840225
0.162668698893
0.159415398375
0.156898053575
0.15375484531
0.152117208336
0.151170189472
0.151192538426
0.151397580182
0.151687782296
0.152524809433
0.153222200673
0.154601426124
0.155254661471
0.156252531329
0.15778168765
0.159931803936
0.16129838339
0.162872031875
0.164235752623
0.166041221496
0.167060491904
0.167989599996
0.168877892448
0.168795592995
0.169100279057
0.169530141191
0.170719405791
0.170942496958
0.171500605019
0.171726188747
0.171820336926
0.17179592265
0.171883044009
0.171877328238
0.171993480593
0.171074430385
0.171000422036
0.169778003141
0.169727354592
0.169260372311
0.169531141019
0.16853309247
0.167578011175
0.166136904674
0.164930579025
0.163872578056
0.161784199562
0.161070033603
0.159490568452
0.159071040035
0.157486275521
0.156817546299
0.155611697085
0.153879595926
0.152066973281
0.151103329201
0.151029538572
0.149265848668
0.148318104446
0.146474775448
0.146510189655
0.144871609423
0.143782020672
0.142571766084
0.14126438622
0.140103788809
0.138911978259
0.137775215587
0.136597057087
0.135014337979
0.133578688928
0.13235586618
0.131749448644
0.130408256823
0.129527414249
0.128645885099
0.128626176099
0.128126261667
0.127338710444
0.126977223251
0.126909389869
0.125563552222
0.124985228964
0.124191134208
0.123398626238
0.122722217476
0.121669218624
0.122988325741
0.121871760517
0.122098530711
0.121745369095
0.122134635396
0.121782308275
0.120845314616
0.120651298559
0.120287138847
0.120006844958
0.118956361967
0.118804233212
0.118876087695
0.119603143757
0.119783163545
0.120149131729
0.120751026752
0.120336923012
0.119715083791
0.119024059219
0.11939661588
0.120340558383
0.121304700792
0.122265133531
0.122308989658
0.122583563741
0.122676913221
0.122664753651
0.122299003849
0.122741987859
0.123491371644
0.123598216791
0.124157883468
0.124246829576
0.12523692997
0.124185476964
0.123609381454
0.122711828447
0.121577196436
0.120457905927
0.118862918706
0.11799312917
0.116715307732
0.115876915352
0.11455584739
0.113958066282
0.112149132851
0.111462319384
0.110456059552
0.109824136239
0.108272504539
0.106173595096
0.10476229491
0.103190654595
0.102655080353
0.101074508779
0.10036784009
0.0979875658815
0.0961995469633
0.0945811038064
0.0937085584473
0.0931041331406
0.0922289233442
0.0913145460233
0.0911364967332
0.0905680335945
0.0905464869236
0.0898206677191
0.0895278635329
0.0882633953639
0.0874608886705
0.0862256773763
0.085232113773
0.0834516050347
0.0824117714048
0.0820775370283
0.0822031753761
0.0821978903746
0.0813689601684
0.0808943744778
0.0804388793845
0.0798520863356
0.0800529929946
0.0797214494455
0.0804210605759
0.0801464291572
0.0810267618831
0.0807730851147
0.0801992241762
0.0787688608764
0.0776056373781
0.076942242157
0.0764078975488
0.0756706077212
0.0749046059234
0.0742051237374
0.0742947531867
0.0744992616862
0.0745280997548
0.0739646388173
0.0742491531479
0.0741880601597
0.0752301644663
0.074440328138
0.0747061543052
0.0740666231258
0.0744304436466
0.0735717978795
0.0733852303934
0.0719130937178
0.0713242062234
0.0705956632801
0.071152364905
0.071380065731
0.0712585778474
0.0708127371146
0.0713107812666
0.0714703005464
0.0715473594501
0.0707729305621
0.070359904209
0.0711043110595
0.0714851287623
0.0715843134647
0.0710561202114
0.0713684084153
0.0725400852313
0.0723970490262
0.071511988014
0.0704288744936
0.070019089949
0.0699705200105
0.0696567528566
0.069418955845
0.0695059265913
0.0698368524484
0.0704040034828
0.070717131297
0.0703456933815
0.0707070494378
0.0702699322384
0.0704107828519
0.0699951296743
0.0705119441301
0.0703746595046
0.0706256594372
0.0705199570385
0.0702274274009
0.0693704822784
0.068923563647
0.069268248695
0.069125083646
0.0679453991465
0.0678606475123
0.067726905257
0.0684883854889
0.0675760221695
0.0672540530272
0.0668121301805
0.0674086982862
0.0688747860296
0.0693016133937
0.0694544481348
0.0691414649212
0.070380742744
0.0712829979476
0.0712703880624
0.0702291691911
0.0692457941541
0.0686321812927
0.0689527046646
0.0681921111014
0.0682014616333
0.0674828849186
0.0685465272813
0.0680250148355
0.0678586784763
0.0669869423923
0.0673522818525
0.0675441326006
0.0683528287361
0.068098351553
0.0682570315926
0.0687312822245
0.0695313501637
0.0700260078216
0.0699758839377
0.0700932941804
0.070721467255
0.0711669262986
0.0723232281434
0.0719264175983
0.0714936619101
0.070673513636
0.0708630058783
0.0706923806663
0.0709344731394
0.0702492732071
0.0695790233316
0.0683949338027
0.0684020645442
0.0687799258851
0.0687931984114
0.0683532757913
0.0681865842652
0.0683486082554
0.0684960049039
0.0688144102022
0.0684421529997
0.0687629887243
0.068276271905
0.068682287392
0.0683160152764
0.0687794821322
0.0680042255213
0.0677764255324
0.0670988862808
0.0674121590838
0.0671511102928
0.0666504757031
0.0658703127803
0.0660735380063
0.0655420434306
0.066051041582
0.0646712895346
0.0654555296655
0.0646543748591
0.0659745405457
0.065220216156
0.066189462576
0.0659232100848
0.066708580668
0.0662031338769
0.0661018466434
0.0658822120915
0.065954776789
0.0666873866038
0.0671145205975
0.0684657347563
0.0687832718631
0.0690422947383
0.0685389451469
0.0690014223229
0.0691939338893
0.0702773495424
0.0706040875631
0.0716878949232
0.0721086374037
0.0731470161776
0.0740041477143
0.0752120656446
0.0759695249934
0.0773994878589
0.077813361523
0.0793559219801
0.0805551011717
0.0825582984676
0.0841662726994
0.0855056233078
0.086117815311
0.085928245514
0.0861122484894
0.0869438026498
0.0881854814041
0.0891804772528
0.0898043260539
0.0891836133467
0.0882563468114
0.0874733966385
0.0879435080009
0.0882808961011
0.0885926735848
0.0872504274239
0.0862468176589
0.0838363685755
0.0824129933372
0.0816361335503
0.08154476227
0.0814417783866
0.0790559739847
0.0772335037191
0.0747023934903
0.0735398503313
0.0728195468833
0.0727326186042
0.072227773254
0.0715488591248
0.0700446972852
0.0682704417935
0.0666509518416
0.0660944718261
0.0659788662138
0.0661343723214
0.0653019574024
0.0641751619496
0.061951936798
0.0602362702379
0.0596164124878
0.059570420616
0.0606852260383
0.0609998493252
0.0605871735025
0.0586645094158
0.0571581929119
0.0564767704576
0.0565950467686
0.0574720493229
0.0575671856206
0.0582483197002
0.0574002606555
0.0572672846965
0.0565653316316
0.0562014184795
0.0567906993395
0.0575739754232
0.059156145719
0.05926212073
0.0583161960861
0.0569620803098
0.0558334744845
0.0556160722846
0.0560952193456
0.0571701207392
0.0578421945983
0.0578276695935
0.0573552531095
0.0563374512359
0.055853250279
0.0553648427009
0.0564517108341
0.0564003991818
0.0570399222395
0.056626603766
0.0561540051671
0.0547531972825
0.0541003329312
0.0540504635113
0.054429705631
0.0547355160996
0.0554414728597
0.0556464281789
0.0552783844994
0.0540270890739
0.053237786878
0.0528805715771
0.0529779821726
0.0537744594474
0.0543269318261
0.0552284653577
0.0550164291864
0.0548070829156
0.0545627226427
0.0540462949987
0.054060896212
0.0542515843223
0.0551027102342
0.0560199090621
0.0560230832943
0.0559120273107
0.0555261509098
0.0550416157951
0.0547453956206
0.0544927597082
0.0545871826196
0.05504433148
0.0554223050477
0.0559474596988
0.0559933350723
0.0551908085626
0.0539334116488
0.0526723040457
0.0523539938755
0.0524886804475
0.0528001631505
0.0530176682533
0.0534209078627
0.0540422959061
0.0537582319707
0.0537290315683
0.053110435013
0.0529697536956
0.0523336553047
0.0521345558191
0.0524952411337
0.0531994654323
0.0534114215848
0.0537671304135
0.0535333822817
0.0538312756094
0.0530801130423
0.0534518820896
0.0529666669884
0.0537920632402
0.0534118154831
0.0539814754436
0.0545984747767
0.0550717801816
0.0553885116165
0.054937682701
0.0552403382134
0.0549224522986
0.0549840731281
0.0545522177041
0.0553986573839
0.0557944027981
0.0568125169441
0.0571739519931
0.0568525708608
0.0558773806803
0.0546551732484
0.0542880511228
0.0541573151291
0.053856757949
0.0537044042648
0.0544054951016
0.0547792357228
0.0556120671237
0.0549455363561
0.0555597544717
0.0551984536734
0.0559308795282
0.0549584468999
0.0553459090406
0.0555776064589
0.0574205616667
0.0587172277032
0.0598879330277
0.0607806947148
0.060969349379
0.0613105192833
0.0606191099418
0.0609525560849
0.0600478413209
0.0605761856827
0.0598361777226
0.0611369631314
0.0610681757942
0.0617435666158
0.0618896494553
0.0622887907356
0.061815095138
0.061141175547
0.060611675149
0.05984755108
0.0590235953806
0.0583661927608
0.0586050173641
0.0593191234727
0.0604515251738
0.0615978668861
0.061893349711
0.0617503134684
0.0615602895628
0.0614050660659
0.0614505364587
0.0607740848577
0.0601939311371
0.060058840648
0.060730347425
0.0613093083461
0.0620071664597
0.062457540977
0.0630818383441
0.0626739256354
0.0626958641115
0.062906754955
0.0633659879797
0.0640565889749
0.0638245477797
0.0641892175228
0.0645504912311
0.065658140287
0.0661997903496
0.0665725251635
0.0672628574709
0.0673804977355
0.0668713241223
0.0664959149457
0.0668546305504
0.0669842199588
0.0667111302374
0.0664090203783
0.0669102983329
0.0666714904615
0.0677061125478
0.0676307105262
0.0683080350421
0.0676032906582
0.0674824238921
0.0669770738507
0.0662065731515
0.0659168849233
0.0654958762882
0.0658263091732
0.0660726060452
0.0666105967179
0.0666364731973
0.066653056732
0.066962198404
0.0675952187114
0.0681539349838
0.0681899017637
0.0671823482378
0.0669510824174
0.0670808442986
0.0669892145944
0.0674230954766
0.0666928497866
0.0672202056199
0.0655847514469
0.0656658119665
0.0660439722053
0.0665570354047
0.0665502995488
0.0663789669013
0.0667166899877
0.0660389556747
0.0654834233428
0.065293517317
0.0647706875666
0.0645774482595
0.0643024318435
0.0636195327478
0.0621993707494
0.0609830837666
0.0611082963358
0.06042332552
0.0586078143279
0.0574046136566
0.0563545467765
0.0565610267668
0.0559084996144
0.0555017790757
0.0544372677432
0.0539914206598
0.0533158173074
0.0524055234353
0.0513751321699
0.0505314998835
0.0506223882929
END
