380.3
381.1
381.9
382.7
383.5
384.4
385.2
386.0
386.8
387.6
388.4
389.2
390.1
390.9
391.7
392.5
393.3
394.1
394.9
395.8
396.6
397.4
398.2
399.0
399.8
400.6
401.5
402.3
403.1
403.9
404.7
405.5
406.3
407.2
408.0
408.8
409.6
410.4
411.2
412.0
412.8
413.7
414.5
415.3
416.1
416.9
417.7
418.5
419.4
420.2
421.0
421.8
422.6
423.4
424.2
425.1
425.9
426.7
427.5
428.3
429.1
429.9
430.8
431.6
432.4
433.2
434.0
434.8
435.6
436.4
437.3
438.1
438.9
439.7
440.5
441.3
442.1
443.0
443.8
444.6
445.4
446.2
447.0
447.8
448.7
449.5
450.3
451.1
451.9
452.7
453.5
454.4
455.2
456.0
456.8
457.6
458.4
459.2
460.0
460.9
461.7
462.5
463.3
464.1
464.9
465.7
466.6
467.4
468.2
469.0
469.8
470.6
471.4
472.3
473.1
473.9
474.7
475.5
476.3
477.1
478.0
478.8
479.6
480.4
481.2
482.0
482.8
483.6
484.5
485.3
486.1
486.9
487.7
488.5
489.3
490.2
491.0
491.8
492.6
493.4
494.2
495.0
495.9
496.7
497.5
498.3
499.1
499.9
500.7
501.6
502.4
503.2
504.0
504.8
505.6
506.4
507.2
508.1
508.9
509.7
510.5
511.3
512.1
512.9
513.7
514.5
515.3
516.1
516.8
517.6
518.4
519.2
520.0
520.8
521.5
522.3
523.1
523.9
524.7
525.5
526.2
527.0
527.8
528.6
529.4
530.2
530.9
531.7
532.5
533.3
534.1
534.9
535.6
536.4
537.2
538.0
538.8
539.6
540.3
541.1
541.9
542.7
543.5
544.3
545.0
545.8
546.6
547.4
548.2
549.0
549.7
550.5
551.3
552.1
552.9
553.7
554.4
555.2
556.0
556.8
557.6
558.4
559.1
559.9
560.7
561.5
562.3
563.1
563.8
564.6
565.4
566.2
567.0
567.8
568.5
569.3
570.1
570.9
571.7
572.5
573.2
574.0
574.8
575.6
576.4
577.2
577.9
578.7
579.5
580.3
581.1
581.9
582.6
583.4
584.2
585.0
585.8
586.6
587.3
588.1
588.9
589.6
590.3
591.1
591.8
592.6
593.3
594.0
594.8
595.5
596.3
597.0
597.7
598.5
599.2
600.0
600.7
601.5
602.2
602.9
603.7
604.4
605.2
605.9
606.6
607.4
608.1
608.9
609.6
610.3
611.1
611.8
612.6
613.3
614.0
614.8
615.5
616.3
617.0
617.7
618.5
619.2
620.0
620.7
621.4
622.2
622.9
623.7
624.4
625.2
625.9
626.6
627.4
628.1
628.9
629.6
630.3
631.1
631.8
632.6
633.3
634.0
634.8
635.5
636.3
637.0
637.7
638.5
639.2
640.0
640.7
641.4
642.2
642.9
643.7
644.4
645.1
645.9
646.6
647.4
648.1
648.8
649.6
650.3
651.1
651.8
652.6
653.3
654.0
654.8
655.5
656.3
657.0
657.7
658.5
659.2
660.0
660.7
661.4
662.2
662.9
663.7
664.4
665.1
665.9
666.6
667.4
668.1
668.9
669.6
670.4
671.2
671.9
672.7
673.4
674.2
674.9
675.7
676.5
677.2
678.0
678.7
679.5
680.2
681.0
681.8
682.5
683.3
684.0
684.8
685.5
686.3
687.1
687.8
688.6
689.3
690.1
690.8
691.6
692.4
693.1
693.9
694.6
695.4
696.1
696.9
697.7
698.4
699.2
699.9
700.7
701.4
702.2
703.0
703.7
704.5
705.2
706.0
706.8
707.6
708.4
709.2
710.0
710.8
711.6
712.4
713.2
714.0
714.8
715.6
716.4
717.2
718.0
718.8
719.6
720.4
721.2
722.0
722.8
723.6
724.4
725.2
726.0
726.8
727.6
728.4
729.2
730.0
730.8
731.6
732.4
733.2
734.0
734.8
735.6
736.4
737.2
738.0
738.8
739.6
740.4
741.2
742.0
742.8
743.6
744.4
745.2
746.0
746.8
747.6
748.4
749.2
750.0
750.8
751.6
752.4
753.2
754.0
754.8
755.6
756.4
757.2
758.0
758.8
759.6
760.4
761.2
762.0
762.8
763.6
764.4
765.2
766.0
766.8
767.6
768.4
769.2
770.0
770.8
771.6
772.4
773.2
774.1
774.9
775.7
776.5
777.3
778.1
778.9
779.7
780.5
781.3
782.1
782.9
783.7
784.5
785.3
786.1
786.9
787.7
788.5
789.3
790.1
790.9
791.7
792.5
793.3
794.1
794.9
795.7
796.5
797.3
798.1
798.9
799.7
800.5
801.3
802.1
802.9
803.7
804.5
805.3
806.1
806.9
807.7
808.5
809.3
810.1
810.9
811.7
812.5
813.3
814.1
814.9
815.7
816.5
817.3
818.1
818.9
819.7
820.5
821.3
822.1
822.9
823.7
824.5
825.3
826.1
826.9
827.7
828.5
829.3
830.1
830.9
831.7
832.6
833.4
834.3
835.1
835.9
836.8
837.6
838.5
839.3
840.2
841.0
841.9
842.7
843.5
844.4
845.2
846.1
846.9
847.8
848.6
849.4
850.3
851.1
852.0
852.8
853.7
854.5
855.3
856.2
857.0
857.9
858.7
859.6
860.4
861.3
862.1
862.9
863.8
864.6
865.5
866.3
867.2
868.0
868.8
869.7
870.5
871.4
872.2
873.1
873.9
874.8
875.6
876.4
877.3
878.1
879.0
879.8
880.7
881.5
882.3
883.2
884.0
884.9
885.7
886.6
887.4
888.2
889.1
889.9
890.8
891.6
892.5
893.3
894.2
895.0
895.8
896.7
897.5
898.4
899.2
NEXT_SERIES
0.245070339694
0.251504756174
0.258034049771
0.260217050377
0.259351252301
0.26579852572
0.273642136813
0.2857116666
0.296579112624
0.311117245994
0.329119925544
0.348695695394
0.369502847181
0.38982861426
0.407046452858
0.425454563687
0.439984803405
0.455747377395
0.465378822024
0.473282838145
0.476502109712
0.477337325361
0.474446395698
0.469896100366
0.460875249401
0.452941579944
0.444195834052
0.437213504451
0.429286751998
0.422820528109
0.418397993637
0.414335094469
0.410421900993
0.40927644632
0.407671226929
0.407263102937
0.406742682996
0.407484483163
0.408718399233
0.409219731401
0.412255033045
0.41513422891
0.419436870303
0.421959235453
0.425050182861
0.426883536564
0.429548865473
0.431288801282
0.434009210504
0.436660358499
0.439189310077
0.440488818668
0.441042612482
0.441950566201
0.442928637717
0.443945812597
0.444923047815
0.446794742969
0.447276285642
0.448365103645
0.447274438588
0.447880032298
0.447303785078
0.446548006756
0.444623218229
0.443048944781
0.44248447376
0.442097577293
0.441147734263
0.439607381314
0.438017992458
0.435626408615
0.433142400357
0.430280412707
0.427235095494
0.424415931754
0.420628661554
0.417923195899
0.415504852846
0.413743106936
0.411360568361
0.408337177853
0.405799405476
0.403375519948
0.40027734604
0.395977216176
0.39264151478
0.388848377168
0.388201847603
0.385467980028
0.383848938083
0.379968594473
0.377061806649
0.374006619065
0.371078384547
0.368036440047
0.36494530561
0.361747186965
0.358705581746
0.355244552812
0.353235099137
0.351103547771
0.349213224057
0.34734791613
0.346072480268
0.343925416457
0.341743779826
0.339172663276
0.338482026503
0.336468661542
0.334815376927
0.333517044111
0.331371849763
0.330563000046
0.328847054145
0.329864118849
0.328988789506
0.328664924139
0.327863174236
0.326261778021
0.324680230742
0.322931871185
0.323254648776
0.322575252642
0.323039151827
0.322932966396
0.324923632532
0.323627176902
0.323213916738
0.322857251923
0.322511550795
0.322418520581
0.320715029752
0.320139869287
0.318780366213
0.318571230055
0.318610542488
0.319640400518
0.319633523573
0.320565833766
0.319497519551
0.320221110089
0.318926769896
0.31855711862
0.31833192859
0.317844993012
0.317719534256
0.31709539284
0.317397980772
0.317872518145
0.31624430525
0.314797674107
0.31197070269
0.30981880663
0.306414074617
0.303043152618
0.30061810421
0.29811721102
0.296069590291
0.293320583599
0.292424847194
0.290247728332
0.287532668429
0.284803141054
0.281582532994
0.278401009147
0.274088120028
0.271237356317
0.267560493166
0.264173564903
0.26072822878
0.258437426082
0.255299965588
0.252134778065
0.249518281688
0.247150776155
0.245211009707
0.243058804607
0.242512483943
0.240902101902
0.23941054166
0.237677907663
0.23721968851
0.236433606408
0.234237595559
0.231260523139
0.227973229718
0.225240707808
0.222515135823
0.22089980086
0.219562252019
0.21871140868
0.217917057919
0.21738271223
0.216681840178
0.216140785806
0.21557682903
0.216017758611
0.215673862924
0.215833851528
0.214662621911
0.214897969823
0.214106627216
0.213546592725
0.211559792701
0.209224260335
0.20837141469
0.207166275699
0.206204346463
0.204311416988
0.202919690047
0.201943941071
0.201201584967
0.200558495749
0.200727305089
0.200968219247
0.200992634722
0.201364203187
0.200804625965
0.200904448811
0.199984929147
0.199470595958
0.198411503073
0.197465209933
0.196525607995
0.195854244448
0.194764516909
0.194400595596
0.193450408728
0.193350562064
0.192681488377
0.193059220586
0.193186414153
0.193177840322
0.193518454641
0.192777357682
0.192659467342
0.191997385216
0.192329995571
0.192415496555
0.192573831373
0.192613662212
0.192378809827
0.191923297254
0.191684405992
0.191033517488
0.190536079466
0.189321035021
0.18905290776
0.18917435143
0.18931777543
0.189591155893
0.189049486762
0.189595645252
0.191151810487
0.191597532573
0.192274991561
0.190710290779
0.190792337337
0.189993588697
0.189641870198
0.189074099639
0.188174299313
0.187807707341
0.187218643102
0.187828974922
0.187026849886
0.185815156994
0.184490889206
0.184292957277
0.184596674852
0.183874456683
0.183308658891
0.183449264955
0.184227571889
0.186112331501
0.186438328627
0.187266144604
0.18692891952
0.18836423356
0.189259178742
0.189574949417
0.189107217261
0.188189650949
0.188084939507
0.187605208011
0.186193716305
0.185213855266
0.183796238697
0.184761650754
0.184046980361
0.18434888506
0.182971065506
0.18335344559
0.182735144832
0.184473274054
0.184634677945
0.185949448691
0.186312278024
0.187376846358
0.188999627741
0.18984951553
0.190952132151
0.191501943088
0.192138728696
0.193489605085
0.19339458531
0.192652067799
0.191290623589
0.190763662539
0.190844417548
0.191114319525
0.190014606859
0.188769129328
0.186645483748
0.186178938145
0.186471562353
0.186585028818
0.185806108098
0.184743961909
0.184663781174
0.184744769049
0.185577339207
0.18466872825
0.185597169373
0.183987437016
0.184664009287
0.183650846761
0.184972288131
0.183769329022
0.184274312786
0.182539645242
0.182945887908
0.181537563516
0.181333531975
0.179009836664
0.178969717634
0.176636885517
0.178388122908
0.176417126189
0.178519573934
0.177494709724
0.17955327883
0.178822093857
0.180090208915
0.179534472622
0.181095383752
0.181200421188
0.182061441546
0.18197735729
0.181790165366
0.18320539204
0.184213092908
0.18686163226
0.187623402332
0.189023965692
0.18896129292
0.189920161704
0.190530491258
0.193478611751
0.195004409859
0.197959475025
0.198495003593
0.201677934952
0.204564531158
0.209342480577
0.212584945232
0.215382788102
0.216658801675
0.219446277791
0.222404979039
0.22668421374
0.230973906982
0.234634985601
0.236581131879
0.236963658527
0.2376289896
0.239765204207
0.242985090536
0.246080384498
0.247463163951
0.246439984047
0.244315991549
0.242546665171
0.241953433446
0.242160627579
0.242440016406
0.240236318935
0.236808886628
0.231792320492
0.22812940907
0.227076917816
0.225211420349
0.223273559445
0.21697093718
0.213004974376
0.207232590679
0.204129926178
0.20178390697
0.200333999654
0.198593115762
0.194546810741
0.191510376106
0.186578695732
0.183306833446
0.180728601084
0.180639185139
0.181061626403
0.179430353449
0.176537712885
0.17078480209
0.167322364291
0.165170781914
0.165866269358
0.166851094487
0.167072540707
0.165996889694
0.162696736534
0.160326481541
0.158440828332
0.158604153174
0.15935329089
0.159780433957
0.160780061765
0.159015009523
0.157914415531
0.156193007975
0.156098204354
0.157134062339
0.158539766982
0.160591210817
0.160366286377
0.159133528581
0.157229359406
0.155741471385
0.154946976665
0.155478467279
0.15768375581
0.159197473925
0.159800070159
0.158183251827
0.155990908241
0.153956156869
0.153510671591
0.154725920639
0.155738529648
0.156770007631
0.156359114584
0.154845468308
0.152848439824
0.151247953168
0.150865062915
0.150731767603
0.151535823032
0.152074754378
0.152686601248
0.151885651036
0.150635653451
0.149609387887
0.149213535521
0.149543902804
0.149959696735
0.150900550682
0.151778798989
0.151472390684
0.15038578307
0.149304832709
0.14853996878
0.148837667188
0.149440004677
0.151095063453
0.152923506167
0.153568276792
0.153627231255
0.152989789877
0.152061273069
0.150394105621
0.149094040962
0.149029112452
0.150504517491
0.151534287444
0.152151453315
0.15196190456
0.151027580021
0.149442392966
0.147166137311
0.146425758805
0.14612842265
0.147576688744
0.148019886125
0.148503265911
0.148195436699
0.147664630091
0.147625397754
0.146746642156
0.145642373799
0.144626280013
0.144204111262
0.145913227033
0.147415135967
0.148725280161
0.148472103844
0.147794094017
0.147667024706
0.14679773731
0.147051553642
0.146082296696
0.147265037134
0.147804323224
0.149306579481
0.150587541325
0.150965943485
0.15192685684
0.151273681005
0.15102692041
0.149886652291
0.149836600724
0.150658374899
0.1519102591
0.152397985957
0.153575724727
0.153987154093
0.154700979108
0.152759514393
0.150861201172
0.148815474436
0.148871558097
0.148458643079
0.148438413643
0.149127527862
0.14973734328
0.151011077577
0.149672137737
0.150498916134
0.149996633974
0.150738061097
0.150503506903
0.151606981445
0.153722950939
0.155374559488
0.157706187046
0.159057831221
0.161412253326
0.162533953727
0.162755302
0.161753638029
0.161961600971
0.162416945102
0.16375218508
0.163037841769
0.16391962888
0.16393725575
0.165016546579
0.165067925765
0.16579592339
0.164527300474
0.163080694834
0.160911199211
0.159122345668
0.157864968425
0.157121792657
0.15731770152
0.158571893562
0.159519223819
0.161588861568
0.161728374607
0.16252034507
0.162062905079
0.161616695044
0.161546268857
0.160284106392
0.159721235949
0.158598176792
0.159544952836
0.160909612507
0.16268284796
0.164100244455
0.165076930705
0.16509776265
0.164758221141
0.164433844424
0.164992897979
0.166052262732
0.166544003113
0.167410437413
0.168759263898
0.170827396988
0.171916941633
0.172611087182
0.173627805076
0.174319860603
0.173636773473
0.1728708513
0.171896587292
0.172001511991
0.170927119481
0.170583074433
0.170273296606
0.170640061929
0.171492226303
0.171722420063
0.17223774515
0.171498761903
0.170285051822
0.169347247929
0.168140610158
0.16778372194
0.166472963339
0.166444378299
0.167027478896
0.167427938135
0.16763675899
0.167684060799
0.168527637017
0.169000206895
0.168765625705
0.167990073127
0.166565294872
0.16657729369
0.166312765324
0.165865706357
0.165760139847
0.165409592183
0.166687049296
0.16617968152
0.165431378496
0.165029435553
0.164822766264
0.166294979948
0.166500033246
0.166482595638
0.16663259174
0.165467470578
0.164955357116
0.162508204868
0.162202835658
0.160613293547
0.159623677407
0.157594276175
0.155590273337
0.153274917996
0.151236646325
0.149717021991
0.14888467213
0.147501957683
0.14498842639
0.143527408366
0.140491641049
0.13965373591
0.137830235451
0.137756451837
0.135845391138
0.134096758589
0.132820367944
0.132273701533
END
