380.3
381.1
381.9
382.7
383.5
384.4
385.2
386.0
386.8
387.6
388.4
389.2
390.1
390.9
391.7
392.5
393.3
394.1
394.9
395.8
396.6
397.4
398.2
399.0
399.8
400.6
401.5
402.3
403.1
403.9
404.7
405.5
406.3
407.2
408.0
408.8
409.6
410.4
411.2
412.0
412.8
413.7
414.5
415.3
416.1
416.9
417.7
418.5
419.4
420.2
421.0
421.8
422.6
423.4
424.2
425.1
425.9
426.7
427.5
428.3
429.1
429.9
430.8
431.6
432.4
433.2
434.0
434.8
435.6
436.4
437.3
438.1
438.9
439.7
440.5
441.3
442.1
443.0
443.8
444.6
445.4
446.2
447.0
447.8
448.7
449.5
450.3
451.1
451.9
452.7
453.5
454.4
455.2
456.0
456.8
457.6
458.4
459.2
460.0
460.9
461.7
462.5
463.3
464.1
464.9
465.7
466.6
467.4
468.2
469.0
469.8
470.6
471.4
472.3
473.1
473.9
474.7
475.5
476.3
477.1
478.0
478.8
479.6
480.4
481.2
482.0
482.8
483.6
484.5
485.3
486.1
486.9
487.7
488.5
489.3
490.2
491.0
491.8
492.6
493.4
494.2
495.0
495.9
496.7
497.5
498.3
499.1
499.9
500.7
501.6
502.4
503.2
504.0
504.8
505.6
506.4
507.2
508.1
508.9
509.7
510.5
511.3
512.1
512.9
513.7
514.5
515.3
516.1
516.8
517.6
518.4
519.2
520.0
520.8
521.5
522.3
523.1
523.9
524.7
525.5
526.2
527.0
527.8
528.6
529.4
530.2
530.9
531.7
532.5
533.3
534.1
534.9
535.6
536.4
537.2
538.0
538.8
539.6
540.3
541.1
541.9
542.7
543.5
544.3
545.0
545.8
546.6
547.4
548.2
549.0
549.7
550.5
551.3
552.1
552.9
553.7
554.4
555.2
556.0
556.8
557.6
558.4
559.1
559.9
560.7
561.5
562.3
563.1
563.8
564.6
565.4
566.2
567.0
567.8
568.5
569.3
570.1
570.9
571.7
572.5
573.2
574.0
574.8
575.6
576.4
577.2
577.9
578.7
579.5
580.3
581.1
581.9
582.6
583.4
584.2
585.0
585.8
586.6
587.3
588.1
588.9
589.6
590.3
591.1
591.8
592.6
593.3
594.0
594.8
595.5
596.3
597.0
597.7
598.5
599.2
600.0
600.7
601.5
602.2
602.9
603.7
604.4
605.2
605.9
606.6
607.4
608.1
608.9
609.6
610.3
611.1
611.8
612.6
613.3
614.0
614.8
615.5
616.3
617.0
617.7
618.5
619.2
620.0
620.7
621.4
622.2
622.9
623.7
624.4
625.2
625.9
626.6
627.4
628.1
628.9
629.6
630.3
631.1
631.8
632.6
633.3
634.0
634.8
635.5
636.3
637.0
637.7
638.5
639.2
640.0
640.7
641.4
642.2
642.9
643.7
644.4
645.1
645.9
646.6
647.4
648.1
648.8
649.6
650.3
651.1
651.8
652.6
653.3
654.0
654.8
655.5
656.3
657.0
657.7
658.5
659.2
660.0
660.7
661.4
662.2
662.9
663.7
664.4
665.1
665.9
666.6
667.4
668.1
668.9
669.6
670.4
671.2
671.9
672.7
673.4
674.2
674.9
675.7
676.5
677.2
678.0
678.7
679.5
680.2
681.0
681.8
682.5
683.3
684.0
684.8
685.5
686.3
687.1
687.8
688.6
689.3
690.1
690.8
691.6
692.4
693.1
693.9
694.6
695.4
696.1
696.9
697.7
698.4
699.2
699.9
700.7
701.4
702.2
703.0
703.7
704.5
705.2
706.0
706.8
707.6
708.4
709.2
710.0
710.8
711.6
712.4
713.2
714.0
714.8
715.6
716.4
717.2
718.0
718.8
719.6
720.4
721.2
722.0
722.8
723.6
724.4
725.2
726.0
726.8
727.6
728.4
729.2
730.0
730.8
731.6
732.4
733.2
734.0
734.8
735.6
736.4
737.2
738.0
738.8
739.6
740.4
741.2
742.0
742.8
743.6
744.4
745.2
746.0
746.8
747.6
748.4
749.2
750.0
750.8
751.6
752.4
753.2
754.0
754.8
755.6
756.4
757.2
758.0
758.8
759.6
760.4
761.2
762.0
762.8
763.6
764.4
765.2
766.0
766.8
767.6
768.4
769.2
770.0
770.8
771.6
772.4
773.2
774.1
774.9
775.7
776.5
777.3
778.1
778.9
779.7
780.5
781.3
782.1
782.9
783.7
784.5
785.3
786.1
786.9
787.7
788.5
789.3
790.1
790.9
791.7
792.5
793.3
794.1
794.9
795.7
796.5
797.3
798.1
798.9
799.7
800.5
801.3
802.1
802.9
803.7
804.5
805.3
806.1
806.9
807.7
808.5
809.3
810.1
810.9
811.7
812.5
813.3
814.1
814.9
815.7
816.5
817.3
818.1
818.9
819.7
820.5
821.3
822.1
822.9
823.7
824.5
825.3
826.1
826.9
827.7
828.5
829.3
830.1
830.9
831.7
832.6
833.4
834.3
835.1
835.9
836.8
837.6
838.5
839.3
840.2
841.0
841.9
842.7
843.5
844.4
845.2
846.1
846.9
847.8
848.6
849.4
850.3
851.1
852.0
852.8
853.7
854.5
855.3
856.2
857.0
857.9
858.7
859.6
860.4
861.3
862.1
862.9
863.8
864.6
865.5
866.3
867.2
868.0
868.8
869.7
870.5
871.4
872.2
873.1
873.9
874.8
875.6
876.4
877.3
878.1
879.0
879.8
880.7
881.5
882.3
883.2
884.0
884.9
885.7
886.6
887.4
888.2
889.1
889.9
890.8
891.6
892.5
893.3
894.2
895.0
895.8
896.7
897.5
898.4
899.2
NEXT_SERIES
0.324967641071
0.327578435619
0.332128306718
0.337886154948
0.344692765882
0.354882952737
0.364041048362
0.374556036364
0.386679383731
0.402343486905
0.419497314061
0.438521903055
0.457649047976
0.479034892815
0.497620789665
0.517709291274
0.535358374416
0.551331061747
0.563419459071
0.574165896528
0.580745662531
0.582931637124
0.581094416095
0.577224505216
0.571285220289
0.563168529261
0.554760727051
0.546274650508
0.536969850115
0.529446249963
0.523082515607
0.518351242406
0.514895370208
0.513917374192
0.51336867324
0.512817120869
0.51236646849
0.512471514817
0.513826070347
0.515033083221
0.517385020774
0.520366755884
0.524193164827
0.528080115235
0.530472139444
0.532452422943
0.536252911687
0.540062177405
0.544592487188
0.547388898182
0.550174437864
0.551507274378
0.553186642919
0.554439758778
0.555589049348
0.556813281535
0.558660956219
0.560824828889
0.561864515596
0.561804490338
0.561981938869
0.562182571591
0.562064272061
0.561773249497
0.559332280276
0.558938321356
0.557236897047
0.556883575346
0.5548010847
0.552327873489
0.549371031026
0.546581176686
0.544346296009
0.543339563876
0.540455828871
0.535525250102
0.531216915204
0.527828811378
0.525806604278
0.522558607991
0.518711470809
0.515746158423
0.511534046981
0.508349316063
0.503359567866
0.498929645073
0.494938637569
0.492104829268
0.489503827485
0.486656139604
0.483799092205
0.480745744809
0.476846299817
0.474262013661
0.471416544208
0.467772971303
0.462949439554
0.458685298639
0.455428631547
0.452361597903
0.449859590326
0.445946720019
0.44284362978
0.439613484778
0.438979296416
0.43758735616
0.435744840132
0.433371227225
0.430157134146
0.427782992938
0.426072540094
0.425224191109
0.423353413601
0.421825233339
0.420169638145
0.419164574976
0.418156106318
0.417318415322
0.41660234672
0.414875009812
0.413295373897
0.411936958424
0.412149451126
0.411545068383
0.411191591583
0.4100584931
0.410850863298
0.411605528184
0.411591081082
0.411326617727
0.410280285569
0.40990779072
0.407847851002
0.406873326293
0.406304910206
0.407101357883
0.406726907502
0.407211194943
0.406009284233
0.407130132255
0.405161519273
0.40596442867
0.405008300866
0.405262095055
0.404218598563
0.403684497247
0.402751401332
0.402861950656
0.401950923313
0.402616222636
0.400907031481
0.399549001789
0.396910231995
0.393264022858
0.389199267642
0.384721594016
0.381915174631
0.37891500022
0.375332783792
0.370970146197
0.367993725202
0.36487451632
0.362455877126
0.359465163124
0.355507673559
0.350999894127
0.346217301929
0.342833787691
0.337962060581
0.333149135502
0.328548989699
0.326301394176
0.322779578164
0.319424147055
0.315927813248
0.313662167521
0.311155498428
0.308404327433
0.306569228948
0.305332595128
0.30403816639
0.302286287298
0.300924578389
0.299723618956
0.297249635008
0.29444334806
0.290771508035
0.288152393924
0.285047114573
0.283106094514
0.281143532088
0.280079081641
0.279977359661
0.278923699305
0.277523803159
0.275608575145
0.274955773935
0.274913795054
0.274625703414
0.274228131645
0.273449646509
0.273324128532
0.272446398941
0.271087825583
0.269049481521
0.267356394238
0.266129149177
0.26442340263
0.262260858215
0.260136421265
0.25895257277
0.257941259302
0.257114868547
0.256375178532
0.256506228375
0.257030001798
0.256609438901
0.256553118371
0.256359615365
0.256532547252
0.255713900784
0.254424929946
0.253458263839
0.25305009941
0.251458577947
0.249772216341
0.248017662851
0.248079856854
0.24750055151
0.247587843105
0.246712908809
0.247178759294
0.246740722234
0.246753269568
0.246614077034
0.245903312609
0.245845141797
0.245576225029
0.246465168974
0.246418980308
0.247293681735
0.246811685178
0.246217910421
0.244280317366
0.244279625375
0.244186970974
0.243859073815
0.242110159455
0.240539217004
0.241140705735
0.24192451203
0.243250161499
0.242834014712
0.242363181292
0.242980589969
0.243182028084
0.244175081239
0.243712380666
0.243705949379
0.243340078197
0.243007718234
0.242958007482
0.241739256301
0.241327715607
0.240130942946
0.240447969418
0.23916410281
0.237585708047
0.236406240973
0.235662958351
0.236051186908
0.234984911678
0.235146796568
0.235564026594
0.237086498625
0.238861402909
0.238962805999
0.239192372826
0.23912852878
0.240808983045
0.242426162708
0.242378362629
0.241908127154
0.240256518857
0.240403891112
0.239524352896
0.238359759817
0.237485966184
0.236648452022
0.237784897711
0.236639759016
0.235962206726
0.234117139976
0.234864282939
0.234925468644
0.236988572705
0.236523106185
0.237285445939
0.237508238566
0.239286770072
0.241430922332
0.242565048391
0.243174777852
0.244293842059
0.244777444628
0.24595332622
0.24582730038
0.245397979064
0.244887473696
0.24413821279
0.243774197333
0.243810231241
0.242854373366
0.241561100518
0.239583005788
0.238535098867
0.238537722884
0.238290644735
0.238001468978
0.237209982663
0.237301853115
0.236728250035
0.237788978641
0.236450374749
0.237089804114
0.235449772997
0.235937034995
0.235498793724
0.236094259027
0.234809074227
0.234734780056
0.233434647624
0.23378692767
0.232207372196
0.23205801422
0.229994156312
0.230464174005
0.228106490478
0.229370934424
0.22745901141
0.228847390114
0.227542828189
0.229585255845
0.229876560273
0.231804049296
0.231429707135
0.232993906091
0.232738217829
0.233597844145
0.233356898547
0.233736496306
0.235321603219
0.236965597956
0.240330589836
0.241353330585
0.243025427881
0.24238632858
0.243661424795
0.244429556397
0.248664905038
0.251504039628
0.255295930489
0.256940267772
0.26043868358
0.263467273233
0.268065838318
0.272187904089
0.276645320193
0.279356464794
0.282851241184
0.28687363218
0.292369230332
0.297671106935
0.301541776562
0.304492929231
0.304996827305
0.306789559033
0.308586978857
0.312425579438
0.315336568476
0.317455690148
0.316903457368
0.315281779127
0.312825112329
0.311931049523
0.311532057299
0.311344231172
0.308755643615
0.305006737527
0.299984218432
0.294472276929
0.291547737473
0.287910253882
0.286661859779
0.280114896333
0.274672158894
0.266787493193
0.261807197504
0.258886623339
0.256963017282
0.254741570951
0.249882079004
0.245339136538
0.239426137966
0.2352124673
0.232082761794
0.231547708636
0.231576739881
0.229388382214
0.226242557145
0.220341722863
0.216463832233
0.213182790259
0.213291118017
0.214257072329
0.214549460604
0.212978350585
0.209287016799
0.207063066078
0.205091589435
0.20480598174
0.20551954234
0.205739535529
0.207029184159
0.205317624063
0.203981461495
0.201533977169
0.20060026424
0.202105169618
0.203685722837
0.206254308843
0.205847926591
0.204479713751
0.202313663749
0.200626977551
0.200274024271
0.200323090099
0.202861476218
0.203879333551
0.204130472441
0.202475764968
0.20075000274
0.199502348589
0.198484088386
0.199132206695
0.199796759661
0.200734040564
0.200822329736
0.198802761482
0.19655580143
0.194270150868
0.193923200031
0.193763890419
0.194893609243
0.196164387107
0.1969507002
0.195920861715
0.194821003009
0.193404813577
0.192693002981
0.192227164512
0.192713802614
0.194055494464
0.195414550376
0.195852053534
0.195253231941
0.193825893291
0.192766854305
0.192689699799
0.19337750048
0.195123704049
0.197122151974
0.197756664412
0.197409075211
0.196100778749
0.195111705887
0.193764197504
0.192590389818
0.19247132496
0.193698437713
0.194376462255
0.195506827217
0.195246011679
0.194820876277
0.192271938987
0.189482476472
0.188238157483
0.188325647699
0.189708411493
0.19001488246
0.190455631185
0.191207423949
0.190884338105
0.190507066868
0.189097746855
0.188389882647
0.187620822707
0.186937930059
0.187956038572
0.189396094934
0.190338613225
0.190245590512
0.189808377548
0.190789814569
0.189546924814
0.18924077524
0.187879197333
0.189541936875
0.190127340242
0.191169010504
0.192876879916
0.193780399189
0.195273446999
0.194233526862
0.194026027052
0.193058319173
0.193742740982
0.194264545287
0.195287596612
0.195762379574
0.198003275477
0.19837806198
0.198875458778
0.196121774174
0.194738457155
0.192350282196
0.192101139495
0.191683309801
0.192159512965
0.192594217259
0.193161587326
0.194383656927
0.194093440029
0.194367365887
0.193609679415
0.193748831304
0.193215546831
0.1942259064
0.19639566315
0.199347922287
0.202413299902
0.205058613385
0.207839665807
0.208227417128
0.208362273377
0.207491352439
0.208751838667
0.208336651461
0.208547694073
0.207488524671
0.20891434049
0.210058991005
0.211371000645
0.211104718255
0.210945909249
0.209317719778
0.20884693178
0.206609177483
0.204729691189
0.202193634995
0.201558917906
0.201403332107
0.202250220676
0.203780094837
0.206125708481
0.207580693518
0.207597272324
0.206870424408
0.20607057531
0.20607641886
0.20554629068
0.204135467819
0.203514196341
0.204087299531
0.20558106548
0.206668880284
0.208718719467
0.210540502155
0.210568115781
0.210076430937
0.209444468936
0.209649301841
0.210041061586
0.210511520668
0.212358371008
0.213837636531
0.215597285327
0.216876064233
0.218458723344
0.219951908879
0.220049844161
0.218879493803
0.218391122397
0.217277887222
0.216899637011
0.215901409813
0.216494187921
0.216594435663
0.216456230883
0.216716267743
0.217086948232
0.217429598745
0.216565501958
0.215258540175
0.213886084041
0.212521154677
0.211711360005
0.211290740202
0.211019046328
0.211028484106
0.21093940004
0.211624158774
0.212238393969
0.213484089291
0.213557212914
0.213094535095
0.21254367673
0.211828317702
0.211634193675
0.211212762882
0.210932516503
0.211059521719
0.210803274831
0.210338039763
0.209681297163
0.208675607974
0.209293732155
0.209573262154
0.210207695674
0.210392929451
0.211029825497
0.211252644947
0.209911928967
0.208795440021
0.205730035925
0.206247117341
0.203622328528
0.202881058315
0.199365459828
0.197654806388
0.195641800057
0.194205670361
0.192371653134
0.190799848594
0.188100171118
0.185640516492
0.183302140641
0.181190136941
0.179494557274
0.178554108059
0.177958103989
0.17742331956
0.175585524181
0.173635717234
0.171758539307
END
