380.3
381.1
381.9
382.7
383.5
384.4
385.2
386.0
386.8
387.6
388.4
389.2
390.1
390.9
391.7
392.5
393.3
394.1
394.9
395.8
396.6
397.4
398.2
399.0
399.8
400.6
401.5
402.3
403.1
403.9
404.7
405.5
406.3
407.2
408.0
408.8
409.6
410.4
411.2
412.0
412.8
413.7
414.5
415.3
416.1
416.9
417.7
418.5
419.4
420.2
421.0
421.8
422.6
423.4
424.2
425.1
425.9
426.7
427.5
428.3
429.1
429.9
430.8
431.6
432.4
433.2
434.0
434.8
435.6
436.4
437.3
438.1
438.9
439.7
440.5
441.3
442.1
443.0
443.8
444.6
445.4
446.2
447.0
447.8
448.7
449.5
450.3
451.1
451.9
452.7
453.5
454.4
455.2
456.0
456.8
457.6
458.4
459.2
460.0
460.9
461.7
462.5
463.3
464.1
464.9
465.7
466.6
467.4
468.2
469.0
469.8
470.6
471.4
472.3
473.1
473.9
474.7
475.5
476.3
477.1
478.0
478.8
479.6
480.4
481.2
482.0
482.8
483.6
484.5
485.3
486.1
486.9
487.7
488.5
489.3
490.2
491.0
491.8
492.6
493.4
494.2
495.0
495.9
496.7
497.5
498.3
499.1
499.9
500.7
501.6
502.4
503.2
504.0
504.8
505.6
506.4
507.2
508.1
508.9
509.7
510.5
511.3
512.1
512.9
513.7
514.5
515.3
516.1
516.8
517.6
518.4
519.2
520.0
520.8
521.5
522.3
523.1
523.9
524.7
525.5
526.2
527.0
527.8
528.6
529.4
530.2
530.9
531.7
532.5
533.3
534.1
534.9
535.6
536.4
537.2
538.0
538.8
539.6
540.3
541.1
541.9
542.7
543.5
544.3
545.0
545.8
546.6
547.4
548.2
549.0
549.7
550.5
551.3
552.1
552.9
553.7
554.4
555.2
556.0
556.8
557.6
558.4
559.1
559.9
560.7
561.5
562.3
563.1
563.8
564.6
565.4
566.2
567.0
567.8
568.5
569.3
570.1
570.9
571.7
572.5
573.2
574.0
574.8
575.6
576.4
577.2
577.9
578.7
579.5
580.3
581.1
581.9
582.6
583.4
584.2
585.0
585.8
586.6
587.3
588.1
588.9
589.6
590.3
591.1
591.8
592.6
593.3
594.0
594.8
595.5
596.3
597.0
597.7
598.5
599.2
600.0
600.7
601.5
602.2
602.9
603.7
604.4
605.2
605.9
606.6
607.4
608.1
608.9
609.6
610.3
611.1
611.8
612.6
613.3
614.0
614.8
615.5
616.3
617.0
617.7
618.5
619.2
620.0
620.7
621.4
622.2
622.9
623.7
624.4
625.2
625.9
626.6
627.4
628.1
628.9
629.6
630.3
631.1
631.8
632.6
633.3
634.0
634.8
635.5
636.3
637.0
637.7
638.5
639.2
640.0
640.7
641.4
642.2
642.9
643.7
644.4
645.1
645.9
646.6
647.4
648.1
648.8
649.6
650.3
651.1
651.8
652.6
653.3
654.0
654.8
655.5
656.3
657.0
657.7
658.5
659.2
660.0
660.7
661.4
662.2
662.9
663.7
664.4
665.1
665.9
666.6
667.4
668.1
668.9
669.6
670.4
671.2
671.9
672.7
673.4
674.2
674.9
675.7
676.5
677.2
678.0
678.7
679.5
680.2
681.0
681.8
682.5
683.3
684.0
684.8
685.5
686.3
687.1
687.8
688.6
689.3
690.1
690.8
691.6
692.4
693.1
693.9
694.6
695.4
696.1
696.9
697.7
698.4
699.2
699.9
700.7
701.4
702.2
703.0
703.7
704.5
705.2
706.0
706.8
707.6
708.4
709.2
710.0
710.8
711.6
712.4
713.2
714.0
714.8
715.6
716.4
717.2
718.0
718.8
719.6
720.4
721.2
722.0
722.8
723.6
724.4
725.2
726.0
726.8
727.6
728.4
729.2
730.0
730.8
731.6
732.4
733.2
734.0
734.8
735.6
736.4
737.2
738.0
738.8
739.6
740.4
741.2
742.0
742.8
743.6
744.4
745.2
746.0
746.8
747.6
748.4
749.2
750.0
750.8
751.6
752.4
753.2
754.0
754.8
755.6
756.4
757.2
758.0
758.8
759.6
760.4
761.2
762.0
762.8
763.6
764.4
765.2
766.0
766.8
767.6
768.4
769.2
770.0
770.8
771.6
772.4
773.2
774.1
774.9
775.7
776.5
777.3
778.1
778.9
779.7
780.5
781.3
782.1
782.9
783.7
784.5
785.3
786.1
786.9
787.7
788.5
789.3
790.1
790.9
791.7
792.5
793.3
794.1
794.9
795.7
796.5
797.3
798.1
798.9
799.7
800.5
801.3
802.1
802.9
803.7
804.5
805.3
806.1
806.9
807.7
808.5
809.3
810.1
810.9
811.7
812.5
813.3
814.1
814.9
815.7
816.5
817.3
818.1
818.9
819.7
820.5
821.3
822.1
822.9
823.7
824.5
825.3
826.1
826.9
827.7
828.5
829.3
830.1
830.9
831.7
832.6
833.4
834.3
835.1
835.9
836.8
837.6
838.5
839.3
840.2
841.0
841.9
842.7
843.5
844.4
845.2
846.1
846.9
847.8
848.6
849.4
850.3
851.1
852.0
852.8
853.7
854.5
855.3
856.2
857.0
857.9
858.7
859.6
860.4
861.3
862.1
862.9
863.8
864.6
865.5
866.3
867.2
868.0
868.8
869.7
870.5
871.4
872.2
873.1
873.9
874.8
875.6
876.4
877.3
878.1
879.0
879.8
880.7
881.5
882.3
883.2
884.0
884.9
885.7
886.6
887.4
888.2
889.1
889.9
890.8
891.6
892.5
893.3
894.2
895.0
895.8
896.7
897.5
898.4
899.2
NEXT_SERIES
0.47131021758
0.477364335158
0.478695656253
0.483655009148
0.483394935562
0.492056360719
0.501467501293
0.516157753908
0.532300944302
0.55187934551
0.575764618114
0.599260873465
0.623946991964
0.645217402183
0.666985536065
0.688273412194
0.708943785682
0.728222496499
0.74249497273
0.754024917559
0.758502303218
0.761981652779
0.759557484963
0.757653105259
0.75012592599
0.742355618935
0.734020255173
0.725483021448
0.71934712939
0.712566191456
0.705943214703
0.699390484234
0.69548291458
0.693488449269
0.692764946438
0.691236111363
0.691582948284
0.691798372496
0.693887255237
0.696620170531
0.700881683357
0.70399627829
0.708206292293
0.713335339747
0.718238807753
0.722421874395
0.725754210721
0.730530545177
0.734544597995
0.738226281813
0.741182584059
0.742746260675
0.743656617373
0.746011636697
0.749207109377
0.751559213816
0.752202935135
0.754397292036
0.756856588951
0.75748195313
0.758409454692
0.757897210069
0.758753414482
0.756325680962
0.753644950936
0.751583895358
0.750492908331
0.750433822451
0.749631290288
0.747890362838
0.74425136671
0.740933152507
0.735391001846
0.730624845817
0.72505610176
0.721540682503
0.717342015036
0.713556556888
0.709594031557
0.707756231674
0.70359292687
0.699168510055
0.692878576357
0.68825601109
0.684052123609
0.677846906324
0.673821414676
0.667137815675
0.664284723043
0.658233861239
0.655589281022
0.651653145313
0.646740312133
0.642312861865
0.637733801676
0.635296208195
0.630042677973
0.624535394852
0.618603408734
0.614587122698
0.611519583511
0.606961833506
0.603174436945
0.600629643833
0.599217402581
0.596064617475
0.592172866939
0.58985785769
0.588179178302
0.584787436438
0.582041113723
0.580509364182
0.578811032053
0.576631803844
0.574351946059
0.573669922151
0.57325865862
0.572606476346
0.573785568745
0.571915734465
0.571007532763
0.570081148086
0.570464302156
0.568673968062
0.567274325829
0.567611641648
0.568975325712
0.567855955221
0.567080788945
0.566066287757
0.566492069372
0.565453436046
0.563306810197
0.560412902931
0.558351241711
0.55898800402
0.558974235434
0.558385676958
0.556281964269
0.555610944452
0.553962990048
0.554528846957
0.55275778395
0.552181191467
0.55028235541
0.550178006634
0.548798783012
0.548524706586
0.546303595893
0.54530406273
0.541830858528
0.539827173716
0.535844114954
0.531273832251
0.525181311206
0.519632277798
0.514674233889
0.510889061172
0.506837655993
0.503096172298
0.499239999652
0.494579840053
0.490168082775
0.486085102123
0.481528032296
0.475600932284
0.469357176545
0.464463217716
0.458814870331
0.453493120995
0.44756027237
0.444383014558
0.439247205352
0.434681900635
0.429109087467
0.425325510325
0.422496710749
0.420639597145
0.418696695482
0.416543748947
0.413215909166
0.410887157139
0.408347097094
0.406117977026
0.401863187621
0.398873737541
0.395257699064
0.392273267947
0.38860955375
0.385310427831
0.382705820001
0.379462079539
0.378636612296
0.377681174313
0.377165999675
0.375036885613
0.373537793706
0.373778442504
0.374081705413
0.373444987279
0.371633067582
0.370274765588
0.369300618967
0.367956612374
0.365536639373
0.362585607051
0.361022538347
0.359310130405
0.357205302262
0.35405876573
0.352341078
0.351840410549
0.350468635452
0.348958099366
0.347550562415
0.348758128245
0.348907549766
0.350237026463
0.349461460936
0.34934378262
0.347994341477
0.347402023578
0.346339538033
0.344604121889
0.341911528556
0.339845566586
0.338686582719
0.337791219755
0.336970251949
0.336123218694
0.335556418492
0.335965599942
0.336596019718
0.336879298405
0.336830397885
0.336086977023
0.336442447167
0.33615283131
0.336273078961
0.335811673915
0.3358967298
0.335820770867
0.335841456068
0.334743170294
0.334560549802
0.334219036625
0.3339212876
0.331952693305
0.329819150726
0.329403769838
0.329974979905
0.330762485916
0.331112208222
0.330911973052
0.332430559644
0.332605192899
0.333850675223
0.333232348884
0.332999179591
0.332504472936
0.332038808163
0.331612148635
0.329878248349
0.329319815624
0.327721934629
0.328097457745
0.326291861543
0.325442729956
0.323990808064
0.323267295824
0.323040248841
0.322398610425
0.322070889019
0.322215179116
0.323569388927
0.325712666005
0.32586523439
0.326065379984
0.325688989616
0.328101049867
0.32939295674
0.33017174554
0.329848616476
0.328800120121
0.328509149863
0.327887527891
0.325964547784
0.325180006117
0.323188669335
0.324565494337
0.322776526723
0.32372776635
0.322140502391
0.323387961308
0.322435859037
0.324798166831
0.325118151667
0.326869636173
0.326559422628
0.32906126237
0.330815195518
0.333223853104
0.333940164829
0.335339273218
0.336098405999
0.337436116059
0.336608195092
0.335166956414
0.333341842123
0.333259348526
0.333229008136
0.333484473249
0.332137687981
0.330549865966
0.328241957464
0.327227727087
0.32775591651
0.327302227422
0.326587544695
0.324846517049
0.324567880353
0.32472285338
0.325936260472
0.325410427463
0.325503725138
0.323917401907
0.324038965963
0.322545711806
0.322798232214
0.321083071807
0.321062292823
0.319192556686
0.319346510516
0.318025745617
0.317540664823
0.315196058078
0.315612860093
0.313384386056
0.314374817515
0.311614105824
0.313354001715
0.312820973192
0.316305059963
0.316088331651
0.318155314314
0.31774709875
0.319390028159
0.319897317292
0.320292465196
0.321513461116
0.321856259101
0.324776029796
0.326936497205
0.33178099325
0.333750866824
0.336088956572
0.336167785052
0.338614487027
0.341113669412
0.346195941525
0.350380421698
0.35570612735
0.35829930499
0.362700006168
0.366735391597
0.373285918257
0.378246268399
0.383351345166
0.386563622944
0.391887029569
0.397853777684
0.405601100821
0.412691808571
0.418659383369
0.422462667064
0.424037491157
0.42624973661
0.429409323466
0.434297628579
0.439372825301
0.442533512056
0.441477740384
0.437714051294
0.433980673852
0.433074727835
0.432443663177
0.432324747959
0.428396295843
0.423250786221
0.416040321944
0.409305579284
0.40496457436
0.399285521456
0.39548707048
0.385266157606
0.378024951833
0.368023153959
0.361501829944
0.35594933919
0.351488536646
0.348878054304
0.343072854518
0.338001064972
0.329489357324
0.323123850589
0.318660631725
0.317469327203
0.317025761513
0.313685454568
0.309433818588
0.302139228526
0.2976440699
0.293397954795
0.293356128458
0.293268535972
0.293386661117
0.291119414118
0.286569546384
0.283834235915
0.281240948283
0.28156796745
0.282224580209
0.282943198397
0.284154833528
0.281803580735
0.280402118032
0.277404322933
0.276487458771
0.277331284412
0.279276264886
0.28170074405
0.281390994652
0.279605968529
0.277116323076
0.274839032349
0.27458020269
0.274895538129
0.278680072528
0.280166785322
0.280937368067
0.278897618997
0.276146470843
0.273922107303
0.272085155205
0.27300247379
0.274595902614
0.276263454482
0.27630350289
0.274166153043
0.271051757287
0.26824415658
0.266903394043
0.26660252261
0.267447027968
0.269029353633
0.269852580456
0.268844241283
0.266951026896
0.265861924875
0.26517633224
0.265057948047
0.265127067372
0.266734497729
0.268614334968
0.268313201538
0.267276341714
0.265104667207
0.26437657492
0.264290879735
0.265962759782
0.268235622474
0.270514197651
0.271281955097
0.271093107789
0.270024226108
0.267753825489
0.265907466206
0.264057877656
0.264339852191
0.266086741344
0.268032926007
0.268779278528
0.268137229233
0.266330983687
0.263581524128
0.260545393317
0.258803184265
0.258852027443
0.260133717837
0.261352440916
0.262505077838
0.263673537249
0.263181602519
0.262924778923
0.261047263453
0.260400831886
0.258886628814
0.258029050012
0.258689856835
0.260365215126
0.261555495323
0.262005572736
0.261775195669
0.262512037086
0.261227320737
0.2602028644
0.259121217082
0.260730712864
0.262139977855
0.264013759899
0.265477764133
0.26641369323
0.266923773094
0.265567412818
0.264774415792
0.263765523044
0.264629837864
0.266055634468
0.267740479989
0.2682134554
0.269873692853
0.270637041693
0.271571305085
0.268734471018
0.267182292732
0.26422272998
0.263705190829
0.261631384129
0.262109787888
0.263646455311
0.264857062414
0.266712924992
0.265366215373
0.266184775278
0.265069848646
0.265859224734
0.265896947663
0.267261545527
0.269974310488
0.272717729291
0.276351661905
0.27964877688
0.282852652874
0.284125625489
0.284281904326
0.283053169141
0.283142232008
0.282375277306
0.283156624336
0.281955595961
0.28358900683
0.284804947123
0.286401097728
0.286683555732
0.287037008463
0.285988244959
0.284694792367
0.281496602823
0.279137527288
0.276892121634
0.275695291323
0.275475155313
0.276716828049
0.278254602862
0.280787740946
0.281419200306
0.282213172193
0.281861380738
0.28034846942
0.280119730687
0.278405985647
0.276615202442
0.275719498942
0.276668486425
0.278991521152
0.27976427378
0.282257893159
0.284210857018
0.285163829494
0.284601150072
0.283889744298
0.284118956343
0.28418119417
0.28476028876
0.286050570168
0.287899854809
0.289817238957
0.291484877181
0.2928633798
0.29471807759
0.295394788158
0.294717459283
0.293908128786
0.291964810675
0.291886562178
0.290215635498
0.290440457305
0.290070219668
0.29119646671
0.292411780634
0.292681251386
0.292947918558
0.291696340289
0.290319735423
0.287967635875
0.287072601504
0.286024708846
0.285678659596
0.28536739948
0.285324399501
0.285561217367
0.285788898051
0.285741824358
0.28611231218
0.286201046571
0.287888477411
0.287504172539
0.286438998555
0.284269964972
0.283608377659
0.283323708195
0.283016603851
0.283028733378
0.28365278303
0.284271834645
0.283099521437
0.282373261744
0.281672321873
0.283456746029
0.284210776951
0.284357086148
0.283487867047
0.281261291597
0.280273841993
0.278552943008
0.277588371696
0.275957929196
0.273384516783
0.271452801818
0.269257282835
0.266038548069
0.263557002715
0.260581784085
0.259134903936
0.256870560436
0.253976647964
0.250916922234
0.248809860641
0.247963669063
0.247408745212
0.244914675014
0.242515593803
0.240402382037
0.239217150338
0.237829738095
END
