380.3
381.1
381.9
382.7
383.5
384.4
385.2
386.0
386.8
387.6
388.4
389.2
390.1
390.9
391.7
392.5
393.3
394.1
394.9
395.8
396.6
397.4
398.2
399.0
399.8
400.6
401.5
402.3
403.1
403.9
404.7
405.5
406.3
407.2
408.0
408.8
409.6
410.4
411.2
412.0
412.8
413.7
414.5
415.3
416.1
416.9
417.7
418.5
419.4
420.2
421.0
421.8
422.6
423.4
424.2
425.1
425.9
426.7
427.5
428.3
429.1
429.9
430.8
431.6
432.4
433.2
434.0
434.8
435.6
436.4
437.3
438.1
438.9
439.7
440.5
441.3
442.1
443.0
443.8
444.6
445.4
446.2
447.0
447.8
448.7
449.5
450.3
451.1
451.9
452.7
453.5
454.4
455.2
456.0
456.8
457.6
458.4
459.2
460.0
460.9
461.7
462.5
463.3
464.1
464.9
465.7
466.6
467.4
468.2
469.0
469.8
470.6
471.4
472.3
473.1
473.9
474.7
475.5
476.3
477.1
478.0
478.8
479.6
480.4
481.2
482.0
482.8
483.6
484.5
485.3
486.1
486.9
487.7
488.5
489.3
490.2
491.0
491.8
492.6
493.4
494.2
495.0
495.9
496.7
497.5
498.3
499.1
499.9
500.7
501.6
502.4
503.2
504.0
504.8
505.6
506.4
507.2
508.1
508.9
509.7
510.5
511.3
512.1
512.9
513.7
514.5
515.3
516.1
516.8
517.6
518.4
519.2
520.0
520.8
521.5
522.3
523.1
523.9
524.7
525.5
526.2
527.0
527.8
528.6
529.4
530.2
530.9
531.7
532.5
533.3
534.1
534.9
535.6
536.4
537.2
538.0
538.8
539.6
540.3
541.1
541.9
542.7
543.5
544.3
545.0
545.8
546.6
547.4
548.2
549.0
549.7
550.5
551.3
552.1
552.9
553.7
554.4
555.2
556.0
556.8
557.6
558.4
559.1
559.9
560.7
561.5
562.3
563.1
563.8
564.6
565.4
566.2
567.0
567.8
568.5
569.3
570.1
570.9
571.7
572.5
573.2
574.0
574.8
575.6
576.4
577.2
577.9
578.7
579.5
580.3
581.1
581.9
582.6
583.4
584.2
585.0
585.8
586.6
587.3
588.1
588.9
589.6
590.3
591.1
591.8
592.6
593.3
594.0
594.8
595.5
596.3
597.0
597.7
598.5
599.2
600.0
600.7
601.5
602.2
602.9
603.7
604.4
605.2
605.9
606.6
607.4
608.1
608.9
609.6
610.3
611.1
611.8
612.6
613.3
614.0
614.8
615.5
616.3
617.0
617.7
618.5
619.2
620.0
620.7
621.4
622.2
622.9
623.7
624.4
625.2
625.9
626.6
627.4
628.1
628.9
629.6
630.3
631.1
631.8
632.6
633.3
634.0
634.8
635.5
636.3
637.0
637.7
638.5
639.2
640.0
640.7
641.4
642.2
642.9
643.7
644.4
645.1
645.9
646.6
647.4
648.1
648.8
649.6
650.3
651.1
651.8
652.6
653.3
654.0
654.8
655.5
656.3
657.0
657.7
658.5
659.2
660.0
660.7
661.4
662.2
662.9
663.7
664.4
665.1
665.9
666.6
667.4
668.1
668.9
669.6
670.4
671.2
671.9
672.7
673.4
674.2
674.9
675.7
676.5
677.2
678.0
678.7
679.5
680.2
681.0
681.8
682.5
683.3
684.0
684.8
685.5
686.3
687.1
687.8
688.6
689.3
690.1
690.8
691.6
692.4
693.1
693.9
694.6
695.4
696.1
696.9
697.7
698.4
699.2
699.9
700.7
701.4
702.2
703.0
703.7
704.5
705.2
706.0
706.8
707.6
708.4
709.2
710.0
710.8
711.6
712.4
713.2
714.0
714.8
715.6
716.4
717.2
718.0
718.8
719.6
720.4
721.2
722.0
722.8
723.6
724.4
725.2
726.0
726.8
727.6
728.4
729.2
730.0
730.8
731.6
732.4
733.2
734.0
734.8
735.6
736.4
737.2
738.0
738.8
739.6
740.4
741.2
742.0
742.8
743.6
744.4
745.2
746.0
746.8
747.6
748.4
749.2
750.0
750.8
751.6
752.4
753.2
754.0
754.8
755.6
756.4
757.2
758.0
758.8
759.6
760.4
761.2
762.0
762.8
763.6
764.4
765.2
766.0
766.8
767.6
768.4
769.2
770.0
770.8
771.6
772.4
773.2
774.1
774.9
775.7
776.5
777.3
778.1
778.9
779.7
780.5
781.3
782.1
782.9
783.7
784.5
785.3
786.1
786.9
787.7
788.5
789.3
790.1
790.9
791.7
792.5
793.3
794.1
794.9
795.7
796.5
797.3
798.1
798.9
799.7
800.5
801.3
802.1
802.9
803.7
804.5
805.3
806.1
806.9
807.7
808.5
809.3
810.1
810.9
811.7
812.5
813.3
814.1
814.9
815.7
816.5
817.3
818.1
818.9
819.7
820.5
821.3
822.1
822.9
823.7
824.5
825.3
826.1
826.9
827.7
828.5
829.3
830.1
830.9
831.7
832.6
833.4
834.3
835.1
835.9
836.8
837.6
838.5
839.3
840.2
841.0
841.9
842.7
843.5
844.4
845.2
846.1
846.9
847.8
848.6
849.4
850.3
851.1
852.0
852.8
853.7
854.5
855.3
856.2
857.0
857.9
858.7
859.6
860.4
861.3
862.1
862.9
863.8
864.6
865.5
866.3
867.2
868.0
868.8
869.7
870.5
871.4
872.2
873.1
873.9
874.8
875.6
876.4
877.3
878.1
879.0
879.8
880.7
881.5
882.3
883.2
884.0
884.9
885.7
886.6
887.4
888.2
889.1
889.9
890.8
891.6
892.5
893.3
894.2
895.0
895.8
896.7
897.5
898.4
899.2
NEXT_SERIES
0.164881687784
0.167025202676
0.165259931971
0.166289373014
0.166653854607
0.17366022
0.177706353265
0.186528829439
0.195652207512
0.209944702759
0.223661823531
0.241455197503
0.257995790573
0.275452850273
0.289535190752
0.302895036219
0.31420913309
0.325810849926
0.333990479647
0.341229047117
0.344490414407
0.346081559234
0.344192862873
0.339124914716
0.333298155983
0.327054520023
0.322045611289
0.315292513846
0.30826301286
0.301564846299
0.296538346211
0.292903970019
0.291774186763
0.291268234159
0.291273139404
0.290652264666
0.290477556403
0.290363827559
0.291623596436
0.294430556732
0.297008508712
0.299517357224
0.301279805023
0.304428855226
0.306702555052
0.308277721182
0.310421172586
0.311617653277
0.314449638306
0.316583880559
0.318321127591
0.319385971837
0.31910317871
0.319918427438
0.320920806409
0.322366164012
0.322849048355
0.322939291603
0.323696339499
0.324236602032
0.324803891429
0.323842983871
0.324290041495
0.323586208754
0.322596032611
0.32177965325
0.320691633376
0.32072984653
0.319021174929
0.318100389069
0.316136699724
0.31516057961
0.313638161287
0.312056099253
0.308735475739
0.305701115186
0.302898841579
0.30147917729
0.299372392283
0.297944456462
0.29555692285
0.293288932325
0.291273316486
0.289765002552
0.288298342459
0.284666265042
0.282530425603
0.280401382465
0.279427280898
0.277199156807
0.275261529238
0.2734422578
0.270964945843
0.26846420594
0.267413375253
0.266147183135
0.264253365191
0.260517086739
0.25764166931
0.256209193441
0.255236171458
0.253962870752
0.251064159895
0.249528157017
0.247525795167
0.246733377994
0.244753602966
0.24386053266
0.243248673918
0.241692691132
0.240588159143
0.239561381701
0.239911199856
0.239101066789
0.238332451287
0.236804998252
0.236811628656
0.236068597609
0.235971254337
0.234570516078
0.233622309916
0.233228730659
0.23362014675
0.233540173379
0.232944737318
0.232375707158
0.232722572521
0.232567002019
0.233384606538
0.233654978206
0.233703186019
0.23248476309
0.231452044074
0.23092934629
0.230387423926
0.230629893704
0.231328969011
0.232387147967
0.231932106728
0.232709064234
0.232025858844
0.232916455373
0.231887516723
0.232414869176
0.232163497143
0.232770892494
0.232942687922
0.232915688728
0.23191848432
0.232499845637
0.231613435167
0.231012819811
0.229069235928
0.227869647154
0.22592440609
0.222901163932
0.22074191169
0.218868827349
0.217106672329
0.215334139853
0.214498104297
0.212897161829
0.211038506815
0.208835777
0.206347833362
0.203962092329
0.201479624279
0.199626230974
0.196700506473
0.193569023564
0.191610929913
0.190124526038
0.187720908201
0.184440122696
0.181801887288
0.180214365121
0.179448881241
0.178350691216
0.177185829928
0.175707031231
0.174390874954
0.173850324256
0.172555211717
0.171776213074
0.17002855689
0.169504597757
0.167555314667
0.165488775389
0.16297649379
0.161017031983
0.1601019308
0.159397620793
0.159964746301
0.159238999979
0.158761872384
0.157546846233
0.157569012904
0.157383072222
0.158117666307
0.158414202832
0.158550630719
0.157798971801
0.156845315318
0.155260691969
0.154187732471
0.152354241226
0.152240517498
0.15077290451
0.150182845807
0.148722650995
0.14802546603
0.147064027788
0.146537049455
0.146157693339
0.146044690728
0.14665925146
0.146422544148
0.146846871356
0.145858759028
0.146093598203
0.145350051609
0.145228336605
0.144649385353
0.144383460187
0.14304957888
0.141994219974
0.141035957996
0.140425289867
0.140224311604
0.140168583848
0.140131743898
0.139669170488
0.139573170626
0.139669929078
0.139864130235
0.139180114446
0.139515868928
0.139879354114
0.140383458896
0.140833660147
0.140603763037
0.140719835301
0.140032453468
0.139163665486
0.138841880242
0.138445258253
0.13856860739
0.138320727084
0.137342762684
0.137269320283
0.136668064681
0.137315212637
0.137644669094
0.13820280663
0.13909431993
0.139320191297
0.139645351264
0.139205613797
0.13895249218
0.138803990117
0.138787474306
0.138508374453
0.137418031092
0.136917823279
0.136152731504
0.136512156529
0.135714990139
0.135163480275
0.134617838964
0.134138913317
0.134346036753
0.133980112453
0.133493986978
0.133407603961
0.133862607598
0.135691737278
0.135852332035
0.136135432297
0.135829289472
0.137465650132
0.13829940511
0.138710130001
0.137651864534
0.136881810078
0.136537851419
0.136611631291
0.136271620468
0.135499122613
0.134082229024
0.134680181268
0.134092754591
0.134508706741
0.132976960722
0.133318258434
0.132694724069
0.134004621752
0.133873321583
0.13487374111
0.134707300906
0.136592376107
0.137924010968
0.139039751744
0.139081782017
0.139723996747
0.14030546105
0.141453710865
0.141017579386
0.13996104104
0.138973302108
0.138819119018
0.139297458517
0.139472270398
0.13853997605
0.137186230917
0.135506512683
0.135118810932
0.135753645327
0.135851859735
0.135211787216
0.134356943963
0.134089430854
0.134426381471
0.135338238737
0.135114787704
0.135698700749
0.134432350804
0.135213169704
0.134303579219
0.135629374423
0.134439549222
0.134660378712
0.132350433113
0.132700924205
0.131774939478
0.132227937503
0.13044603518
0.130818902283
0.12948819869
0.1306906512
0.128983145976
0.129885821677
0.128781855037
0.130861633979
0.130410051586
0.131790740936
0.130743991591
0.131888391494
0.13166302368
0.132126263916
0.13208399609
0.131849236391
0.132855826376
0.133591216859
0.135984784402
0.136666471756
0.137379725039
0.136653628316
0.137577321262
0.137920920464
0.13994086046
0.140821571267
0.142763709044
0.143196950069
0.145206520586
0.147657975534
0.151006269277
0.153370256988
0.155042588159
0.155809040693
0.157500769757
0.159648581303
0.163028583153
0.166618283365
0.169573212773
0.171480876467
0.171243897609
0.171966702316
0.17287172679
0.175869704441
0.177784202663
0.179262522015
0.178406030381
0.17695908308
0.174912705262
0.174242317481
0.17438968353
0.175566794082
0.173747880604
0.170749876728
0.166765821264
0.164216802264
0.163692235309
0.162042990308
0.161320538173
0.15701738189
0.153943478646
0.1492167357
0.146997751999
0.146038842639
0.145285680271
0.14425498369
0.141294497397
0.13901264567
0.135132524157
0.132860574239
0.131387924621
0.131783728241
0.131990327862
0.130322327111
0.128000103149
0.124296316745
0.122520932686
0.121092160266
0.121416382939
0.122121582442
0.12227012702
0.120851678751
0.11768404687
0.115950699224
0.115208543995
0.115319221182
0.116110258753
0.115924948663
0.116752505713
0.115091585249
0.115119879131
0.113910852936
0.114209645392
0.114816438242
0.116286721791
0.11758229316
0.117445580923
0.11651971125
0.115175532708
0.113763803054
0.113099548119
0.113164576221
0.115006197721
0.116178431914
0.116886761613
0.115464948268
0.113640357095
0.112089464864
0.111823741454
0.112854122238
0.113853853266
0.114505722197
0.114336412289
0.112916522877
0.111232638254
0.110377091344
0.109971964926
0.110392753075
0.110882357386
0.11188528637
0.112080283529
0.111172582263
0.11001744409
0.108863549457
0.108749099645
0.108859657938
0.109550203045
0.110320491013
0.111453887859
0.111454662243
0.110675907352
0.109588872988
0.108741826932
0.108929808828
0.11004597397
0.111535525367
0.112933121414
0.112864291877
0.112576485078
0.111947513218
0.111107364959
0.110183783729
0.109348571555
0.109527303641
0.110465488789
0.110956616499
0.111181446359
0.111060932898
0.110674566083
0.109444063721
0.107924051415
0.107347384721
0.107413310632
0.10788094814
0.108000400945
0.108304930436
0.108899027152
0.108714431736
0.108248935963
0.107219175086
0.106929460768
0.106718707743
0.106563355453
0.107275650588
0.10849261568
0.109138460055
0.108989356809
0.108561020908
0.108871479221
0.107877161015
0.10752786357
0.106919210121
0.108162275684
0.10885384236
0.110417730002
0.111408649756
0.1117670903
0.112215887372
0.111449702195
0.111224434552
0.110156535364
0.110726414995
0.110944287155
0.112005448077
0.112210532059
0.113772439669
0.11406848583
0.114659933617
0.112839564906
0.111683770833
0.110211250886
0.110073510049
0.109277441928
0.109211272007
0.110072639117
0.110656422359
0.111670710626
0.110546817301
0.110797007264
0.110430864978
0.111320071051
0.111726510623
0.112498511891
0.114175614155
0.116159845787
0.117971180989
0.119433380536
0.120590078636
0.121394767062
0.121884598156
0.121836918506
0.122426875029
0.121904803329
0.122387523064
0.121476430268
0.122520428016
0.123073813217
0.124171359356
0.123801177156
0.123910309432
0.122848872772
0.122265814317
0.120274671822
0.118527066904
0.117466636567
0.117002274767
0.117380340412
0.118243980896
0.118921112611
0.120360092333
0.120894466247
0.121939446033
0.121798985282
0.121213982062
0.120915186869
0.120188817625
0.119732882126
0.118631870808
0.119592648682
0.120571547314
0.121789059163
0.12234410033
0.123381237226
0.123658335532
0.123730118228
0.122958421559
0.123005073962
0.123703787733
0.123624358953
0.124123379653
0.124527294006
0.126169012107
0.127857200122
0.128858032195
0.130170246796
0.130186428491
0.129873399788
0.129534550192
0.128651439654
0.128692983256
0.127730581229
0.127431334298
0.127229614569
0.127561302007
0.128610954766
0.128537987486
0.128117919736
0.12756464802
0.126885248564
0.126541248107
0.125901259285
0.125193937746
0.124466215972
0.124452270496
0.124153434789
0.124788618443
0.125065779273
0.126721612268
0.127329690463
0.127157885868
0.126827393776
0.126659470775
0.125637578555
0.125259215256
0.124321617643
0.125133086444
0.125627554229
0.125747135247
0.125230249345
0.123997507287
0.12350405481
0.123633833565
0.124214929757
0.124471800039
0.124955251187
0.124199589546
0.124283248368
0.12261629689
0.121638080803
0.1206760719
0.120403044011
0.119843590794
0.118533351508
0.116881985872
0.116320736108
0.11457965546
0.11404702451
0.11215733101
0.111377025133
0.109513610429
0.106991355662
0.105223131355
0.10451259162
0.105137022558
0.103404309978
0.101980693076
0.0993681285718
0.0983376940746
0.0973071359079
0.0960804255196
END
