380.3
381.1
381.9
382.7
383.5
384.4
385.2
386.0
386.8
387.6
388.4
389.2
390.1
390.9
391.7
392.5
393.3
394.1
394.9
395.8
396.6
397.4
398.2
399.0
399.8
400.6
401.5
402.3
403.1
403.9
404.7
405.5
406.3
407.2
408.0
408.8
409.6
410.4
411.2
412.0
412.8
413.7
414.5
415.3
416.1
416.9
417.7
418.5
419.4
420.2
421.0
421.8
422.6
423.4
424.2
425.1
425.9
426.7
427.5
428.3
429.1
429.9
430.8
431.6
432.4
433.2
434.0
434.8
435.6
436.4
437.3
438.1
438.9
439.7
440.5
441.3
442.1
443.0
443.8
444.6
445.4
446.2
447.0
447.8
448.7
449.5
450.3
451.1
451.9
452.7
453.5
454.4
455.2
456.0
456.8
457.6
458.4
459.2
460.0
460.9
461.7
462.5
463.3
464.1
464.9
465.7
466.6
467.4
468.2
469.0
469.8
470.6
471.4
472.3
473.1
473.9
474.7
475.5
476.3
477.1
478.0
478.8
479.6
480.4
481.2
482.0
482.8
483.6
484.5
485.3
486.1
486.9
487.7
488.5
489.3
490.2
491.0
491.8
492.6
493.4
494.2
495.0
495.9
496.7
497.5
498.3
499.1
499.9
500.7
501.6
502.4
503.2
504.0
504.8
505.6
506.4
507.2
508.1
508.9
509.7
510.5
511.3
512.1
512.9
513.7
514.5
515.3
516.1
516.8
517.6
518.4
519.2
520.0
520.8
521.5
522.3
523.1
523.9
524.7
525.5
526.2
527.0
527.8
528.6
529.4
530.2
530.9
531.7
532.5
533.3
534.1
534.9
535.6
536.4
537.2
538.0
538.8
539.6
540.3
541.1
541.9
542.7
543.5
544.3
545.0
545.8
546.6
547.4
548.2
549.0
549.7
550.5
551.3
552.1
552.9
553.7
554.4
555.2
556.0
556.8
557.6
558.4
559.1
559.9
560.7
561.5
562.3
563.1
563.8
564.6
565.4
566.2
567.0
567.8
568.5
569.3
570.1
570.9
571.7
572.5
573.2
574.0
574.8
575.6
576.4
577.2
577.9
578.7
579.5
580.3
581.1
581.9
582.6
583.4
584.2
585.0
585.8
586.6
587.3
588.1
588.9
589.6
590.3
591.1
591.8
592.6
593.3
594.0
594.8
595.5
596.3
597.0
597.7
598.5
599.2
600.0
600.7
601.5
602.2
602.9
603.7
604.4
605.2
605.9
606.6
607.4
608.1
608.9
609.6
610.3
611.1
611.8
612.6
613.3
614.0
614.8
615.5
616.3
617.0
617.7
618.5
619.2
620.0
620.7
621.4
622.2
622.9
623.7
624.4
625.2
625.9
626.6
627.4
628.1
628.9
629.6
630.3
631.1
631.8
632.6
633.3
634.0
634.8
635.5
636.3
637.0
637.7
638.5
639.2
640.0
640.7
641.4
642.2
642.9
643.7
644.4
645.1
645.9
646.6
647.4
648.1
648.8
649.6
650.3
651.1
651.8
652.6
653.3
654.0
654.8
655.5
656.3
657.0
657.7
658.5
659.2
660.0
660.7
661.4
662.2
662.9
663.7
664.4
665.1
665.9
666.6
667.4
668.1
668.9
669.6
670.4
671.2
671.9
672.7
673.4
674.2
674.9
675.7
676.5
677.2
678.0
678.7
679.5
680.2
681.0
681.8
682.5
683.3
684.0
684.8
685.5
686.3
687.1
687.8
688.6
689.3
690.1
690.8
691.6
692.4
693.1
693.9
694.6
695.4
696.1
696.9
697.7
698.4
699.2
699.9
700.7
701.4
702.2
703.0
703.7
704.5
705.2
706.0
706.8
707.6
708.4
709.2
710.0
710.8
711.6
712.4
713.2
714.0
714.8
715.6
716.4
717.2
718.0
718.8
719.6
720.4
721.2
722.0
722.8
723.6
724.4
725.2
726.0
726.8
727.6
728.4
729.2
730.0
730.8
731.6
732.4
733.2
734.0
734.8
735.6
736.4
737.2
738.0
738.8
739.6
740.4
741.2
742.0
742.8
743.6
744.4
745.2
746.0
746.8
747.6
748.4
749.2
750.0
750.8
751.6
752.4
753.2
754.0
754.8
755.6
756.4
757.2
758.0
758.8
759.6
760.4
761.2
762.0
762.8
763.6
764.4
765.2
766.0
766.8
767.6
768.4
769.2
770.0
770.8
771.6
772.4
773.2
774.1
774.9
775.7
776.5
777.3
778.1
778.9
779.7
780.5
781.3
782.1
782.9
783.7
784.5
785.3
786.1
786.9
787.7
788.5
789.3
790.1
790.9
791.7
792.5
793.3
794.1
794.9
795.7
796.5
797.3
798.1
798.9
799.7
800.5
801.3
802.1
802.9
803.7
804.5
805.3
806.1
806.9
807.7
808.5
809.3
810.1
810.9
811.7
812.5
813.3
814.1
814.9
815.7
816.5
817.3
818.1
818.9
819.7
820.5
821.3
822.1
822.9
823.7
824.5
825.3
826.1
826.9
827.7
828.5
829.3
830.1
830.9
831.7
832.6
833.4
834.3
835.1
835.9
836.8
837.6
838.5
839.3
840.2
841.0
841.9
842.7
843.5
844.4
845.2
846.1
846.9
847.8
848.6
849.4
850.3
851.1
852.0
852.8
853.7
854.5
855.3
856.2
857.0
857.9
858.7
859.6
860.4
861.3
862.1
862.9
863.8
864.6
865.5
866.3
867.2
868.0
868.8
869.7
870.5
871.4
872.2
873.1
873.9
874.8
875.6
876.4
877.3
878.1
879.0
879.8
880.7
881.5
882.3
883.2
884.0
884.9
885.7
886.6
887.4
888.2
889.1
889.9
890.8
891.6
892.5
893.3
894.2
895.0
895.8
896.7
897.5
898.4
899.2
NEXT_SERIES
0.669098068731
0.677384331115
0.678629408839
0.683161834642
0.686623454794
0.695560245994
0.705382138758
0.717020732831
0.729184240802
0.747648868938
0.76426722021
0.784707322718
0.807098456866
0.827848594379
0.853883957635
0.875767126585
0.898486618154
0.919395990613
0.93630262846
0.953896866436
0.960435500113
0.968494512396
0.966287579848
0.964389544515
0.956760041955
0.951228680059
0.943154576875
0.932714793032
0.922923675554
0.914244477823
0.908995535328
0.903006334156
0.901559329813
0.900039415866
0.900190571135
0.896925361414
0.897535559595
0.897790761062
0.901812514823
0.903192258936
0.907290564917
0.910655965595
0.916330053374
0.920296190502
0.925692907557
0.928886500752
0.932425638726
0.937664467591
0.943786949184
0.949147420334
0.952889419251
0.954198723074
0.957826188224
0.959101571134
0.963162518497
0.964404147514
0.96626771207
0.968736901007
0.970398453792
0.972841190589
0.974130288421
0.974806252161
0.975912052672
0.973818256405
0.970785307001
0.967431519439
0.965325645969
0.96467544681
0.96333992089
0.960621252218
0.957593195642
0.952724984456
0.948326655768
0.944045811489
0.939739816636
0.934344995643
0.927800742267
0.920576808219
0.914862953474
0.910684665063
0.90544056703
0.899348022864
0.894026924848
0.888631497252
0.882769972495
0.874442387354
0.867980712552
0.862360714271
0.857624630533
0.853456793227
0.846789017532
0.84197150233
0.834515519472
0.829502074137
0.825483947106
0.819674232053
0.815309446877
0.808565686316
0.802459240563
0.795934697258
0.791364798015
0.787448734189
0.783283757656
0.778439849543
0.776158362114
0.773387346964
0.770506543903
0.766345319824
0.76342877367
0.757422010964
0.75504332922
0.753038436806
0.753372277805
0.751422860432
0.748958108758
0.74775966263
0.747570808968
0.747110750616
0.746447260963
0.743809208384
0.741241364419
0.739263608984
0.738916140115
0.738546815331
0.740019549648
0.740904810764
0.740730058324
0.738539870945
0.736608671672
0.73613219212
0.735721286804
0.736322589948
0.736386370709
0.733569109902
0.731940209285
0.731483560137
0.73204827868
0.730476456652
0.729606507031
0.728235944088
0.728123261258
0.726423718008
0.726757144876
0.726006168637
0.725265988259
0.724624384429
0.722463955468
0.720225773444
0.718492633468
0.716623484913
0.712628865755
0.707342140193
0.701381515225
0.694965020114
0.687264780548
0.680013077266
0.673470923042
0.667423664837
0.660777513174
0.655187021058
0.650393491705
0.645674733953
0.639762343649
0.633987536533
0.627330953318
0.620199389675
0.612422146363
0.605280827759
0.598494228162
0.590784150755
0.58302361679
0.576752336194
0.570677378543
0.565318053973
0.559776121811
0.555158551186
0.551507811966
0.546978411854
0.5440217806
0.540754006402
0.538291351566
0.53595089421
0.532875182897
0.529886801253
0.524123120817
0.519980482084
0.515149963121
0.510974838595
0.506544672159
0.502787360795
0.500029433261
0.497622385461
0.495772299325
0.494920866301
0.493439058194
0.492068316895
0.489644416455
0.488803390446
0.487722067072
0.486205087601
0.484443221782
0.482563198129
0.481373969344
0.478828357616
0.476379955185
0.47351893366
0.471991573114
0.469461343536
0.466348058361
0.462557877451
0.460142472623
0.459377401302
0.458433781682
0.456773317209
0.455906643649
0.455541759187
0.455294078995
0.454768272152
0.454328192632
0.455067274254
0.454121754008
0.453198643732
0.451026593515
0.449899931604
0.446547195806
0.444601084206
0.442459941294
0.442429017001
0.441401387838
0.440664209786
0.43987518311
0.44025526963
0.440706709087
0.44022801241
0.440270591121
0.438860290623
0.439114645728
0.438053325847
0.438264704129
0.437938540684
0.438540324044
0.438664625642
0.438296111913
0.436382852019
0.436356851843
0.435803357501
0.435682513438
0.433677226944
0.432359143854
0.432088201273
0.43232615672
0.432391481725
0.432276555371
0.431983929644
0.433437039147
0.434065280655
0.435953521696
0.43575580438
0.435429362556
0.434441149818
0.433916024628
0.433438490854
0.431734738487
0.43050223979
0.428239779163
0.428101835195
0.426696934204
0.426344239629
0.424843974862
0.42420578595
0.423620758822
0.422889452271
0.422585941435
0.423233513272
0.424653776764
0.426537963752
0.427526271784
0.427647154946
0.428014236261
0.429829313625
0.43150723211
0.431517633549
0.43096497299
0.429772405966
0.429706765867
0.428525632259
0.427068523175
0.426315994452
0.425282111334
0.426555856785
0.425120105337
0.425181962797
0.423256112534
0.423691514382
0.423704692865
0.426703211817
0.427615524966
0.429426516277
0.428979451633
0.430794227993
0.432939662628
0.435884120459
0.437651258382
0.439623461339
0.440255977447
0.442101707287
0.441510440252
0.440737785122
0.43885392824
0.437369518135
0.436567886166
0.437184850066
0.435983508414
0.434663190093
0.43194647536
0.430745414028
0.430910692307
0.430658563357
0.430135168667
0.428196969221
0.427251969187
0.426441960264
0.427519289018
0.425925728032
0.426193983971
0.425202119816
0.425750053726
0.424518120629
0.424158261169
0.422497306561
0.422891300177
0.420676968835
0.420623505392
0.417882044644
0.417393356193
0.415190547626
0.416439261377
0.414093189439
0.415123527426
0.412242210823
0.414136544928
0.412609287215
0.41631279463
0.41709593265
0.420889328839
0.42110654837
0.422634804959
0.422817464825
0.42421477884
0.426151378577
0.427271477368
0.430734131412
0.43359433055
0.439589038296
0.442460413995
0.446313687796
0.447795188157
0.451248296461
0.454668987555
0.461086294516
0.465703880657
0.471031625046
0.474618828049
0.481677451789
0.489055676704
0.498167476933
0.50634518424
0.513672574766
0.519151963644
0.525711314118
0.533266854697
0.543301954417
0.551770760453
0.559875874188
0.565430498101
0.568933004826
0.571954138771
0.575285733343
0.580123664778
0.585238449699
0.588655710452
0.588732384347
0.585377682246
0.581904874443
0.580254534923
0.578549931231
0.576857109469
0.570979354184
0.564595189205
0.55516456251
0.54621029453
0.539198330998
0.530903367183
0.524300918707
0.511600437651
0.501993818719
0.488834592635
0.479775264263
0.472131472976
0.465394239385
0.459861971926
0.450888043758
0.444021401889
0.433246422295
0.425332000478
0.418640079519
0.416595822301
0.414923302651
0.411311943164
0.405488634274
0.397803876503
0.391850310626
0.387506955669
0.386245047057
0.385913673288
0.385524394441
0.383011492169
0.378535553379
0.374236133138
0.370869093612
0.369836697585
0.370677799765
0.371192459833
0.372330297472
0.369878350984
0.367890066998
0.364691290637
0.363470751321
0.364076909254
0.366383619011
0.369009922631
0.369400628347
0.367424328229
0.364271969552
0.361545401648
0.36045035168
0.360788429728
0.364016915431
0.364868893571
0.36607309664
0.364097334461
0.361596131249
0.359752450082
0.357912084366
0.359487236769
0.360187425216
0.36166769865
0.361299396551
0.358733238821
0.355633179184
0.352962641285
0.351983042407
0.351309487696
0.35174805387
0.353197645778
0.354381866263
0.353702191824
0.351019434206
0.349415626577
0.348206190278
0.347861065394
0.347764319605
0.349631748425
0.35194936306
0.352388645726
0.351247458319
0.350064083666
0.349034218155
0.349732514881
0.350696784331
0.352677519585
0.354697431144
0.355409706887
0.355465024297
0.353864810791
0.351348522134
0.349000925682
0.346638422318
0.346961255297
0.3490763647
0.350796186432
0.351605590127
0.350436750727
0.349801384079
0.346370084832
0.343111773053
0.340759397803
0.340661708548
0.34190230861
0.342407404635
0.343467954415
0.345467919441
0.346223901975
0.34618959339
0.34371913468
0.341919924002
0.340720643143
0.339689153688
0.341021053539
0.343033997805
0.344884514442
0.344575231041
0.343706851761
0.344275043405
0.343289099489
0.343485067995
0.342350682278
0.344135633729
0.344827961368
0.346525286077
0.348427795399
0.349793998509
0.350846915112
0.349917155672
0.348833672359
0.347949135978
0.347865272812
0.348327598353
0.349603607166
0.350721929938
0.353740850564
0.354708574365
0.355153991684
0.351515227928
0.349062015242
0.345991148778
0.346020806988
0.344971418894
0.345103827272
0.34629505755
0.347112852211
0.350020164188
0.348363884786
0.349278847007
0.347167202268
0.34827980908
0.348108581358
0.349609327367
0.352900125352
0.356440865916
0.360662142498
0.363502585426
0.366700039136
0.367903289836
0.368126010036
0.366951231923
0.367438707914
0.366522682974
0.367852103054
0.367196836347
0.369987721771
0.370712513146
0.372300645852
0.372233939418
0.37241488255
0.370218759641
0.368257090932
0.364752831915
0.362730153331
0.359941113304
0.359203136297
0.359266850623
0.360613163705
0.361192979459
0.36299704579
0.364354985148
0.365706461917
0.364537094333
0.362398795897
0.361457733641
0.360312684852
0.359722623856
0.357885836636
0.358818909666
0.359874774838
0.361966135161
0.364268580193
0.366916145758
0.36736441933
0.367661180925
0.366402601541
0.366578488444
0.366949653613
0.367611880771
0.369628875151
0.37164846311
0.37473488687
0.376958878364
0.378675390504
0.379544259574
0.379103910712
0.377412757317
0.376789314975
0.376173257058
0.375905848701
0.37513447492
0.375003346918
0.375559736582
0.375224817118
0.376658907808
0.375799345232
0.376194254381
0.375348002875
0.375460689271
0.373032302959
0.370229437144
0.368152797498
0.367607119328
0.36746384818
0.368138943754
0.36946103819
0.370463849051
0.37100207738
0.371175198203
0.370397345926
0.369090296114
0.369248089839
0.369121854078
0.368833090459
0.367615624881
0.36646468743
0.366890623637
0.367087070577
0.367990445025
0.367378574352
0.366057862042
0.365415768992
0.365627747354
0.365839506383
0.366814840679
0.366600141913
0.367470301341
0.366135331472
0.364753301817
0.361422059942
0.359287956632
0.357239512037
0.355866142389
0.352651466375
0.349233589942
0.346362732768
0.34399521073
0.342094565938
0.339545223184
0.337518570152
0.334494816821
0.330614872111
0.328540604902
0.326199400895
0.325943297061
0.323496048638
0.320630458507
0.317079640203
0.314171050824
0.312941088317
END
