380.3
381.1
381.9
382.7
383.5
384.4
385.2
386.0
386.8
387.6
388.4
389.2
390.1
390.9
391.7
392.5
393.3
394.1
394.9
395.8
396.6
397.4
398.2
399.0
399.8
400.6
401.5
402.3
403.1
403.9
404.7
405.5
406.3
407.2
408.0
408.8
409.6
410.4
411.2
412.0
412.8
413.7
414.5
415.3
416.1
416.9
417.7
418.5
419.4
420.2
421.0
421.8
422.6
423.4
424.2
425.1
425.9
426.7
427.5
428.3
429.1
429.9
430.8
431.6
432.4
433.2
434.0
434.8
435.6
436.4
437.3
438.1
438.9
439.7
440.5
441.3
442.1
443.0
443.8
444.6
445.4
446.2
447.0
447.8
448.7
449.5
450.3
451.1
451.9
452.7
453.5
454.4
455.2
456.0
456.8
457.6
458.4
459.2
460.0
460.9
461.7
462.5
463.3
464.1
464.9
465.7
466.6
467.4
468.2
469.0
469.8
470.6
471.4
472.3
473.1
473.9
474.7
475.5
476.3
477.1
478.0
478.8
479.6
480.4
481.2
482.0
482.8
483.6
484.5
485.3
486.1
486.9
487.7
488.5
489.3
490.2
491.0
491.8
492.6
493.4
494.2
495.0
495.9
496.7
497.5
498.3
499.1
499.9
500.7
501.6
502.4
503.2
504.0
504.8
505.6
506.4
507.2
508.1
508.9
509.7
510.5
511.3
512.1
512.9
513.7
514.5
515.3
516.1
516.8
517.6
518.4
519.2
520.0
520.8
521.5
522.3
523.1
523.9
524.7
525.5
526.2
527.0
527.8
528.6
529.4
530.2
530.9
531.7
532.5
533.3
534.1
534.9
535.6
536.4
537.2
538.0
538.8
539.6
540.3
541.1
541.9
542.7
543.5
544.3
545.0
545.8
546.6
547.4
548.2
549.0
549.7
550.5
551.3
552.1
552.9
553.7
554.4
555.2
556.0
556.8
557.6
558.4
559.1
559.9
560.7
561.5
562.3
563.1
563.8
564.6
565.4
566.2
567.0
567.8
568.5
569.3
570.1
570.9
571.7
572.5
573.2
574.0
574.8
575.6
576.4
577.2
577.9
578.7
579.5
580.3
581.1
581.9
582.6
583.4
584.2
585.0
585.8
586.6
587.3
588.1
588.9
589.6
590.3
591.1
591.8
592.6
593.3
594.0
594.8
595.5
596.3
597.0
597.7
598.5
599.2
600.0
600.7
601.5
602.2
602.9
603.7
604.4
605.2
605.9
606.6
607.4
608.1
608.9
609.6
610.3
611.1
611.8
612.6
613.3
614.0
614.8
615.5
616.3
617.0
617.7
618.5
619.2
620.0
620.7
621.4
622.2
622.9
623.7
624.4
625.2
625.9
626.6
627.4
628.1
628.9
629.6
630.3
631.1
631.8
632.6
633.3
634.0
634.8
635.5
636.3
637.0
637.7
638.5
639.2
640.0
640.7
641.4
642.2
642.9
643.7
644.4
645.1
645.9
646.6
647.4
648.1
648.8
649.6
650.3
651.1
651.8
652.6
653.3
654.0
654.8
655.5
656.3
657.0
657.7
658.5
659.2
660.0
660.7
661.4
662.2
662.9
663.7
664.4
665.1
665.9
666.6
667.4
668.1
668.9
669.6
670.4
671.2
671.9
672.7
673.4
674.2
674.9
675.7
676.5
677.2
678.0
678.7
679.5
680.2
681.0
681.8
682.5
683.3
684.0
684.8
685.5
686.3
687.1
687.8
688.6
689.3
690.1
690.8
691.6
692.4
693.1
693.9
694.6
695.4
696.1
696.9
697.7
698.4
699.2
699.9
700.7
701.4
702.2
703.0
703.7
704.5
705.2
706.0
706.8
707.6
708.4
709.2
710.0
710.8
711.6
712.4
713.2
714.0
714.8
715.6
716.4
717.2
718.0
718.8
719.6
720.4
721.2
722.0
722.8
723.6
724.4
725.2
726.0
726.8
727.6
728.4
729.2
730.0
730.8
731.6
732.4
733.2
734.0
734.8
735.6
736.4
737.2
738.0
738.8
739.6
740.4
741.2
742.0
742.8
743.6
744.4
745.2
746.0
746.8
747.6
748.4
749.2
750.0
750.8
751.6
752.4
753.2
754.0
754.8
755.6
756.4
757.2
758.0
758.8
759.6
760.4
761.2
762.0
762.8
763.6
764.4
765.2
766.0
766.8
767.6
768.4
769.2
770.0
770.8
771.6
772.4
773.2
774.1
774.9
775.7
776.5
777.3
778.1
778.9
779.7
780.5
781.3
782.1
782.9
783.7
784.5
785.3
786.1
786.9
787.7
788.5
789.3
790.1
790.9
791.7
792.5
793.3
794.1
794.9
795.7
796.5
797.3
798.1
798.9
799.7
800.5
801.3
802.1
802.9
803.7
804.5
805.3
806.1
806.9
807.7
808.5
809.3
810.1
810.9
811.7
812.5
813.3
814.1
814.9
815.7
816.5
817.3
818.1
818.9
819.7
820.5
821.3
822.1
822.9
823.7
824.5
825.3
826.1
826.9
827.7
828.5
829.3
830.1
830.9
831.7
832.6
833.4
834.3
835.1
835.9
836.8
837.6
838.5
839.3
840.2
841.0
841.9
842.7
843.5
844.4
845.2
846.1
846.9
847.8
848.6
849.4
850.3
851.1
852.0
852.8
853.7
854.5
855.3
856.2
857.0
857.9
858.7
859.6
860.4
861.3
862.1
862.9
863.8
864.6
865.5
866.3
867.2
868.0
868.8
869.7
870.5
871.4
872.2
873.1
873.9
874.8
875.6
876.4
877.3
878.1
879.0
879.8
880.7
881.5
882.3
883.2
884.0
884.9
885.7
886.6
887.4
888.2
889.1
889.9
890.8
891.6
892.5
893.3
894.2
895.0
895.8
896.7
897.5
898.4
899.2
NEXT_SERIES
0.0106037367464
0.0099930444689
0.00931122829371
0.00863143340669
0.00772097676082
0.00654932309074
0.0048330263311
0.0051910120763
0.00345519624599
0.00348992989538
0.0025237925432
0.00291233449593
0.00271586338916
0.00126517503
0.000807992438786
-0.000314368816057
-0.000408501110956
-0.00125138442475
-0.000777661747613
-0.00102485705861
-0.000479834716844
0.000517829363393
0.00139996526051
0.00273537204507
0.00368597545986
0.00635492954906
0.00863142379186
0.0104182827168
0.0123163459358
0.012344229411
0.0138128352747
0.0142721090499
0.0161150258232
0.0163113041058
0.0163583541232
0.016580115782
0.0179689253895
0.0188920790241
0.0194871944505
0.0189701195206
0.0191652038212
0.0200505636691
0.0205335375301
0.0208548464535
0.0206160129795
0.019924085123
0.0206466964695
0.0204340488587
0.0211510230257
0.0197817196032
0.0200325677558
0.0199598875278
0.0208112235948
0.0210253852589
0.0212318932183
0.0214808999141
0.0214234741411
0.0214290534588
0.0206597124056
0.0201809614692
0.0198914878997
0.0197139027308
0.0196967621465
0.0200105040979
0.0199875261482
0.0197268689648
0.0193745853835
0.0192000103238
0.0192032311762
0.0193547437932
0.0194117656131
0.0191173131405
0.0178670663304
0.0175228281594
0.017563100298
0.0174463841792
0.017617792637
0.017706378315
0.0175912616069
0.0178243060369
0.0179038800121
0.0185778176091
0.0183328383736
0.0183148855258
0.018641814827
0.0195647622536
0.0196128980691
0.0201285002594
0.0198381411536
0.0205399414829
0.0210678809598
0.0210507544722
0.0209220034493
0.0201413911675
0.0208088973814
0.0207626648301
0.0216942961246
0.0216385547489
0.0215841786559
0.021569878647
0.0211502688166
0.0212957462664
0.0211139373896
0.0218960118882
0.0228670953991
0.0228303692055
0.0226823098638
0.0221543550798
0.0225638252343
0.0224042530374
0.0220935078141
0.0227244248415
0.023172865329
0.0239962344908
0.0242360314329
0.0237516660686
0.0240452893357
0.0237702191326
0.0239179186291
0.0231099065858
0.0233616019239
0.0228417277889
0.0232795173383
0.0224348557921
0.0227238702194
0.0224340592333
0.0226848253932
0.0227532652992
0.022268809938
0.0219577162356
0.0217873229952
0.022200197941
0.0211138363654
0.0209068513186
0.0198273112884
0.0198038718154
0.0190404720106
0.0189469815488
0.0176164092992
0.0172342069051
0.0166135295055
0.0172127231386
0.0164238055224
0.0156888607961
0.015107231529
0.0147623592273
0.0136412911543
0.0128517333929
0.0120135045128
0.012685863303
0.012524460704
0.0127025348986
0.0126186085179
0.0125512292136
0.012614779409
0.012257072673
0.0120281576965
0.0121992245133
0.0122999337342
0.013050883972
0.0134660997991
0.0141415567123
0.0144417174177
0.0145264132649
0.0150054318153
0.015226014127
0.0164237950285
0.0172262179464
0.0185380913656
0.0184425526348
0.0183809168634
0.0183993676633
0.0190228063628
0.0196694741906
0.0201021318473
0.0201321316011
0.0201389050156
0.0201545650514
0.0202543472727
0.0205479112996
0.0198476156281
0.0202425274616
0.0204672390699
0.0215890812946
0.0219431621484
0.0223527409251
0.0222791952006
0.0224543570159
0.0227113182547
0.0235836350894
0.0244241447984
0.0243532526944
0.0242021810324
0.0238746169002
0.023850056383
0.0240619585825
0.023790600031
0.0241603709957
0.0238704189511
0.0237376448218
0.0233176624515
0.0237199094135
0.0242850085439
0.0246072894394
0.0245894866678
0.0248773079568
0.0253828449079
0.025100504169
0.0247231764574
0.024792643619
0.0249655850518
0.0245934285123
0.0244844007337
0.0246451466732
0.0247355333443
0.0244965822372
0.0240960766532
0.0239484972383
0.0232545716401
0.0234632996848
0.0231035405143
0.0236169470523
0.023639815733
0.0238575797354
0.0238169975741
0.0233704965116
0.0236838006141
0.0230265397324
0.0232837433167
0.0227470962692
0.0225462588147
0.0222252350799
0.022390839482
0.0226429780291
0.0228096717058
0.0221179952603
0.0221278807377
0.0217323923185
0.0220124318632
0.021395370153
0.0212519993519
0.0212695967751
0.0216192638534
0.0213876679943
0.0214863805477
0.0215977893863
0.021810549154
0.0216993070254
0.0209609545423
0.0205150682585
0.0201655570148
0.0210128428215
0.0204919850916
0.0205130121111
0.0195581147525
0.019604880037
0.0192377437099
0.0190120944687
0.0195771401037
0.0203461174719
0.0211430882162
0.0209270726079
0.020310888689
0.0199839582884
0.0199670871298
0.019595442713
0.0196151613793
0.0196075882762
0.0194587331684
0.0193047655676
0.0192956673043
0.0195087551687
0.0193961399113
0.018805213047
0.0183820627294
0.0181155920441
0.0182421760449
0.0185593351453
0.0180050002552
0.0180055252577
0.0178735361692
0.0184173155171
0.0185549206245
0.0185903490967
0.0190867317867
0.0193007610205
0.0189210880114
0.0183180441803
0.0180063491802
0.0185421467694
0.0188004823875
0.0186391664999
0.0187143222322
0.0181274604618
0.0183017826399
0.0183769289651
0.0190776571721
0.0187882299192
0.0184658995966
0.0179895251605
0.0184785904886
0.0183784413824
0.0185602127005
0.0185018372629
0.0182136069823
0.0183383473405
0.0181369567509
0.0185547574333
0.0184583195945
0.0183737038747
0.0184451566753
0.0186009397602
0.018726797456
0.0185385861031
0.0181499656671
0.0180959232384
0.0185893125606
0.0191691281455
0.0189946641002
0.0179584672168
0.0181293942581
0.018287511424
0.0187782943537
0.0181544760987
0.0178982482419
0.0183420101616
0.0184678110212
0.0183378739464
0.0177552818587
0.0175866073964
0.0174993115337
0.0172884285367
0.0174406545366
0.0179333253554
0.0185238088666
0.0180898185629
0.0178698067516
0.0174698556937
0.0177964237628
0.0180088496855
0.0186254802047
0.0186739508041
0.0190012583067
0.0184766616852
0.0187735574888
0.0185588771618
0.018399892356
0.0184082451617
0.0181136024335
0.0183783738537
0.0180300220104
0.0182819002615
0.0183456954578
0.0187169764515
0.0185006339984
0.0185903897876
0.0185305026849
0.0189298368534
0.0193327944251
0.019455639421
0.0190854734976
0.0186679679731
0.018267143567
0.0186320595764
0.0185196247135
0.0182875536761
0.0179873684841
0.018307423442
0.0181924627846
0.0186589834565
0.018524777486
0.0186425703487
0.0177982132767
0.017873553693
0.0180327146894
0.0182954583805
0.0186050482669
0.01862414037
0.0190780821661
0.0189288302484
0.0192204902671
0.0194708192587
0.0195021873297
0.01972802367
0.0192837889762
0.019959164832
0.0194291549693
0.019553683716
0.0189599246327
0.0196460243005
0.0196098309267
0.0193690418936
0.0191760239343
0.0187220382184
0.018703274869
0.018703132114
0.0195953792366
0.0200106205239
0.0196539992804
0.0190766082058
0.0190213589339
0.0193404301764
0.019557447704
0.019745620182
0.0199704518355
0.0205026051265
0.0205288600155
0.0203786754693
0.0206629936663
0.0206566982112
0.0213121417568
0.0212348138809
0.0214382169886
0.0212945172534
0.0207325960859
0.0208087718366
0.0205969969427
0.0212657179959
0.0212395567951
0.0218006562298
0.0216870965535
0.0216857870471
0.0209790535355
0.0208964796681
0.0211023730489
0.0209656993591
0.021101891355
0.0210123896238
0.0217224332011
0.0219005944575
0.0216995702896
0.0217122129073
0.0210388797739
0.0219003885201
0.0219723128247
0.0231159940064
0.0230700148453
0.0230099337086
0.0225755638616
0.0226802301371
0.0230253709016
0.0228778271148
0.0223281728324
0.0224152341682
0.0225541454974
0.023010485436
0.0226992806283
0.0229791987152
0.0227619581566
0.0228755601716
0.0231647692609
0.0237943516125
0.0240916432183
0.0237502720191
0.0232724295887
0.0231334059932
0.0236654952403
0.0236581877186
0.0238285226896
0.0237100678205
0.0238838344415
0.0238429869074
0.0237462833524
0.0236308284371
0.023551078808
0.0233222539825
0.0234816777028
0.0238218752544
0.0237575965134
0.023459718808
0.0233515207635
0.0234904701879
0.0234833654454
0.023466340782
0.023880726451
0.0239180471201
0.0237220658094
0.0232461775014
0.0234677184446
0.0232062170688
0.0233288659686
0.0235270734949
0.0241832234394
0.0243681796133
0.0243513163288
0.0242187948173
0.0241488746939
0.0243238035201
0.0245755403603
0.0249296485427
0.0252064509686
0.025095322973
0.02448462264
0.0239402199002
0.0238436895246
0.0246107989132
0.0244539911757
0.0246776405854
0.0237597274522
0.0237535853617
0.0238089630056
0.0240310787601
0.0244453927753
0.0242794075892
0.0247547109686
0.0245447207783
0.0240380128772
0.0246532609302
0.0244815717551
0.02513041414
0.0243584990418
0.0246127055663
0.0244725043752
0.024432574376
0.0253358852682
0.0252061873976
0.0257495893647
0.0250624196638
0.0254517193539
0.0255565689699
0.0258045987137
0.0258834273809
0.0256056256078
0.025697263271
0.0256221572259
0.025710748269
0.0252824353653
0.025193706968
0.0255368283843
0.0257685256336
0.0257829716987
0.02550509533
0.0256782745769
0.0261655089825
0.0258982926803
0.0257454719079
0.0246684012908
0.0244916922509
0.024038660874
0.0246109056197
0.024644692438
0.0244042565591
0.0239288081157
0.024210990014
0.0242182259798
0.0240903234947
0.0231059419332
0.0229741052494
0.0231304575388
0.0234470215752
0.0234259071806
0.0233448436362
0.0235595471937
0.0236814704783
0.0237063399064
0.0232599627054
0.0233084442907
0.0229788179104
0.0226917090388
0.0226161102412
0.0224993081631
0.0228576614726
0.0222786273655
0.0223727794373
0.022744455429
0.0229748522346
0.0223932503698
0.0220029155046
0.021631589296
0.0216177534181
0.0208566023387
0.0209774004764
0.0208695585127
0.0208037238433
0.0207578227786
0.021098430978
0.0208984187882
0.0204131604395
0.0196820395592
0.0196760735997
0.0194494845674
0.01978308448
0.0198514367401
0.0197388981332
0.0193628359433
0.0195816990824
0.0194697205517
0.0197501226423
0.018885826711
0.0189410302123
0.0184038965356
0.0185074521447
0.0178980738339
0.0175770788615
0.0173079753905
0.0176861166715
0.0173653475494
0.0167737363484
0.0168230346569
0.0170604228585
0.0172764873891
0.0164004803223
0.0169875475388
0.0166420482862
0.0172115167335
0.0163413776461
0.016916910125
0.0168271633794
0.0169643746977
0.0169757213369
0.0163614587617
0.0156964070963
0.0147562821152
0.0147952618316
0.0149856391795
0.0148578440784
0.0141864533428
0.0134514955911
0.0137464624226
0.0140485648448
0.0143127811805
0.0143190321162
0.0136975309009
0.0140408118215
0.0135243362993
0.0137818638304
0.0133401238051
0.012599124377
0.0128971327762
0.0125285059343
0.0132601601094
0.013254352091
0.0137225255633
0.0137906671741
0.013315346137
0.0126742415412
0.0124760080965
0.0125771530878
0.0122519631015
0.0122575061606
0.0116227354591
0.0117420282991
0.0120424026573
0.0119809522486
0.0112786337644
0.0103945455292
0.00973634346265
0.0103477002043
0.0100158368712
0.0106927292184
0.0105869675979
0.010663864238
0.00936779442767
0.00895185486466
0.00900031108854
END
