380.3
381.1
381.9
382.7
383.5
384.4
385.2
386.0
386.8
387.6
388.4
389.2
390.1
390.9
391.7
392.5
393.3
394.1
394.9
395.8
396.6
397.4
398.2
399.0
399.8
400.6
401.5
402.3
403.1
403.9
404.7
405.5
406.3
407.2
408.0
408.8
409.6
410.4
411.2
412.0
412.8
413.7
414.5
415.3
416.1
416.9
417.7
418.5
419.4
420.2
421.0
421.8
422.6
423.4
424.2
425.1
425.9
426.7
427.5
428.3
429.1
429.9
430.8
431.6
432.4
433.2
434.0
434.8
435.6
436.4
437.3
438.1
438.9
439.7
440.5
441.3
442.1
443.0
443.8
444.6
445.4
446.2
447.0
447.8
448.7
449.5
450.3
451.1
451.9
452.7
453.5
454.4
455.2
456.0
456.8
457.6
458.4
459.2
460.0
460.9
461.7
462.5
463.3
464.1
464.9
465.7
466.6
467.4
468.2
469.0
469.8
470.6
471.4
472.3
473.1
473.9
474.7
475.5
476.3
477.1
478.0
478.8
479.6
480.4
481.2
482.0
482.8
483.6
484.5
485.3
486.1
486.9
487.7
488.5
489.3
490.2
491.0
491.8
492.6
493.4
494.2
495.0
495.9
496.7
497.5
498.3
499.1
499.9
500.7
501.6
502.4
503.2
504.0
504.8
505.6
506.4
507.2
508.1
508.9
509.7
510.5
511.3
512.1
512.9
513.7
514.5
515.3
516.1
516.8
517.6
518.4
519.2
520.0
520.8
521.5
522.3
523.1
523.9
524.7
525.5
526.2
527.0
527.8
528.6
529.4
530.2
530.9
531.7
532.5
533.3
534.1
534.9
535.6
536.4
537.2
538.0
538.8
539.6
540.3
541.1
541.9
542.7
543.5
544.3
545.0
545.8
546.6
547.4
548.2
549.0
549.7
550.5
551.3
552.1
552.9
553.7
554.4
555.2
556.0
556.8
557.6
558.4
559.1
559.9
560.7
561.5
562.3
563.1
563.8
564.6
565.4
566.2
567.0
567.8
568.5
569.3
570.1
570.9
571.7
572.5
573.2
574.0
574.8
575.6
576.4
577.2
577.9
578.7
579.5
580.3
581.1
581.9
582.6
583.4
584.2
585.0
585.8
586.6
587.3
588.1
588.9
589.6
590.3
591.1
591.8
592.6
593.3
594.0
594.8
595.5
596.3
597.0
597.7
598.5
599.2
600.0
600.7
601.5
602.2
602.9
603.7
604.4
605.2
605.9
606.6
607.4
608.1
608.9
609.6
610.3
611.1
611.8
612.6
613.3
614.0
614.8
615.5
616.3
617.0
617.7
618.5
619.2
620.0
620.7
621.4
622.2
622.9
623.7
624.4
625.2
625.9
626.6
627.4
628.1
628.9
629.6
630.3
631.1
631.8
632.6
633.3
634.0
634.8
635.5
636.3
637.0
637.7
638.5
639.2
640.0
640.7
641.4
642.2
642.9
643.7
644.4
645.1
645.9
646.6
647.4
648.1
648.8
649.6
650.3
651.1
651.8
652.6
653.3
654.0
654.8
655.5
656.3
657.0
657.7
658.5
659.2
660.0
660.7
661.4
662.2
662.9
663.7
664.4
665.1
665.9
666.6
667.4
668.1
668.9
669.6
670.4
671.2
671.9
672.7
673.4
674.2
674.9
675.7
676.5
677.2
678.0
678.7
679.5
680.2
681.0
681.8
682.5
683.3
684.0
684.8
685.5
686.3
687.1
687.8
688.6
689.3
690.1
690.8
691.6
692.4
693.1
693.9
694.6
695.4
696.1
696.9
697.7
698.4
699.2
699.9
700.7
701.4
702.2
703.0
703.7
704.5
705.2
706.0
706.8
707.6
708.4
709.2
710.0
710.8
711.6
712.4
713.2
714.0
714.8
715.6
716.4
717.2
718.0
718.8
719.6
720.4
721.2
722.0
722.8
723.6
724.4
725.2
726.0
726.8
727.6
728.4
729.2
730.0
730.8
731.6
732.4
733.2
734.0
734.8
735.6
736.4
737.2
738.0
738.8
739.6
740.4
741.2
742.0
742.8
743.6
744.4
745.2
746.0
746.8
747.6
748.4
749.2
750.0
750.8
751.6
752.4
753.2
754.0
754.8
755.6
756.4
757.2
758.0
758.8
759.6
760.4
761.2
762.0
762.8
763.6
764.4
765.2
766.0
766.8
767.6
768.4
769.2
770.0
770.8
771.6
772.4
773.2
774.1
774.9
775.7
776.5
777.3
778.1
778.9
779.7
780.5
781.3
782.1
782.9
783.7
784.5
785.3
786.1
786.9
787.7
788.5
789.3
790.1
790.9
791.7
792.5
793.3
794.1
794.9
795.7
796.5
797.3
798.1
798.9
799.7
800.5
801.3
802.1
802.9
803.7
804.5
805.3
806.1
806.9
807.7
808.5
809.3
810.1
810.9
811.7
812.5
813.3
814.1
814.9
815.7
816.5
817.3
818.1
818.9
819.7
820.5
821.3
822.1
822.9
823.7
824.5
825.3
826.1
826.9
827.7
828.5
829.3
830.1
830.9
831.7
832.6
833.4
834.3
835.1
835.9
836.8
837.6
838.5
839.3
840.2
841.0
841.9
842.7
843.5
844.4
845.2
846.1
846.9
847.8
848.6
849.4
850.3
851.1
852.0
852.8
853.7
854.5
855.3
856.2
857.0
857.9
858.7
859.6
860.4
861.3
862.1
862.9
863.8
864.6
865.5
866.3
867.2
868.0
868.8
869.7
870.5
871.4
872.2
873.1
873.9
874.8
875.6
876.4
877.3
878.1
879.0
879.8
880.7
881.5
882.3
883.2
884.0
884.9
885.7
886.6
887.4
888.2
889.1
889.9
890.8
891.6
892.5
893.3
894.2
895.0
895.8
896.7
897.5
898.4
899.2
NEXT_SERIES
0.26018250148
0.26420619958
0.267509109774
0.267371667887
0.265147020322
0.263175797489
0.263709953533
0.266047045863
0.2678027373
0.271239367956
0.273446508027
0.276298393802
0.278187364669
0.278473765076
0.279964196893
0.279479529063
0.279283153345
0.276726947322
0.275949377763
0.274087062744
0.274088932903
0.27420899706
0.275248064587
0.275531995574
0.275648548338
0.2763100248
0.277088956571
0.277559902269
0.277760828038
0.276921788387
0.276453440774
0.275943318372
0.276758084394
0.276008573122
0.27389127467
0.271994968004
0.271362201212
0.271132798411
0.269625856295
0.268326658168
0.267397730373
0.266546506509
0.2643872675
0.262491193121
0.259715221482
0.2575026904
0.255131712293
0.253990074944
0.252053203672
0.250003910194
0.247739701608
0.246457012877
0.245105982435
0.243676944747
0.242000285837
0.24009159505
0.238659936264
0.236989079688
0.234658365581
0.232176741442
0.230284328005
0.22925362032
0.227839679703
0.226117076623
0.224262527075
0.222540137953
0.221024366171
0.220081296391
0.218739122136
0.217770479078
0.21628821218
0.215704954393
0.214348859478
0.213888482863
0.212527857142
0.211005130705
0.209706762225
0.209538741533
0.209528177536
0.209627557423
0.209420652576
0.209761050172
0.209884706169
0.210076191502
0.21036773285
0.210598391108
0.21063218314
0.21081382304
0.211689444022
0.212365294629
0.213665629762
0.214367914271
0.215513729309
0.215863019893
0.216314447121
0.21701117504
0.218462612959
0.218998550389
0.220437149255
0.221459280909
0.224120113891
0.22499760173
0.226763906968
0.228176524522
0.229904996699
0.231364380627
0.23206430539
0.233893089188
0.235971282874
0.238123863259
0.239316635425
0.240614214876
0.242903832326
0.244590797694
0.246387518234
0.247033966035
0.249445131789
0.250950046022
0.25363181936
0.254714030018
0.257140963787
0.25821202225
0.261301244153
0.263579180974
0.266093433848
0.267767709866
0.270194010877
0.272249258199
0.274240985373
0.275709136719
0.277641823697
0.280627440447
0.282039583576
0.284239948147
0.285605049763
0.286448375267
0.287522721793
0.289313829632
0.29182068366
0.293398646623
0.29470051134
0.296713155811
0.298704091119
0.300597627725
0.302691898693
0.303512156016
0.304750849621
0.305427725991
0.306659224468
0.308575739452
0.310254661705
0.312771274339
0.314551002489
0.316202368937
0.317907494726
0.319089560168
0.321820078916
0.324545964689
0.326669811699
0.328300939497
0.33025143744
0.332997671768
0.334771266148
0.336434385106
0.338172492025
0.340314163219
0.34306921279
0.345184625059
0.347059138708
0.348644892778
0.350157411972
0.352046174618
0.353448953087
0.355791790847
0.357356899279
0.357986660336
0.358165604815
0.358926931709
0.359910089336
0.360471500733
0.360359264707
0.360885006436
0.361147444529
0.361671388178
0.362155312814
0.362673500936
0.362086865429
0.362415646699
0.36218740223
0.362447249394
0.361584539616
0.361137179354
0.361569404473
0.360443347494
0.358541463515
0.356572599111
0.354815054719
0.354177939918
0.353278498266
0.352181873616
0.351411864162
0.350168587337
0.348914038067
0.346281563791
0.344453567324
0.342755214182
0.341183500004
0.338504139731
0.336435704024
0.333633542159
0.331555309028
0.329125520492
0.327551551954
0.324905828054
0.321636557012
0.318243146418
0.314952705862
0.311979458472
0.308628972609
0.305682833931
0.30238299095
0.299496279145
0.296618074601
0.294047285757
0.291076347832
0.288060740452
0.285110801009
0.282017757541
0.27836241721
0.274009264158
0.269682838246
0.265671208864
0.262575629683
0.259324818474
0.255992129273
0.252823051204
0.24957868055
0.245720344698
0.241387084517
0.236820049355
0.233068039526
0.228791959689
0.225340384639
0.221730666559
0.2184783008
0.215070903611
0.212117829629
0.208420193613
0.204295449941
0.200427231412
0.196694928248
0.193673261208
0.189257960412
0.186191342426
0.18256295232
0.179513426173
0.175862954181
0.17227497127
0.169286037364
0.166937015548
0.164824993781
0.162274079396
0.159004002514
0.15603179374
0.153079069198
0.150455771485
0.147492731493
0.144951736848
0.142062787621
0.139610484851
0.137406600728
0.134874457413
0.132915791059
0.130651550783
0.128893350624
0.12603893419
0.123383747074
0.12088558321
0.119089391765
0.117137990819
0.11551190168
0.114061460614
0.111855490058
0.109832844321
0.108077059887
0.106985836892
0.105364228469
0.103507865476
0.101439655205
0.100644691149
0.0991940956511
0.0981373310052
0.0966782235201
0.0948281619886
0.0936321067948
0.0921013021437
0.0914163183265
0.0904952303913
0.0893184665397
0.0881124349869
0.0866851387419
0.0852266779346
0.0843868151623
0.0831821514544
0.0820629874988
0.0809542873627
0.0801748273734
0.0795773331417
0.0782283414701
0.077565435798
0.0767155695705
0.0761490485693
0.0751540846682
0.0742761818229
0.0737252595246
0.0735743880297
0.0734122718811
0.07270987888
0.0715792863851
0.0703606451993
0.0699960868458
0.0688307564695
0.0679327789024
0.0668728241493
0.0664025815937
0.0660870186454
0.0655582053992
0.0647059554788
0.0644261786139
0.0635650165
0.0634558954616
0.0624727629019
0.0622174688004
0.0617184760569
0.0614915543875
0.060676335959
0.0601978698809
0.059888130809
0.060002655511
0.0594037674939
0.0591689496233
0.05854045522
0.0585251334748
0.0572668046553
0.0573238909774
0.056642543824
0.0568803354349
0.0561720934809
0.0557998022003
0.0547265340625
0.054540091256
0.0544034806671
0.0546908924743
0.0541264292066
0.0537532143836
0.0534163687412
0.053030720722
0.0527973983103
0.0526666472291
0.0525366759184
0.052484932212
0.0518955340253
0.0513825388569
0.0510975551501
0.0510555643866
0.0508600396312
0.0502184678831
0.0501588109653
0.0496246835734
0.0493687230089
0.0488617160202
0.0490933285991
0.0488319837168
0.0488124691952
0.0484241737736
0.0482928336647
0.0478615507083
0.0474613475115
0.0472777803816
0.0472609596115
0.0469821158132
0.0468852749732
0.0460928629711
0.0462712987422
0.0456848772629
0.0461788110781
0.0458748865561
0.0459848266011
0.0455082774678
0.0457575358352
0.0456159229549
0.0454285255692
0.0448945419609
0.0444211548534
0.0439766287224
0.0434556796905
0.043499732256
0.043920697227
0.0439982188875
0.043605431729
0.0429515122696
0.0430057663692
0.0430360483348
0.0434340846531
0.0438962495258
0.0439574583256
0.0437786022781
0.0428743594438
0.0429333507896
0.0431014687747
0.0435695095235
0.0435971521321
0.0430854435768
0.0429228367868
0.0423041729729
0.04290847739
0.0430231937952
0.0436327990772
0.043245762449
0.0426673488655
0.0428631502422
0.0420334142289
0.0417917695013
0.0412877715981
0.0420141577464
0.0421151156273
0.0422887758923
0.0421189356652
0.0422485854777
0.0418170952045
0.0415400697067
0.0414893763109
0.0411073683333
0.0413227240784
0.0411639963345
0.0419616457563
0.0418739923188
0.0417245120495
0.0416905853343
0.0418346001916
0.0423290311574
0.0420892488352
0.0419335686176
0.0421318489159
0.0419799003949
0.0422167402125
0.0414968006218
0.041823556078
0.0416122994761
0.0417875382243
0.0415363977899
0.0416607351188
0.0418178513767
0.041461155823
0.041206620496
0.040943283892
0.0411007125322
0.0412424701158
0.0412004678661
0.0414063537454
0.0411661776718
0.041347251978
0.0410506007859
0.0412730223131
0.0410874906376
0.0409524785232
0.0411526611257
0.041286367507
0.041680783449
0.0410709160323
0.0408945419898
0.040913718805
0.0408030520747
0.0407289046094
0.0407565384634
0.0405984055518
0.0406802250015
0.0402388022607
0.0404993812824
0.0404361801023
0.0406277110166
0.0406382100134
0.0409501202104
0.0408160642143
0.0410719912755
0.0411673504068
0.0411558663876
0.0411981510976
0.0409663408401
0.0412574619645
0.0411466197591
0.040873167732
0.0406273721311
0.0405878838926
0.0411030198313
0.0413708151531
0.0416202415285
0.0413422034829
0.0411142450002
0.0409803530632
0.0411593458904
0.0411768102629
0.0414695896233
0.0410499372287
0.0414194631571
0.0413279225086
0.0413027471459
0.0417138635406
0.0413830755698
0.0425130460267
0.0417680076261
0.0420561442137
0.0416614236352
0.0420188474406
0.0422076835977
0.0415467049582
0.0417134671325
0.0414583943569
0.0417029143137
0.0415118521621
0.041765293925
0.0420853439482
0.0415287298799
0.0407062584336
0.0406199430402
0.040988080959
0.0414765258015
0.0410876876959
0.0418338348315
0.0420483947602
0.0427494863051
0.0418993415304
0.0418848326794
0.0419802481116
0.0420304748605
0.0418319106857
0.0407364401828
0.0402521488028
0.0403986185489
0.0408778563863
0.0414551658438
0.0411630203949
0.0407777950879
0.0405375954538
0.0404364681325
0.0406622110907
0.0399832405689
0.039970796389
0.0395379214505
0.0399658945126
0.0395740585245
0.0394829194406
0.0400520843544
0.0403311527664
0.0411885338256
0.0404138658728
0.0401893259007
0.0391712193343
0.0389631996533
0.038540312146
0.0384985540617
0.0384521648018
0.0385966671856
0.0387744554977
0.0390297978342
0.0391766839762
0.0388238945977
0.0387431792159
0.0382924868169
0.0383325594965
0.037761082311
0.0381875704923
0.0376244379791
0.0377112829083
0.0372571157533
0.0377088491135
0.0374297789871
0.0374854836217
0.0371111385557
0.037139199995
0.0369777078566
0.0373154632944
0.037304237142
0.0369422269791
0.0361462685645
0.0362791636024
0.0362353738533
0.0368382938962
0.0364187507932
0.0365639877737
0.0360065834479
0.0359461630045
0.0355415147131
0.035453051373
0.0349763884464
0.0357012575215
0.0356985003228
0.0359560899042
0.0355885049584
0.0356084415134
0.0356220158126
0.0355089596373
0.0360422698311
0.0358387254838
0.0353764393078
0.0348562518496
0.0346638936052
0.0349892575393
0.0340345323523
0.0340673806023
0.0331976070833
0.0336354738981
0.0332961807099
0.0334588299957
0.0338690453622
0.034159767125
0.0334061306826
0.0321329486764
0.0320207204199
0.0324188419215
0.0328343823446
0.032214738946
0.031973081555
0.0321371966998
0.0324818679914
0.0332087965839
0.0332024860726
0.0327707631966
0.0324158837211
0.0321757664885
0.032226855372
0.0321654529583
0.0321553547767
0.0319644573191
0.0315146908077
0.0306578211978
0.0313396228654
0.0322000628607
0.032920264795
0.0321120155341
0.0307621677912
0.0300886479717
0.0297438972445
0.0294372842698
0.0291868513104
0.029857523541
0.0295980949075
0.0296472263415
0.0280109932423
0.0285597858079
0.0278116889797
0.0284923079106
0.0267932873686
0.0272043787391
0.0273160287009
END
