380.3
381.1
381.9
382.7
383.5
384.4
385.2
386.0
386.8
387.6
388.4
389.2
390.1
390.9
391.7
392.5
393.3
394.1
394.9
395.8
396.6
397.4
398.2
399.0
399.8
400.6
401.5
402.3
403.1
403.9
404.7
405.5
406.3
407.2
408.0
408.8
409.6
410.4
411.2
412.0
412.8
413.7
414.5
415.3
416.1
416.9
417.7
418.5
419.4
420.2
421.0
421.8
422.6
423.4
424.2
425.1
425.9
426.7
427.5
428.3
429.1
429.9
430.8
431.6
432.4
433.2
434.0
434.8
435.6
436.4
437.3
438.1
438.9
439.7
440.5
441.3
442.1
443.0
443.8
444.6
445.4
446.2
447.0
447.8
448.7
449.5
450.3
451.1
451.9
452.7
453.5
454.4
455.2
456.0
456.8
457.6
458.4
459.2
460.0
460.9
461.7
462.5
463.3
464.1
464.9
465.7
466.6
467.4
468.2
469.0
469.8
470.6
471.4
472.3
473.1
473.9
474.7
475.5
476.3
477.1
478.0
478.8
479.6
480.4
481.2
482.0
482.8
483.6
484.5
485.3
486.1
486.9
487.7
488.5
489.3
490.2
491.0
491.8
492.6
493.4
494.2
495.0
495.9
496.7
497.5
498.3
499.1
499.9
500.7
501.6
502.4
503.2
504.0
504.8
505.6
506.4
507.2
508.1
508.9
509.7
510.5
511.3
512.1
512.9
513.7
514.5
515.3
516.1
516.8
517.6
518.4
519.2
520.0
520.8
521.5
522.3
523.1
523.9
524.7
525.5
526.2
527.0
527.8
528.6
529.4
530.2
530.9
531.7
532.5
533.3
534.1
534.9
535.6
536.4
537.2
538.0
538.8
539.6
540.3
541.1
541.9
542.7
543.5
544.3
545.0
545.8
546.6
547.4
548.2
549.0
549.7
550.5
551.3
552.1
552.9
553.7
554.4
555.2
556.0
556.8
557.6
558.4
559.1
559.9
560.7
561.5
562.3
563.1
563.8
564.6
565.4
566.2
567.0
567.8
568.5
569.3
570.1
570.9
571.7
572.5
573.2
574.0
574.8
575.6
576.4
577.2
577.9
578.7
579.5
580.3
581.1
581.9
582.6
583.4
584.2
585.0
585.8
586.6
587.3
588.1
588.9
589.6
590.3
591.1
591.8
592.6
593.3
594.0
594.8
595.5
596.3
597.0
597.7
598.5
599.2
600.0
600.7
601.5
602.2
602.9
603.7
604.4
605.2
605.9
606.6
607.4
608.1
608.9
609.6
610.3
611.1
611.8
612.6
613.3
614.0
614.8
615.5
616.3
617.0
617.7
618.5
619.2
620.0
620.7
621.4
622.2
622.9
623.7
624.4
625.2
625.9
626.6
627.4
628.1
628.9
629.6
630.3
631.1
631.8
632.6
633.3
634.0
634.8
635.5
636.3
637.0
637.7
638.5
639.2
640.0
640.7
641.4
642.2
642.9
643.7
644.4
645.1
645.9
646.6
647.4
648.1
648.8
649.6
650.3
651.1
651.8
652.6
653.3
654.0
654.8
655.5
656.3
657.0
657.7
658.5
659.2
660.0
660.7
661.4
662.2
662.9
663.7
664.4
665.1
665.9
666.6
667.4
668.1
668.9
669.6
670.4
671.2
671.9
672.7
673.4
674.2
674.9
675.7
676.5
677.2
678.0
678.7
679.5
680.2
681.0
681.8
682.5
683.3
684.0
684.8
685.5
686.3
687.1
687.8
688.6
689.3
690.1
690.8
691.6
692.4
693.1
693.9
694.6
695.4
696.1
696.9
697.7
698.4
699.2
699.9
700.7
701.4
702.2
703.0
703.7
704.5
705.2
706.0
706.8
707.6
708.4
709.2
710.0
710.8
711.6
712.4
713.2
714.0
714.8
715.6
716.4
717.2
718.0
718.8
719.6
720.4
721.2
722.0
722.8
723.6
724.4
725.2
726.0
726.8
727.6
728.4
729.2
730.0
730.8
731.6
732.4
733.2
734.0
734.8
735.6
736.4
737.2
738.0
738.8
739.6
740.4
741.2
742.0
742.8
743.6
744.4
745.2
746.0
746.8
747.6
748.4
749.2
750.0
750.8
751.6
752.4
753.2
754.0
754.8
755.6
756.4
757.2
758.0
758.8
759.6
760.4
761.2
762.0
762.8
763.6
764.4
765.2
766.0
766.8
767.6
768.4
769.2
770.0
770.8
771.6
772.4
773.2
774.1
774.9
775.7
776.5
777.3
778.1
778.9
779.7
780.5
781.3
782.1
782.9
783.7
784.5
785.3
786.1
786.9
787.7
788.5
789.3
790.1
790.9
791.7
792.5
793.3
794.1
794.9
795.7
796.5
797.3
798.1
798.9
799.7
800.5
801.3
802.1
802.9
803.7
804.5
805.3
806.1
806.9
807.7
808.5
809.3
810.1
810.9
811.7
812.5
813.3
814.1
814.9
815.7
816.5
817.3
818.1
818.9
819.7
820.5
821.3
822.1
822.9
823.7
824.5
825.3
826.1
826.9
827.7
828.5
829.3
830.1
830.9
831.7
832.6
833.4
834.3
835.1
835.9
836.8
837.6
838.5
839.3
840.2
841.0
841.9
842.7
843.5
844.4
845.2
846.1
846.9
847.8
848.6
849.4
850.3
851.1
852.0
852.8
853.7
854.5
855.3
856.2
857.0
857.9
858.7
859.6
860.4
861.3
862.1
862.9
863.8
864.6
865.5
866.3
867.2
868.0
868.8
869.7
870.5
871.4
872.2
873.1
873.9
874.8
875.6
876.4
877.3
878.1
879.0
879.8
880.7
881.5
882.3
883.2
884.0
884.9
885.7
886.6
887.4
888.2
889.1
889.9
890.8
891.6
892.5
893.3
894.2
895.0
895.8
896.7
897.5
898.4
899.2
NEXT_SERIES
0.716777376544
0.721028695931
0.729113982365
0.723745088835
0.722394717012
0.724773840903
0.72767417997
0.734394736631
0.73147506013
0.732467250205
0.730213892815
0.732421075801
0.737405258276
0.740190085678
0.746238003248
0.748740194327
0.752542685976
0.755337590902
0.757105035558
0.757875150612
0.758266193559
0.757740541138
0.756827130217
0.755346595403
0.754261177184
0.75364955422
0.752982092845
0.75205306704
0.751557187195
0.750980732243
0.751728790118
0.751313941722
0.752036940309
0.752906994878
0.755441500724
0.757122182802
0.759785805868
0.759172957702
0.7598282508
0.759615415155
0.761757131189
0.764459982091
0.765019883471
0.768634889485
0.771052319483
0.774695670239
0.776097386088
0.777848099327
0.778845445434
0.779964837728
0.782814933907
0.787010319945
0.789993374585
0.791638834619
0.794334541565
0.799534572331
0.804170325477
0.806542462957
0.807493796465
0.810463079113
0.814714156822
0.819913459243
0.824070746822
0.828843432994
0.834775073831
0.838697338877
0.843840529402
0.847235593405
0.852494621545
0.858990444201
0.864507952274
0.871796877055
0.876178074395
0.881275384799
0.885855104137
0.89181620928
0.900456172291
0.907500218892
0.914727763411
0.921689393935
0.930218465384
0.938566075803
0.945714518208
0.952871891595
0.961161976451
0.968974832417
0.976038582193
0.98287078198
0.990546247829
1.00103630565
1.01013234625
1.01839768065
1.02262451726
1.02780589706
1.03486163055
1.04334723481
1.05143812155
1.05722279595
1.06274738104
1.06682323839
1.0742419239
1.08092908221
1.08934780634
1.09802227431
1.11021437499
1.12015945913
1.12602605094
1.13232296255
1.1391895142
1.14828052431
1.15254882125
1.15986764266
1.16883091488
1.17972358209
1.19101843817
1.19864029824
1.20407831652
1.20754334248
1.21224915968
1.21568024748
1.22284429577
1.23389120375
1.24737246934
1.25430631646
1.25826952173
1.26559196737
1.27580132052
1.28652104865
1.29774563586
1.30534548094
1.30779809312
1.31443132268
1.32409537245
1.3339608703
1.33804863505
1.3400616656
1.34915324902
1.3567016466
1.36586048546
1.36833406549
1.37780853638
1.39071544031
1.40443131404
1.40605714141
1.41069531993
1.41293356521
1.42392687764
1.42602332141
1.43466052449
1.43721734732
1.44342310052
1.44737589739
1.45231370974
1.44997801377
1.45567061577
1.45928899821
1.47079723888
1.47455397903
1.47496777747
1.47891584538
1.47550996344
1.4823441686
1.48486307424
1.49295756204
1.49560821867
1.4948794226
1.48921031651
1.49040366707
1.4900907889
1.49256845267
1.49296752321
1.4937474029
1.4903715895
1.48633959285
1.4852831092
1.48950403707
1.48721894313
1.48691520995
1.48629649257
1.48751085672
1.48441209635
1.48431247268
1.48145345244
1.48003638502
1.47373933404
1.47069679745
1.46495310327
1.45922853152
1.45111607953
1.44492653291
1.44194462301
1.43453446477
1.42755055408
1.41790673769
1.40731039973
1.39969606968
1.39537533786
1.39254134805
1.38559577299
1.3753387642
1.36768798264
1.35983272678
1.34933461898
1.33588842884
1.321770602
1.31276438855
1.30270764607
1.29335621507
1.28104728451
1.26912940552
1.25356949225
1.24086180186
1.23014352209
1.22275088275
1.21264235166
1.199897333
1.1873432514
1.1708237292
1.15532096505
1.13908643061
1.1244769519
1.10799315609
1.09226679709
1.07846330635
1.06408245591
1.04817147712
1.02976234696
1.013147528
0.994486443155
0.975831994994
0.958684849484
0.940039944625
0.922610338632
0.90333072891
0.886437753716
0.8688597558
0.851652753532
0.833175303898
0.814200809925
0.793917688079
0.773674419952
0.754981058993
0.735704443137
0.717214547919
0.698202141988
0.680320432582
0.662146293352
0.643086407727
0.623833985338
0.605600999168
0.588316155495
0.572074486044
0.555830502181
0.539480169118
0.523572949584
0.507892726695
0.492852367937
0.477746363616
0.462972919891
0.448692430749
0.434329495323
0.421167120676
0.408002825918
0.395491712365
0.382619245549
0.370571959401
0.359587027046
0.348936380007
0.337895691362
0.327149857334
0.317123839786
0.307785895767
0.298479253537
0.289400617108
0.280722326697
0.27265238355
0.265031778749
0.257530717615
0.249703799873
0.242385156302
0.236068463984
0.230441798216
0.224054360858
0.217920719559
0.212256298929
0.207222294215
0.201452515602
0.196724857623
0.19201867086
0.188173727355
0.183279161548
0.17908024795
0.174972958292
0.171114455216
0.167761049289
0.164698735782
0.162122918165
0.159434383882
0.156635054094
0.154143361043
0.151481093118
0.149304915326
0.147126094177
0.14530237749
0.142998326254
0.141050699205
0.139086596958
0.137401190778
0.135686086261
0.133973027668
0.13248025408
0.131118467344
0.130094031892
0.129031605968
0.127518087122
0.126208464305
0.125470678517
0.124670550389
0.123924267987
0.122608739114
0.122010154999
0.121212181319
0.12041810593
0.119319782596
0.118446524045
0.118116610032
0.117774172656
0.116801071308
0.115769137369
0.115153527818
0.114707608349
0.114194018917
0.113984578393
0.113516096899
0.11334954089
0.112523687437
0.111941943019
0.111225135379
0.110773753222
0.110503987596
0.11084772265
0.110481795693
0.11055703714
0.109555677132
0.109637104052
0.108874956051
0.108609482139
0.107351132527
0.106873256955
0.106074593034
0.106001499591
0.105872915287
0.105908856466
0.10544165948
0.104756453786
0.104420178622
0.104621521989
0.104704902346
0.104222379658
0.103676669114
0.103388310851
0.103529639191
0.102860118047
0.102741855045
0.102626817876
0.102761863187
0.102265412864
0.101572017995
0.101453733181
0.101358412475
0.101134758521
0.100986418995
0.100923547896
0.101011106808
0.100898217127
0.100347821698
0.100186704385
0.0999352803034
0.0999714361877
0.0997678951053
0.0996577838024
0.0992342469295
0.0983618997644
0.0976897435434
0.097127932805
0.0976892656424
0.0975905755344
0.0975095420581
0.0972302347669
0.0975581216991
0.0979811368441
0.0974937179814
0.0973239245487
0.096974288995
0.0968665731472
0.0963563553027
0.096625669702
0.0970094822037
0.0968755082519
0.0964414615522
0.096304395894
0.0964071701044
0.0961065266411
0.0955387688529
0.0952910706453
0.0955290663334
0.0958968279468
0.0963681266916
0.0966143457611
0.0964983101985
0.095528846475
0.0948695457913
0.0940487189417
0.0950010700242
0.0947283910015
0.0952948272856
0.0945173617979
0.0945009333075
0.0942029312864
0.0941823600023
0.0943875070502
0.0940494719151
0.0939939963695
0.0938811464365
0.0944004358219
0.0936668117843
0.093758607593
0.0933073790781
0.0939259248233
0.0939949306977
0.0943117960981
0.0943381686353
0.0936848667991
0.0940300913338
0.0937414568279
0.0940706141164
0.0938701974277
0.0951270507755
0.0956126759988
0.095500991067
0.0945923207343
0.0941378964187
0.0936382373667
0.0935736700319
0.0935586736581
0.0939855252813
0.0936824176969
0.0936502234813
0.0930615844512
0.0927777740934
0.0923210109329
0.0926630300358
0.0924371936227
0.0925966122232
0.0924885727147
0.0930343303629
0.093154389097
0.0930802782922
0.0922979870549
0.0920279797759
0.0919237035509
0.09244407921
0.0929933784485
0.0930193977802
0.092930403073
0.0925128594611
0.0930448090733
0.0928573162588
0.0932460797205
0.0926193211935
0.0933873341687
0.0932474072088
0.0930052427492
0.0924466585927
0.0922641942316
0.0926035335888
0.0922245382214
0.0920574202522
0.0917056763298
0.0917911621023
0.091767950895
0.0919005573459
0.0922982443978
0.0925421683618
0.0928442463355
0.092522601942
0.0922218114248
0.0916157876361
0.0918373452772
0.0917082352564
0.0923254304523
0.0925031817438
0.0925110243871
0.0919237412116
0.0914222602244
0.0910019107226
0.0911829009402
0.0911427842306
0.0919800879408
0.0919746822564
0.0924579381991
0.091852000441
0.0919763802836
0.0916241485541
0.0914992919999
0.0914205690599
0.0909153473399
0.0914189516136
0.0912645392115
0.0924657585589
0.0924896862637
0.0926345614472
0.0925256248367
0.0927503054146
0.0932438910948
0.0928182584218
0.0928047130975
0.0921046161375
0.0922382168836
0.0921526049432
0.0925231792865
0.0926419353168
0.0927557052112
0.0929324585298
0.0923291062013
0.091714033616
0.0912603589716
0.0917382021978
0.0921919913647
0.0923277368232
0.092127775755
0.0922336585874
0.0925918779149
0.092432542199
0.0920640192226
0.0919349794212
0.0924821724581
0.0929182615299
0.0929536508073
0.0937789989706
0.0939786168504
0.0943238239078
0.0938653796383
0.0940263020052
0.0934381595601
0.0931964132568
0.0922493269847
0.09231599297
0.0921957429857
0.092797000385
0.0924789142529
0.0925473246695
0.092587825628
0.0923597171425
0.0924761875873
0.091854683331
0.0919793232554
0.0910015522202
0.0905871094666
0.0900574771508
0.0894922602075
0.0893751131988
0.0896733987322
0.0900120789203
0.0912177178189
0.0910287540113
0.0907063576782
0.0895347281504
0.0893198304425
0.0898496556709
0.0894468206971
0.0898185343319
0.0890176715852
0.0893366562501
0.0895275613778
0.0898167145483
0.0898520023372
0.0898028123183
0.0901787032126
0.090376561767
0.0900047341611
0.0899407274653
0.0890074585654
0.0886854219387
0.0885357597425
0.0896311461082
0.0900392750414
0.0906530076145
0.090789444919
0.0915733232557
0.0914392885755
0.0909469998952
0.0902734695828
0.0888452526478
0.0887805809772
0.0889907918701
0.0905541087834
0.0908026455944
0.0903517907433
0.0900840573499
0.0901173376869
0.0903868538944
0.0902534155006
0.0895981737536
0.0889997198847
0.0889236950239
0.0888890661168
0.0890743479094
0.0883155450648
0.0884118087564
0.0887016157781
0.0888059838275
0.0882701425097
0.0880349633871
0.0887206057614
0.0890794657671
0.0884290980442
0.0873896115261
0.0872240014305
0.0874400326263
0.0872087063937
0.0877738282917
0.0880028979735
0.0886964349918
0.0879609100428
0.0877475392921
0.0874102914521
0.0876638679509
0.0876859232676
0.0878685351226
0.0879168304479
0.0875574985597
0.0876073014981
0.0880775681294
0.0878582046148
0.0878637678896
0.0873406893663
0.0878333179079
0.086364847924
0.0861536752406
0.0842105079699
0.0846623134671
0.0837018843279
0.0843692805207
0.0833716971381
0.0837351401469
0.0829370648998
0.0835366372604
0.0824510960034
0.0823326858518
0.0824005454041
0.0816918907837
0.0808744761236
0.0796079832605
0.0797493990332
END
