380.3
381.1
381.9
382.7
383.5
384.4
385.2
386.0
386.8
387.6
388.4
389.2
390.1
390.9
391.7
392.5
393.3
394.1
394.9
395.8
396.6
397.4
398.2
399.0
399.8
400.6
401.5
402.3
403.1
403.9
404.7
405.5
406.3
407.2
408.0
408.8
409.6
410.4
411.2
412.0
412.8
413.7
414.5
415.3
416.1
416.9
417.7
418.5
419.4
420.2
421.0
421.8
422.6
423.4
424.2
425.1
425.9
426.7
427.5
428.3
429.1
429.9
430.8
431.6
432.4
433.2
434.0
434.8
435.6
436.4
437.3
438.1
438.9
439.7
440.5
441.3
442.1
443.0
443.8
444.6
445.4
446.2
447.0
447.8
448.7
449.5
450.3
451.1
451.9
452.7
453.5
454.4
455.2
456.0
456.8
457.6
458.4
459.2
460.0
460.9
461.7
462.5
463.3
464.1
464.9
465.7
466.6
467.4
468.2
469.0
469.8
470.6
471.4
472.3
473.1
473.9
474.7
475.5
476.3
477.1
478.0
478.8
479.6
480.4
481.2
482.0
482.8
483.6
484.5
485.3
486.1
486.9
487.7
488.5
489.3
490.2
491.0
491.8
492.6
493.4
494.2
495.0
495.9
496.7
497.5
498.3
499.1
499.9
500.7
501.6
502.4
503.2
504.0
504.8
505.6
506.4
507.2
508.1
508.9
509.7
510.5
511.3
512.1
512.9
513.7
514.5
515.3
516.1
516.8
517.6
518.4
519.2
520.0
520.8
521.5
522.3
523.1
523.9
524.7
525.5
526.2
527.0
527.8
528.6
529.4
530.2
530.9
531.7
532.5
533.3
534.1
534.9
535.6
536.4
537.2
538.0
538.8
539.6
540.3
541.1
541.9
542.7
543.5
544.3
545.0
545.8
546.6
547.4
548.2
549.0
549.7
550.5
551.3
552.1
552.9
553.7
554.4
555.2
556.0
556.8
557.6
558.4
559.1
559.9
560.7
561.5
562.3
563.1
563.8
564.6
565.4
566.2
567.0
567.8
568.5
569.3
570.1
570.9
571.7
572.5
573.2
574.0
574.8
575.6
576.4
577.2
577.9
578.7
579.5
580.3
581.1
581.9
582.6
583.4
584.2
585.0
585.8
586.6
587.3
588.1
588.9
589.6
590.3
591.1
591.8
592.6
593.3
594.0
594.8
595.5
596.3
597.0
597.7
598.5
599.2
600.0
600.7
601.5
602.2
602.9
603.7
604.4
605.2
605.9
606.6
607.4
608.1
608.9
609.6
610.3
611.1
611.8
612.6
613.3
614.0
614.8
615.5
616.3
617.0
617.7
618.5
619.2
620.0
620.7
621.4
622.2
622.9
623.7
624.4
625.2
625.9
626.6
627.4
628.1
628.9
629.6
630.3
631.1
631.8
632.6
633.3
634.0
634.8
635.5
636.3
637.0
637.7
638.5
639.2
640.0
640.7
641.4
642.2
642.9
643.7
644.4
645.1
645.9
646.6
647.4
648.1
648.8
649.6
650.3
651.1
651.8
652.6
653.3
654.0
654.8
655.5
656.3
657.0
657.7
658.5
659.2
660.0
660.7
661.4
662.2
662.9
663.7
664.4
665.1
665.9
666.6
667.4
668.1
668.9
669.6
670.4
671.2
671.9
672.7
673.4
674.2
674.9
675.7
676.5
677.2
678.0
678.7
679.5
680.2
681.0
681.8
682.5
683.3
684.0
684.8
685.5
686.3
687.1
687.8
688.6
689.3
690.1
690.8
691.6
692.4
693.1
693.9
694.6
695.4
696.1
696.9
697.7
698.4
699.2
699.9
700.7
701.4
702.2
703.0
703.7
704.5
705.2
706.0
706.8
707.6
708.4
709.2
710.0
710.8
711.6
712.4
713.2
714.0
714.8
715.6
716.4
717.2
718.0
718.8
719.6
720.4
721.2
722.0
722.8
723.6
724.4
725.2
726.0
726.8
727.6
728.4
729.2
730.0
730.8
731.6
732.4
733.2
734.0
734.8
735.6
736.4
737.2
738.0
738.8
739.6
740.4
741.2
742.0
742.8
743.6
744.4
745.2
746.0
746.8
747.6
748.4
749.2
750.0
750.8
751.6
752.4
753.2
754.0
754.8
755.6
756.4
757.2
758.0
758.8
759.6
760.4
761.2
762.0
762.8
763.6
764.4
765.2
766.0
766.8
767.6
768.4
769.2
770.0
770.8
771.6
772.4
773.2
774.1
774.9
775.7
776.5
777.3
778.1
778.9
779.7
780.5
781.3
782.1
782.9
783.7
784.5
785.3
786.1
786.9
787.7
788.5
789.3
790.1
790.9
791.7
792.5
793.3
794.1
794.9
795.7
796.5
797.3
798.1
798.9
799.7
800.5
801.3
802.1
802.9
803.7
804.5
805.3
806.1
806.9
807.7
808.5
809.3
810.1
810.9
811.7
812.5
813.3
814.1
814.9
815.7
816.5
817.3
818.1
818.9
819.7
820.5
821.3
822.1
822.9
823.7
824.5
825.3
826.1
826.9
827.7
828.5
829.3
830.1
830.9
831.7
832.6
833.4
834.3
835.1
835.9
836.8
837.6
838.5
839.3
840.2
841.0
841.9
842.7
843.5
844.4
845.2
846.1
846.9
847.8
848.6
849.4
850.3
851.1
852.0
852.8
853.7
854.5
855.3
856.2
857.0
857.9
858.7
859.6
860.4
861.3
862.1
862.9
863.8
864.6
865.5
866.3
867.2
868.0
868.8
869.7
870.5
871.4
872.2
873.1
873.9
874.8
875.6
876.4
877.3
878.1
879.0
879.8
880.7
881.5
882.3
883.2
884.0
884.9
885.7
886.6
887.4
888.2
889.1
889.9
890.8
891.6
892.5
893.3
894.2
895.0
895.8
896.7
897.5
898.4
899.2
NEXT_SERIES
0.0850608006718
0.0858869101469
0.0850134694638
0.0841336597921
0.0808283956654
0.0789948961768
0.0787002233065
0.0813399741406
0.0829055801507
0.0835108770556
0.082515568266
0.0820334714886
0.0805520053007
0.0775216676911
0.0756634408536
0.0741458716306
0.0734107592106
0.0724149135604
0.0715963655481
0.0708186990714
0.0702650145306
0.0708218917224
0.0715361307996
0.072176019914
0.0733636868147
0.0749185805024
0.0765146417548
0.0767384594596
0.0780002299349
0.0790851328432
0.081347900223
0.0829595460315
0.0849937424238
0.0863939844476
0.088328731018
0.0898400469778
0.0916875805113
0.0918981549646
0.0929633623366
0.0931945757809
0.0944920929127
0.0955549077858
0.0963348482031
0.0972733173284
0.0973012975148
0.097208742319
0.0974971313648
0.0976159570792
0.0983017299496
0.0977666434381
0.0978736079108
0.0978985884978
0.0978030882186
0.0982268964564
0.0982145038743
0.0982801525846
0.0977048319692
0.0973926330901
0.0969137331279
0.0961837328413
0.09580659665
0.0956031772213
0.0955893826928
0.0951500886437
0.0943385871697
0.094026817379
0.0928604336931
0.0929828062713
0.0916289454839
0.0913413640534
0.0904731997379
0.0905290377038
0.0899488390864
0.0896125054792
0.0891089125947
0.0886159085986
0.0881305541061
0.0874068507331
0.0871988019992
0.0871646243007
0.0875434468077
0.0873349137023
0.0866957032289
0.085916568775
0.0851851415124
0.0848140319559
0.0841320098142
0.0838013477125
0.0825000724369
0.0818625860726
0.0816274344505
0.0814167495831
0.0807729044026
0.0801602076548
0.0801814104592
0.0795123741458
0.078997521891
0.0777867106557
0.077679725664
0.0770430633852
0.076877329389
0.0766587950316
0.0752376866416
0.0746292708025
0.073980674392
0.0745073173647
0.0741493122206
0.073427554636
0.0733555286738
0.0732499372487
0.0726321006477
0.0727402218008
0.0719048773197
0.0723066347659
0.0715481739076
0.0718909407739
0.0718577652146
0.0718810354761
0.071305099132
0.0708836598394
0.0710171022982
0.0709371573051
0.0721059424116
0.0722725235028
0.0728576903723
0.0726244327325
0.0725948851836
0.073172690083
0.0723875555537
0.0722469335909
0.0721741260068
0.0727930694951
0.0727729641818
0.0727747187006
0.0722149735163
0.0718432891937
0.0716436055589
0.0720745386501
0.0727566649215
0.0735943406428
0.0743572443303
0.0747798063369
0.0748868191073
0.0749609398817
0.07506254795
0.0749794521386
0.0749482795113
0.0747396806883
0.0749175248071
0.0752943358326
0.0753724853501
0.0760868970429
0.076300284623
0.076862445347
0.0766105388003
0.0767868348096
0.0770957975025
0.0771726281243
0.0767666810928
0.0766133966247
0.0773472823884
0.077788224123
0.0786319235849
0.0784517018804
0.0792684839214
0.0791597306423
0.079168888388
0.0790790484481
0.0788809237451
0.0789330149274
0.0791484355711
0.0793319695064
0.0795121706016
0.0798989419336
0.0804581306291
0.0806760364634
0.0799320058031
0.0794285558423
0.0790236633489
0.07933530828
0.0791401565758
0.0795107077348
0.0796198457995
0.0800578786128
0.0799477254225
0.0801240450183
0.0804435226048
0.0806327786988
0.0804838946746
0.0803896553069
0.0808284338787
0.0803284745458
0.0800940237165
0.0795997634776
0.0789341897185
0.0789744269526
0.0784238980471
0.0789769627343
0.0784911908263
0.0783271159409
0.0780483903258
0.0779178355043
0.0780968492643
0.0772898471273
0.0770417433386
0.0768164930695
0.0768987849074
0.0766248307105
0.0759668930806
0.0762135035374
0.0756676033452
0.0749358272784
0.0740889357441
0.0740898580383
0.0740728359034
0.0740905481555
0.0732011418287
0.0724838618382
0.0711997657501
0.0709396164141
0.0707835992455
0.0708141337093
0.0698276478609
0.0692668732156
0.0686887375583
0.0681585869679
0.0674186510944
0.0669204508244
0.0669178882262
0.0659592356924
0.064763866705
0.0640081739424
0.0633829738873
0.062888656167
0.0625930938619
0.062332114254
0.0618410965258
0.0608490921953
0.0598614580494
0.0590385166641
0.0584435622199
0.058219935904
0.0576348006053
0.056676276759
0.0558784747951
0.0557688456222
0.0555888762321
0.0548745081371
0.0537486075272
0.0528296505404
0.052099427384
0.0518308077884
0.0507915137399
0.0501522603903
0.0492238414017
0.0485086077746
0.0485250246828
0.0476157345993
0.0474989557793
0.0466641691073
0.0462453762974
0.0458102285447
0.0453518367292
0.0448968394787
0.0441155898413
0.0428159404056
0.0422103129604
0.0419226119469
0.0410177650887
0.0404042055364
0.0396408312522
0.0395376119513
0.0391178171153
0.0384924139751
0.0379144399964
0.0373903445636
0.036740218462
0.0358250780055
0.0347666813686
0.0344665995631
0.0344599457002
0.0339124614549
0.0329565954436
0.031892627978
0.0321775291629
0.0319847244033
0.0320455628746
0.0311925950432
0.0305294312366
0.0302714616217
0.0299886351348
0.0300614423302
0.0298197876317
0.0291141253893
0.0284678923168
0.0279159692368
0.0278056204564
0.0274405425243
0.0269245190916
0.0264035011747
0.0261709090997
0.025606447409
0.0253627370634
0.024566863754
0.0242061353582
0.024022391966
0.0242277084005
0.0242109688667
0.0237400183768
0.0229525767503
0.0227211001346
0.0227136701386
0.022836591182
0.0225583958076
0.0219900651241
0.0220030805348
0.0222213188845
0.0225910364631
0.0219846786696
0.0209558254367
0.020150404434
0.0198658640151
0.0194599350248
0.0194331133798
0.0191224875984
0.0191186484255
0.0186297190001
0.0182754612122
0.0183497410685
0.0183150063277
0.0183353564331
0.0175019844322
0.0175073267508
0.0172602575195
0.0178028676889
0.0173613407592
0.0174062607768
0.0172683395405
0.0168095137133
0.0163235509944
0.0161395806881
0.0162028302572
0.0164909739034
0.0160828299428
0.0163192207455
0.0157104076475
0.0158439838627
0.0157412884341
0.0159048303198
0.0151776194605
0.0149273150852
0.0144938776025
0.0146735785292
0.0145004716033
0.0143219399092
0.0144559629692
0.014442498015
0.0151216958421
0.0149469771033
0.0149202496119
0.0144466801571
0.0142292655979
0.0136686861325
0.0138979940885
0.0141593049428
0.0142066178042
0.0135545792107
0.0132956686596
0.0130735824442
0.0135544413786
0.0134718879042
0.0135283190596
0.0133823624907
0.0133124472917
0.0131441960431
0.0126249833986
0.0124611632287
0.012795332396
0.0129386905705
0.0132926818609
0.0130088970811
0.0130331062605
0.0127896819426
0.0129908214326
0.0127924294529
0.0132409129443
0.0129603383256
0.0128767347797
0.0122915002315
0.0126879165465
0.0130736247244
0.0128220901278
0.0126113675361
0.0120799485924
0.0121713434551
0.011748625071
0.0122519086211
0.012464583973
0.0121091478672
0.0119466670309
0.0116247517923
0.0124621004597
0.0120122576014
0.0124210013121
0.0122308007042
0.012631808329
0.0128372616751
0.0127746036719
0.012961873454
0.0124647544483
0.0126929815048
0.0127618088196
0.0129650089753
0.0135806197564
0.0133370962619
0.0134801515662
0.0127697893624
0.0133707266233
0.0135650208742
0.0140010995886
0.0140682335581
0.0133364101447
0.0129501712705
0.0121591533534
0.0129764876654
0.0129546531989
0.0134200406496
0.0130756008284
0.0134163121445
0.0134638966672
0.0138053218537
0.0142178549588
0.013624000007
0.0138561449666
0.0134203326997
0.0143863723909
0.0144369952266
0.0145999712174
0.0141060045169
0.0140913380945
0.0145735180757
0.0150767617428
0.0147450024005
0.0143867935744
0.0138694627221
0.0139606772525
0.0135482152018
0.0138363557108
0.0139419430612
0.0141468815644
0.0141905565734
0.0142297165613
0.0145324590064
0.0140325879901
0.0139079749152
0.0136254918708
0.0143522289339
0.0148669526856
0.0151899669114
0.015495870892
0.0151812795494
0.0150926437703
0.0147679682123
0.0148220611996
0.0146781253177
0.0143989848156
0.0144733857699
0.0144062182688
0.0149272311065
0.0145362189912
0.0148854053571
0.0147342407274
0.0146438358878
0.0145873059676
0.0149156542504
0.0157202089406
0.0154380175561
0.0150090260003
0.0149038115926
0.0150540795445
0.0150834638684
0.0149147918202
0.01544063944
0.0155595178529
0.0159043551585
0.015393545336
0.0151981060123
0.0151301674158
0.0154599677583
0.0154115792998
0.0152160778921
0.0149658783589
0.0150757492546
0.0150736789085
0.0162295075374
0.0166943365799
0.0170372204072
0.0159852917835
0.0158070429434
0.0156671631201
0.0163649012882
0.0162177219501
0.0165220615782
0.0160561872576
0.0160599208028
0.0159521437282
0.016150069834
0.0170694857607
0.016628665741
0.017231166133
0.0168984270447
0.017500764771
0.0171746464782
0.0171069717254
0.0177085185661
0.0177934555732
0.0182975753871
0.0180407099053
0.0176694527413
0.0173840491978
0.0173324395461
0.0175996719783
0.0173235318031
0.0174358376747
0.0175714807579
0.018024389574
0.0175488991413
0.0175915738294
0.0176251505767
0.0176717524218
0.0180865079301
0.0179942195197
0.0184640479457
0.0185249696054
0.0188804268987
0.0192085057424
0.0187858851345
0.0182516064478
0.0175382337978
0.017805540089
0.0176502502467
0.0175121609607
0.0170526862867
0.0170100982477
0.017030588449
0.0172474086157
0.0170008988692
0.0169196744537
0.0166979771062
0.0170543975637
0.0170090508104
0.0171389779131
0.017624079362
0.0176070423589
0.0178321561655
0.0171558317002
0.0177614762333
0.0171495499839
0.0171675579248
0.0166218342827
0.016709136269
0.0167062477723
0.0165742251717
0.0165729189801
0.0167640739397
0.0166635482603
0.0163111404777
0.0167685810209
0.0170961241025
0.0174443909046
0.0167053592347
0.0170750261964
0.0169496854669
0.01650005646
0.0160596173027
0.0161301189421
0.016692952802
0.0164954042676
0.0159612480926
0.0153663611163
0.0152121374914
0.0157960452522
0.0158918633199
0.0158105971569
0.0147420584945
0.0152040525484
0.0154071600334
0.0161332582694
0.0152225031965
0.0151691306485
0.015108154256
0.0158681875063
0.0152094319399
0.0151404335867
0.0143801979289
0.0148292489265
0.014583725974
0.014475737694
0.014778843575
0.0153022359043
0.0159397554985
0.0152959950883
0.0154499138012
0.0147473463648
0.0148382796813
0.0140298159176
0.0148719500361
0.0154064791335
0.0154331993966
0.0153287459566
0.0152271113282
0.0153280688119
0.0149539476179
0.0147785169596
0.0152155299983
0.0150558894601
0.014509255506
0.0132866371918
0.013499143289
0.013795004171
0.0144553718352
0.0141173940069
0.0145364906237
0.0147820387873
0.0158830257651
0.0161653741259
0.016442414156
0.0158690064059
0.0158712524696
0.0156965714012
0.0156747729914
0.0153878663863
0.0155573328682
0.0157668434353
0.0162862393852
0.0165052957438
0.0171426247724
0.0175662753693
0.0176909682493
0.0173407732336
0.0164950314099
0.0168988293702
0.0173089500092
0.0177341160166
0.0172882731276
0.0173555825273
0.0164397763569
0.0164788805727
0.0155493536389
0.0172809066707
0.0167572339891
0.0179373935765
0.0153523279088
0.0152201295291
0.0142448449612
END
