380.3
381.1
381.9
382.7
383.5
384.4
385.2
386.0
386.8
387.6
388.4
389.2
390.1
390.9
391.7
392.5
393.3
394.1
394.9
395.8
396.6
397.4
398.2
399.0
399.8
400.6
401.5
402.3
403.1
403.9
404.7
405.5
406.3
407.2
408.0
408.8
409.6
410.4
411.2
412.0
412.8
413.7
414.5
415.3
416.1
416.9
417.7
418.5
419.4
420.2
421.0
421.8
422.6
423.4
424.2
425.1
425.9
426.7
427.5
428.3
429.1
429.9
430.8
431.6
432.4
433.2
434.0
434.8
435.6
436.4
437.3
438.1
438.9
439.7
440.5
441.3
442.1
443.0
443.8
444.6
445.4
446.2
447.0
447.8
448.7
449.5
450.3
451.1
451.9
452.7
453.5
454.4
455.2
456.0
456.8
457.6
458.4
459.2
460.0
460.9
461.7
462.5
463.3
464.1
464.9
465.7
466.6
467.4
468.2
469.0
469.8
470.6
471.4
472.3
473.1
473.9
474.7
475.5
476.3
477.1
478.0
478.8
479.6
480.4
481.2
482.0
482.8
483.6
484.5
485.3
486.1
486.9
487.7
488.5
489.3
490.2
491.0
491.8
492.6
493.4
494.2
495.0
495.9
496.7
497.5
498.3
499.1
499.9
500.7
501.6
502.4
503.2
504.0
504.8
505.6
506.4
507.2
508.1
508.9
509.7
510.5
511.3
512.1
512.9
513.7
514.5
515.3
516.1
516.8
517.6
518.4
519.2
520.0
520.8
521.5
522.3
523.1
523.9
524.7
525.5
526.2
527.0
527.8
528.6
529.4
530.2
530.9
531.7
532.5
533.3
534.1
534.9
535.6
536.4
537.2
538.0
538.8
539.6
540.3
541.1
541.9
542.7
543.5
544.3
545.0
545.8
546.6
547.4
548.2
549.0
549.7
550.5
551.3
552.1
552.9
553.7
554.4
555.2
556.0
556.8
557.6
558.4
559.1
559.9
560.7
561.5
562.3
563.1
563.8
564.6
565.4
566.2
567.0
567.8
568.5
569.3
570.1
570.9
571.7
572.5
573.2
574.0
574.8
575.6
576.4
577.2
577.9
578.7
579.5
580.3
581.1
581.9
582.6
583.4
584.2
585.0
585.8
586.6
587.3
588.1
588.9
589.6
590.3
591.1
591.8
592.6
593.3
594.0
594.8
595.5
596.3
597.0
597.7
598.5
599.2
600.0
600.7
601.5
602.2
602.9
603.7
604.4
605.2
605.9
606.6
607.4
608.1
608.9
609.6
610.3
611.1
611.8
612.6
613.3
614.0
614.8
615.5
616.3
617.0
617.7
618.5
619.2
620.0
620.7
621.4
622.2
622.9
623.7
624.4
625.2
625.9
626.6
627.4
628.1
628.9
629.6
630.3
631.1
631.8
632.6
633.3
634.0
634.8
635.5
636.3
637.0
637.7
638.5
639.2
640.0
640.7
641.4
642.2
642.9
643.7
644.4
645.1
645.9
646.6
647.4
648.1
648.8
649.6
650.3
651.1
651.8
652.6
653.3
654.0
654.8
655.5
656.3
657.0
657.7
658.5
659.2
660.0
660.7
661.4
662.2
662.9
663.7
664.4
665.1
665.9
666.6
667.4
668.1
668.9
669.6
670.4
671.2
671.9
672.7
673.4
674.2
674.9
675.7
676.5
677.2
678.0
678.7
679.5
680.2
681.0
681.8
682.5
683.3
684.0
684.8
685.5
686.3
687.1
687.8
688.6
689.3
690.1
690.8
691.6
692.4
693.1
693.9
694.6
695.4
696.1
696.9
697.7
698.4
699.2
699.9
700.7
701.4
702.2
703.0
703.7
704.5
705.2
706.0
706.8
707.6
708.4
709.2
710.0
710.8
711.6
712.4
713.2
714.0
714.8
715.6
716.4
717.2
718.0
718.8
719.6
720.4
721.2
722.0
722.8
723.6
724.4
725.2
726.0
726.8
727.6
728.4
729.2
730.0
730.8
731.6
732.4
733.2
734.0
734.8
735.6
736.4
737.2
738.0
738.8
739.6
740.4
741.2
742.0
742.8
743.6
744.4
745.2
746.0
746.8
747.6
748.4
749.2
750.0
750.8
751.6
752.4
753.2
754.0
754.8
755.6
756.4
757.2
758.0
758.8
759.6
760.4
761.2
762.0
762.8
763.6
764.4
765.2
766.0
766.8
767.6
768.4
769.2
770.0
770.8
771.6
772.4
773.2
774.1
774.9
775.7
776.5
777.3
778.1
778.9
779.7
780.5
781.3
782.1
782.9
783.7
784.5
785.3
786.1
786.9
787.7
788.5
789.3
790.1
790.9
791.7
792.5
793.3
794.1
794.9
795.7
796.5
797.3
798.1
798.9
799.7
800.5
801.3
802.1
802.9
803.7
804.5
805.3
806.1
806.9
807.7
808.5
809.3
810.1
810.9
811.7
812.5
813.3
814.1
814.9
815.7
816.5
817.3
818.1
818.9
819.7
820.5
821.3
822.1
822.9
823.7
824.5
825.3
826.1
826.9
827.7
828.5
829.3
830.1
830.9
831.7
832.6
833.4
834.3
835.1
835.9
836.8
837.6
838.5
839.3
840.2
841.0
841.9
842.7
843.5
844.4
845.2
846.1
846.9
847.8
848.6
849.4
850.3
851.1
852.0
852.8
853.7
854.5
855.3
856.2
857.0
857.9
858.7
859.6
860.4
861.3
862.1
862.9
863.8
864.6
865.5
866.3
867.2
868.0
868.8
869.7
870.5
871.4
872.2
873.1
873.9
874.8
875.6
876.4
877.3
878.1
879.0
879.8
880.7
881.5
882.3
883.2
884.0
884.9
885.7
886.6
887.4
888.2
889.1
889.9
890.8
891.6
892.5
893.3
894.2
895.0
895.8
896.7
897.5
898.4
899.2
NEXT_SERIES
0.0322810028726
0.0313163372571
0.0290963833575
0.0256677902318
0.0240690621168
0.0223024269871
0.0225302097552
0.023106327731
0.0241893779599
0.022479955802
0.0208217161622
0.0199347592807
0.0203959283956
0.0206335741359
0.0212116586636
0.0193410151903
0.0183098091466
0.0172137492607
0.0173745463506
0.0173901602304
0.0179786679976
0.0190642571658
0.0199540886512
0.0205047415425
0.0213581431282
0.023517719158
0.0255155311382
0.0270389879732
0.0288028181073
0.0301086018902
0.0319371735675
0.0322621574168
0.0334725060338
0.0337284943052
0.0344502774282
0.0339484040707
0.0349423865752
0.0350149158594
0.0358346104003
0.0359514176999
0.03609610447
0.0362945346371
0.0358419472821
0.0365826844268
0.0372886184225
0.0367760646732
0.0367881508918
0.036788971871
0.037660757365
0.0367823701739
0.0363363248152
0.0366338003418
0.0373799968631
0.0375070502293
0.0378348309977
0.0379416633012
0.0380085448356
0.0377558175405
0.0376669539256
0.0376992623217
0.0375725135596
0.0369710905008
0.0367733824545
0.0374462456594
0.037587279439
0.0373716258497
0.0368968339641
0.0370952445151
0.0368299824443
0.0361599872577
0.0358119090566
0.0361634876362
0.0360709169684
0.0362640729211
0.0358794782446
0.0358393104997
0.0358420064384
0.0361576872354
0.0361468209612
0.0360230128478
0.03568370439
0.0363084898865
0.0359936216565
0.0365456145555
0.0362631908394
0.0368505039951
0.0362928525088
0.0367883576257
0.0364561049135
0.036491112459
0.0362160417382
0.0363582442736
0.0362373891752
0.0355135234662
0.0357250808759
0.0356822652466
0.0358726412408
0.0350490536826
0.0349840327082
0.0345106347963
0.0346569004928
0.0347144948742
0.034931368763
0.0350881058176
0.035522793847
0.035929295869
0.0357622830776
0.0357281573767
0.0365555697768
0.0372619297303
0.0370017692065
0.0367998976306
0.0368723297217
0.0371859697862
0.0361428185895
0.0351840412686
0.035761016566
0.0357476858671
0.0364735796677
0.0347728421307
0.0353125985633
0.0347912952431
0.0353372546175
0.035266094236
0.0351755671015
0.035026361787
0.0352836659838
0.0355687599792
0.0352287562654
0.0347164087561
0.0341924036556
0.034335229588
0.0333805781564
0.033473158397
0.032964097688
0.0326618403355
0.0313424024345
0.030585425348
0.0307121748607
0.0311974126664
0.0315065036171
0.03165045062
0.0305174766666
0.0300671733805
0.0292112495405
0.0292216474361
0.0284101334101
0.0280481393006
0.0273503574008
0.0273839066939
0.0272768397834
0.0277865596338
0.0282394487623
0.0284987385699
0.0279034432764
0.0273655077727
0.0262131201346
0.0268310606999
0.0268189650794
0.0277738271577
0.0282349050874
0.0288148400094
0.0288436829821
0.0289184484482
0.0295713763706
0.0304752458561
0.030812589016
0.0310900411133
0.0308578047519
0.0311315959521
0.0314979555067
0.0324486102298
0.0325434338653
0.0332912884177
0.0335738487126
0.0337558427937
0.0330786684317
0.032839848493
0.0336011238086
0.0340633483709
0.033660581121
0.0331937746405
0.0338881296796
0.0345469381046
0.0347608848114
0.0345980277759
0.0348391097342
0.0353496056033
0.0356075544534
0.0359828077137
0.035937670197
0.0357973487599
0.0358355890161
0.0362903605514
0.0358417295446
0.03604220921
0.0357063807983
0.0363799316968
0.0356166363649
0.0355816469159
0.0351988172943
0.0361555845658
0.0362372065943
0.036244334668
0.0362394865494
0.03636352385
0.0362978078596
0.0362229405344
0.0354254906256
0.035389236986
0.0346817233916
0.0347109481196
0.0348828511284
0.0347595049744
0.0349796856225
0.0343901174028
0.034620774147
0.0338971067463
0.0336163545728
0.0333327530341
0.0340849726026
0.0342704023682
0.0339226056153
0.0338512431544
0.0339972444034
0.0337584158285
0.0336007240609
0.033113090183
0.0329249064778
0.0325080582893
0.0319046685716
0.0315286004744
0.0314972519051
0.0319236301592
0.0321915157044
0.031382425036
0.0306567378653
0.0301486470734
0.0301577307877
0.0298945213118
0.0297412971996
0.0298239079003
0.0300075673505
0.0299990006586
0.0298484294541
0.0296104109122
0.0294678403085
0.029149722182
0.0286816291358
0.0282729174751
0.0280451359723
0.0280857310332
0.0274314745049
0.0266252662367
0.0262922393282
0.025920520161
0.0260339558081
0.0258015909975
0.0263082501885
0.0266480448656
0.0268972733174
0.0269870389995
0.0266622726392
0.0263898976999
0.0259414641197
0.0258662047636
0.0255112744988
0.0256207865384
0.0251786109318
0.0252648065937
0.0246659033139
0.0244386880172
0.0241789390479
0.0243869141932
0.0242944470326
0.0238190773203
0.0233348740605
0.0233522156417
0.0228995620706
0.0228452767737
0.0224847416979
0.0226942130949
0.022730029924
0.0224077075497
0.0225796661541
0.022652971838
0.0229211321941
0.0230649078399
0.0223511479767
0.0223636911036
0.0218631747463
0.0223475520366
0.0223170697627
0.0221140426053
0.021589395436
0.0215023918377
0.0216892512344
0.0220875115237
0.0216030281885
0.0209555283876
0.0203106982931
0.020331555523
0.021087434006
0.021712133403
0.0212360419688
0.0209555583294
0.0204602095287
0.0208740287343
0.0206501517982
0.0204602443139
0.0202812187582
0.020279823229
0.0202119512799
0.0203926397209
0.0203592711778
0.0205672028868
0.0207372954251
0.02079133119
0.0208042094679
0.0204247870116
0.0200262454636
0.0196763925145
0.0192962136185
0.0195933648276
0.0191979651047
0.0193786668713
0.019016932078
0.0189821707819
0.0188543631414
0.0187064108168
0.0186866505095
0.018050578204
0.0184705990897
0.0189446968704
0.0194552259852
0.0192295088642
0.0188609485006
0.0188661725696
0.0187396877191
0.0190509334126
0.0194469437356
0.0196266542618
0.0196793280958
0.0189114945437
0.0189775082546
0.0186123385593
0.019059275418
0.0187747658431
0.0188875217816
0.0183016883028
0.018416167524
0.0183391912185
0.018855009905
0.0192670400187
0.0190943941364
0.0192613860528
0.0192572011309
0.0195506908144
0.0194928816334
0.0189500017477
0.0186953878611
0.0185304849647
0.0181329013478
0.0185906963797
0.0186266656827
0.0192567055373
0.0191468740888
0.0191336495677
0.0183415136177
0.018392922043
0.0187301057871
0.0191162409826
0.0190072752873
0.0188762067899
0.0187032677566
0.0184853541176
0.0184642153595
0.0186071684611
0.0186843729327
0.0186684696557
0.0188480552227
0.0189888984181
0.0189594800025
0.0191344643291
0.0190967525078
0.0195169879721
0.019388402604
0.0195542577805
0.0193866976946
0.0200603231391
0.0198727407945
0.0196448883894
0.0191075337015
0.0189007412366
0.01875905682
0.0184041428257
0.0189643512106
0.0193627013504
0.0193928587242
0.0189808353443
0.0188033593331
0.0193109791154
0.0195272996437
0.0195779793924
0.0196027828748
0.0198303004296
0.0199564422175
0.0199584214328
0.0200538881846
0.0204814193766
0.0205861070935
0.0209433709909
0.0205006377846
0.0205815740904
0.0199122912831
0.0201260183936
0.0199789479127
0.0205738423664
0.0205747818213
0.0209154827822
0.0210109678051
0.0205781260067
0.0199782666613
0.0195961245208
0.0207159222652
0.0210477554679
0.0213803266751
0.020872691599
0.0209588000847
0.0207504529533
0.0206067111686
0.0210111464518
0.0205532895686
0.0210183731991
0.0209267690896
0.0219383210142
0.0218926600727
0.0217229392927
0.0213745925836
0.0217073285691
0.021921319546
0.0219818526629
0.0216258190521
0.0220808428059
0.0223964417477
0.022778214472
0.0222904734501
0.0220102166171
0.0217537479117
0.0219201583563
0.0220332821271
0.0219072631561
0.0221643364419
0.0222440015964
0.0223160669711
0.022460831811
0.022288341215
0.0225524026655
0.0223139591145
0.0227480056991
0.0227955410846
0.0224483955352
0.0220939985466
0.0222954560069
0.0223419132062
0.0227393936198
0.0227749072618
0.0231945640937
0.0231633381622
0.0226716570763
0.0223588135955
0.0223405086902
0.0223471067778
0.0223265808153
0.0222571439207
0.0222744673328
0.0221771235137
0.0222387027549
0.0224858275958
0.0226489909475
0.0222486845006
0.0219998062326
0.0221447800061
0.0224960355866
0.0230564484065
0.0231817789532
0.0231106096485
0.0229019274342
0.0229457280357
0.0232182010397
0.0233198856919
0.0231906965737
0.0231097217097
0.0223055509981
0.022750024112
0.0226229156511
0.0231826971322
0.0230914721894
0.023489928195
0.0238437730702
0.0241275715756
0.0236878728286
0.0233106685296
0.0230548633033
0.0234802658748
0.0236206372156
0.0233254952608
0.0233935579371
0.0235549877586
0.0243761249155
0.0242774021141
0.0245201889127
0.0238594593514
0.023946821631
0.0241126084508
0.0243858992404
0.024622251572
0.0242865199836
0.023923519937
0.0239948732838
0.0242654264567
0.0247403712276
0.0239269813705
0.0237589998888
0.0237580606253
0.0246860600987
0.025194108526
0.0250418131894
0.024723467292
0.0241850425376
0.0244915578575
0.0245951170641
0.0249119294068
0.0249232466629
0.0249418172384
0.0248575556871
0.0244493864765
0.0241604743143
0.023700563556
0.0237708487241
0.0235428648375
0.0234497428618
0.0231565917781
0.0229931685877
0.0228917248322
0.0229409637461
0.0225772915212
0.0230422085141
0.0230295563494
0.0232793208149
0.0228344997126
0.0226887764867
0.0229600505974
0.0230445339173
0.0232787700812
0.0229545391554
0.022860204966
0.0224557452939
0.0223568600844
0.0223529218592
0.0219869714835
0.0225308738246
0.0221760178181
0.0224640666544
0.022310126851
0.0223687105248
0.0220135585206
0.0219096743286
0.0218351622455
0.0220092418761
0.0210504857346
0.0207308052539
0.0204180969156
0.0208297817455
0.021335102743
0.0213398488508
0.0208703223067
0.0198467107365
0.0189559749161
0.0190110808143
0.019269487142
0.0203832840193
0.0203923089548
0.0199201126274
0.0191802129613
0.0192201935726
0.0194077678564
0.0195296064738
0.0188550340732
0.018785215316
0.0185403959014
0.0183854595409
0.0178189965316
0.0170465438182
0.016885929295
0.0178749923703
0.0183333443178
0.0188885683289
0.0176817002368
0.0175806407945
0.0174577043761
0.0179480676959
0.018269322965
0.017483349969
0.0168921605181
0.0166044788876
0.0170124509639
0.0174463576638
0.0172216590765
0.0169990772855
0.0165892846289
0.0162351051083
0.0160489115331
0.0161474055146
0.0163660627578
0.0157796626158
0.0152583864374
0.0143026588982
0.0146238677212
0.0144809057849
0.0151033136849
0.0146529661535
0.0149519456687
0.0149751212059
0.0151278676845
0.0153762483434
0.0147865066289
0.0144058335064
0.0140701665488
0.0141318615247
0.0146066826979
0.0147719322318
0.0149699148581
0.0144955782102
0.014083769417
0.0142025610035
0.0148442590355
0.0145467409629
0.0143483936955
0.0138442431349
0.0136296908216
0.0132368083914
0.0136305413604
0.0134950303673
0.0131104642624
0.0123996820676
0.011294732972
0.0118525017759
0.0116577922938
0.0127997576182
0.0112723178946
0.0112829957118
0.00964348110961
0.00998761854773
0.0100691382167
END
