380.3
381.1
381.9
382.7
383.5
384.4
385.2
386.0
386.8
387.6
388.4
389.2
390.1
390.9
391.7
392.5
393.3
394.1
394.9
395.8
396.6
397.4
398.2
399.0
399.8
400.6
401.5
402.3
403.1
403.9
404.7
405.5
406.3
407.2
408.0
408.8
409.6
410.4
411.2
412.0
412.8
413.7
414.5
415.3
416.1
416.9
417.7
418.5
419.4
420.2
421.0
421.8
422.6
423.4
424.2
425.1
425.9
426.7
427.5
428.3
429.1
429.9
430.8
431.6
432.4
433.2
434.0
434.8
435.6
436.4
437.3
438.1
438.9
439.7
440.5
441.3
442.1
443.0
443.8
444.6
445.4
446.2
447.0
447.8
448.7
449.5
450.3
451.1
451.9
452.7
453.5
454.4
455.2
456.0
456.8
457.6
458.4
459.2
460.0
460.9
461.7
462.5
463.3
464.1
464.9
465.7
466.6
467.4
468.2
469.0
469.8
470.6
471.4
472.3
473.1
473.9
474.7
475.5
476.3
477.1
478.0
478.8
479.6
480.4
481.2
482.0
482.8
483.6
484.5
485.3
486.1
486.9
487.7
488.5
489.3
490.2
491.0
491.8
492.6
493.4
494.2
495.0
495.9
496.7
497.5
498.3
499.1
499.9
500.7
501.6
502.4
503.2
504.0
504.8
505.6
506.4
507.2
508.1
508.9
509.7
510.5
511.3
512.1
512.9
513.7
514.5
515.3
516.1
516.8
517.6
518.4
519.2
520.0
520.8
521.5
522.3
523.1
523.9
524.7
525.5
526.2
527.0
527.8
528.6
529.4
530.2
530.9
531.7
532.5
533.3
534.1
534.9
535.6
536.4
537.2
538.0
538.8
539.6
540.3
541.1
541.9
542.7
543.5
544.3
545.0
545.8
546.6
547.4
548.2
549.0
549.7
550.5
551.3
552.1
552.9
553.7
554.4
555.2
556.0
556.8
557.6
558.4
559.1
559.9
560.7
561.5
562.3
563.1
563.8
564.6
565.4
566.2
567.0
567.8
568.5
569.3
570.1
570.9
571.7
572.5
573.2
574.0
574.8
575.6
576.4
577.2
577.9
578.7
579.5
580.3
581.1
581.9
582.6
583.4
584.2
585.0
585.8
586.6
587.3
588.1
588.9
589.6
590.3
591.1
591.8
592.6
593.3
594.0
594.8
595.5
596.3
597.0
597.7
598.5
599.2
600.0
600.7
601.5
602.2
602.9
603.7
604.4
605.2
605.9
606.6
607.4
608.1
608.9
609.6
610.3
611.1
611.8
612.6
613.3
614.0
614.8
615.5
616.3
617.0
617.7
618.5
619.2
620.0
620.7
621.4
622.2
622.9
623.7
624.4
625.2
625.9
626.6
627.4
628.1
628.9
629.6
630.3
631.1
631.8
632.6
633.3
634.0
634.8
635.5
636.3
637.0
637.7
638.5
639.2
640.0
640.7
641.4
642.2
642.9
643.7
644.4
645.1
645.9
646.6
647.4
648.1
648.8
649.6
650.3
651.1
651.8
652.6
653.3
654.0
654.8
655.5
656.3
657.0
657.7
658.5
659.2
660.0
660.7
661.4
662.2
662.9
663.7
664.4
665.1
665.9
666.6
667.4
668.1
668.9
669.6
670.4
671.2
671.9
672.7
673.4
674.2
674.9
675.7
676.5
677.2
678.0
678.7
679.5
680.2
681.0
681.8
682.5
683.3
684.0
684.8
685.5
686.3
687.1
687.8
688.6
689.3
690.1
690.8
691.6
692.4
693.1
693.9
694.6
695.4
696.1
696.9
697.7
698.4
699.2
699.9
700.7
701.4
702.2
703.0
703.7
704.5
705.2
706.0
706.8
707.6
708.4
709.2
710.0
710.8
711.6
712.4
713.2
714.0
714.8
715.6
716.4
717.2
718.0
718.8
719.6
720.4
721.2
722.0
722.8
723.6
724.4
725.2
726.0
726.8
727.6
728.4
729.2
730.0
730.8
731.6
732.4
733.2
734.0
734.8
735.6
736.4
737.2
738.0
738.8
739.6
740.4
741.2
742.0
742.8
743.6
744.4
745.2
746.0
746.8
747.6
748.4
749.2
750.0
750.8
751.6
752.4
753.2
754.0
754.8
755.6
756.4
757.2
758.0
758.8
759.6
760.4
761.2
762.0
762.8
763.6
764.4
765.2
766.0
766.8
767.6
768.4
769.2
770.0
770.8
771.6
772.4
773.2
774.1
774.9
775.7
776.5
777.3
778.1
778.9
779.7
780.5
781.3
782.1
782.9
783.7
784.5
785.3
786.1
786.9
787.7
788.5
789.3
790.1
790.9
791.7
792.5
793.3
794.1
794.9
795.7
796.5
797.3
798.1
798.9
799.7
800.5
801.3
802.1
802.9
803.7
804.5
805.3
806.1
806.9
807.7
808.5
809.3
810.1
810.9
811.7
812.5
813.3
814.1
814.9
815.7
816.5
817.3
818.1
818.9
819.7
820.5
821.3
822.1
822.9
823.7
824.5
825.3
826.1
826.9
827.7
828.5
829.3
830.1
830.9
831.7
832.6
833.4
834.3
835.1
835.9
836.8
837.6
838.5
839.3
840.2
841.0
841.9
842.7
843.5
844.4
845.2
846.1
846.9
847.8
848.6
849.4
850.3
851.1
852.0
852.8
853.7
854.5
855.3
856.2
857.0
857.9
858.7
859.6
860.4
861.3
862.1
862.9
863.8
864.6
865.5
866.3
867.2
868.0
868.8
869.7
870.5
871.4
872.2
873.1
873.9
874.8
875.6
876.4
877.3
878.1
879.0
879.8
880.7
881.5
882.3
883.2
884.0
884.9
885.7
886.6
887.4
888.2
889.1
889.9
890.8
891.6
892.5
893.3
894.2
895.0
895.8
896.7
897.5
898.4
899.2
NEXT_SERIES
0.0834594182683
0.0826764742627
0.0822408052105
0.0802781732633
0.0795106207131
0.0786648989057
0.0783275489674
0.0799317830092
0.0801524686416
0.0820237196212
0.0814969720458
0.0821780840117
0.0805648160119
0.0788787514624
0.0773193388827
0.0764233938842
0.0748464056525
0.0743474828697
0.0741234708693
0.0748697476861
0.0752521243305
0.075878690653
0.0762657529641
0.0768210666926
0.0776944251624
0.0798008957295
0.0810845832014
0.0821326099987
0.0838760304636
0.0846338431058
0.0862548492034
0.0860606114091
0.0875436227211
0.0877692262808
0.0877630920891
0.0876698502247
0.088143110636
0.0885884528008
0.0885847492583
0.0882171963977
0.0886464974631
0.0893167305532
0.0889808621521
0.089144314206
0.0891659088901
0.0893217662162
0.0892411789728
0.0891112815876
0.0885856071506
0.0871184074229
0.0866377971513
0.0876555154865
0.0880874783825
0.0879370197425
0.0872095676255
0.0873268820187
0.0870543473583
0.0876534972288
0.0874615249902
0.0870385770724
0.0862362211617
0.0864115484016
0.0867147530604
0.0869089534462
0.0865314823413
0.0861372471987
0.0852077109278
0.0848423339841
0.0844016612215
0.0844664945692
0.0840587417511
0.0835023804024
0.0826613895603
0.0821187844707
0.0821700041589
0.0820792028069
0.0824932844658
0.0820759118933
0.0816374382593
0.0805728230557
0.0810416018469
0.0812079309721
0.0820118348784
0.0820736210859
0.082225338246
0.0816369325361
0.0804173609153
0.0801821453793
0.0803216854894
0.080335059385
0.0805667312518
0.0802061667013
0.0804203372291
0.080716974168
0.0809998063034
0.0809453730168
0.0801888853366
0.0796007279027
0.0803894564597
0.0803615304044
0.0804381742728
0.0785211482486
0.0783467118973
0.077878748164
0.0785555557321
0.0789302256576
0.0796679625947
0.0797372844747
0.0797186255866
0.0798914897222
0.0793948188568
0.0794032898102
0.0786503817409
0.0790439430396
0.0789011283195
0.0790002572283
0.0796012230798
0.0791035257725
0.0795400377636
0.079361867485
0.0797633444546
0.0795848193889
0.0796386378961
0.0790120767351
0.0793234730458
0.0796408953134
0.0806709906317
0.0807040326416
0.0810097760028
0.0809543621733
0.080566859798
0.0805172883199
0.0799968191289
0.0805639455315
0.0792996905458
0.0784716082139
0.0776856787858
0.077948335147
0.0786774690176
0.0791554126957
0.0796059079095
0.0803297379069
0.0798181706
0.0788492626016
0.0776750726467
0.0771313675295
0.0770265849787
0.0769711125115
0.0768863423717
0.0768318647196
0.0770526065225
0.0779454260796
0.0787454209686
0.0788570095685
0.0788544228575
0.0785257207449
0.078590332935
0.0788862507154
0.0794031717861
0.0800734401015
0.0805496009954
0.081478421777
0.0819837174889
0.082628385273
0.0833184834322
0.0837214107128
0.083953311138
0.0847553705232
0.08560791218
0.0861961740759
0.0861752298827
0.0866033855379
0.0871770169328
0.0882207865505
0.0880601160561
0.0882341983076
0.0876001202719
0.0882997819198
0.0885137685338
0.0890586130043
0.0891219295514
0.0890907598299
0.089671870691
0.090281673366
0.0910464399426
0.0906682334228
0.090145194696
0.0899993194869
0.0910183363957
0.0920312650504
0.0920295666317
0.0910689897305
0.0909459521345
0.090972343302
0.0909725135524
0.0902168161748
0.0897439319733
0.0896835216493
0.0899480983809
0.0900175984812
0.0900517466749
0.0898484498822
0.0899023239091
0.0900226736238
0.0899298214424
0.0898247036294
0.0894943925864
0.0894238918209
0.0890257025115
0.088021494921
0.0868729451204
0.0865482962327
0.0867565774594
0.0867881655998
0.0860967096649
0.0854662330315
0.0848866683276
0.084102251197
0.0833806306845
0.0831128602633
0.08333072514
0.082547205885
0.0819151330739
0.0809169544121
0.0806587196533
0.0804684945538
0.0805207467115
0.0804970636599
0.0800541270462
0.0789111375805
0.0775691829629
0.0760983961532
0.0753366632468
0.074962299991
0.0751551361791
0.0743879700213
0.0742662250231
0.0729257133055
0.0727830395127
0.0716748018488
0.071365071883
0.0703716213586
0.0694091065535
0.0685524741325
0.0681837968653
0.0680382583224
0.0678773357269
0.0673395298922
0.0662344986425
0.0654066807938
0.064600707106
0.0643688520428
0.0630940841438
0.0623754104934
0.0615842262549
0.061021674994
0.0602904803708
0.0594824461305
0.0592498245588
0.0589500832908
0.0588004078758
0.0583882877356
0.0576872844908
0.0568240864995
0.0563304373757
0.0555155617868
0.0549332093959
0.0540613138752
0.053499717867
0.0529046198358
0.0520711815442
0.0513714001623
0.0502976471295
0.049426141559
0.0490658381124
0.0489039464602
0.0484540231152
0.0475519386677
0.0464926257514
0.0462567620089
0.0461378109174
0.0460781501057
0.0452681925874
0.0447944249777
0.0445517324102
0.045023140183
0.0444873900113
0.043717992404
0.0426986865217
0.0423852568708
0.0421058420607
0.0417275802714
0.0414660829774
0.0409602156396
0.0404158659055
0.0399050606624
0.0395111786556
0.0392107922233
0.0385199990073
0.0380682060508
0.0375198894093
0.0366853046873
0.0362690173463
0.0355688698971
0.0354855183179
0.0353181953511
0.0353383899851
0.0350379583045
0.0348640939651
0.0344957284923
0.0345120626303
0.0339864693153
0.0342698091501
0.0338796714882
0.0335437114674
0.0330504007337
0.0330532300061
0.0331712908658
0.0328533964806
0.0318834108984
0.0312849393941
0.0305559328868
0.0306815070529
0.0301493048288
0.0298983382867
0.0298155128238
0.0297447344084
0.0296519728218
0.0288148302681
0.0283587958152
0.0282435486911
0.0282930371344
0.0291168794442
0.0293390418889
0.0292453282059
0.0283374980946
0.0273743994451
0.0275478273101
0.0272949653121
0.0275075726514
0.0275583025987
0.0276012283127
0.0278275489678
0.0268274002338
0.0270413472608
0.0263476916012
0.0264688744583
0.0261367209379
0.0263483568031
0.0259374616076
0.0260541463175
0.0257849915005
0.0258889982181
0.0253077846784
0.0250712512646
0.0250579395587
0.0253315478855
0.0250791833153
0.0253071685407
0.0249767437164
0.0250823187937
0.0247591707114
0.0245158440207
0.0245839956948
0.0243547179742
0.0239453846825
0.023224352422
0.0233595524223
0.0235156787772
0.02374012153
0.0233902526847
0.0230915335443
0.0231235106067
0.0232520863942
0.0231342176813
0.0231340035819
0.0231549808566
0.0234109449416
0.0231445825074
0.0232604113372
0.0230374487216
0.0234648617025
0.0229225591405
0.0229872496467
0.0226316618421
0.0233717794902
0.0228805242985
0.0229363144173
0.0225049227228
0.0231085308819
0.0226950334357
0.0224344289408
0.0226212535157
0.0222143534887
0.0219324308465
0.021398131278
0.0222186684532
0.022521505453
0.0221180016806
0.0214912439734
0.0210582380069
0.0214252475079
0.0216933419475
0.0218387354207
0.0219596399137
0.0221998398459
0.0223103358444
0.0219005359539
0.021908887486
0.0220011385537
0.0226745961173
0.0229706062141
0.0228529617664
0.0227367658457
0.0220886482485
0.0226327221086
0.0222981582749
0.0227726211126
0.0225981323932
0.0227153947291
0.0227987054772
0.0213433865173
0.0213327601673
0.0206395746645
0.022389156988
0.0222690573776
0.0225510081825
0.0221068670969
0.0225388706654
0.0226585495625
0.0223918813015
0.0223590484501
0.021925196613
0.0224298295186
0.0224933885422
0.0229475912114
0.0231678277881
0.0229535644004
0.0229289561965
0.0230031549029
0.0234308092506
0.0235212510045
0.0233119575746
0.0235158741923
0.0234343147921
0.0233171083785
0.0229742668436
0.0231703912792
0.0232953534692
0.0227469531793
0.0229836201231
0.0230648631196
0.0239171312238
0.0232482015115
0.0230361768684
0.02242731548
0.0230488734403
0.023131718799
0.0240602135754
0.0241224808989
0.0239601270715
0.0236118218579
0.0235130563604
0.0237837874862
0.0235967100339
0.0232449731296
0.0234059521424
0.023579551254
0.0238880049747
0.0235604114494
0.0234611216197
0.0233218970659
0.023062746785
0.0229783565457
0.0235222688724
0.0237477757727
0.0235121827406
0.0233941078838
0.0234820532379
0.0234683041574
0.0232503098026
0.0234448953198
0.0237198378392
0.0239244784406
0.0241930219059
0.0243757024748
0.0244417742796
0.0240935877939
0.0243929337769
0.024357390555
0.0247226019114
0.0247019988882
0.0244265791729
0.0243312541903
0.0244259641569
0.0245443669492
0.0244375750549
0.0239776529683
0.0236140347636
0.0235484431623
0.0239421718167
0.0237606731627
0.0243238431603
0.0238689439511
0.0251944119043
0.0249471375053
0.0253342784472
0.0255067870127
0.0249162334774
0.025693130454
0.0253218818233
0.026233194677
0.0257576661372
0.0258895752339
0.0267491518913
0.0263574243824
0.02655895079
0.0255110136242
0.0260001167123
0.0262829469414
0.0263038757428
0.026682696327
0.0257398675672
0.0259857930451
0.0260813567526
0.026763212335
0.0266345676776
0.0263065576684
0.026547815541
0.0264315833329
0.0269790212689
0.0269169659997
0.0273508881792
0.0274363715393
0.0278216354747
0.0281054348326
0.0273656034799
0.0269508299105
0.026802719468
0.0268307411491
0.026719638029
0.0263484557833
0.0262594034641
0.0259497733652
0.0261734022645
0.0261681459646
0.0257134707357
0.0258725644034
0.0261008130457
0.026787548649
0.0264076194304
0.0260977514267
0.0264427815905
0.0262705562796
0.026986880915
0.026189363369
0.0265234992094
0.025717080302
0.0257223472786
0.0255635209915
0.0257617702875
0.025629467469
0.0257744276598
0.0252728392301
0.0260186371175
0.0258087814114
0.0257493208798
0.0257135948991
0.0255685505014
0.0258248489468
0.0252296685309
0.0252445932487
0.0246358126268
0.0240743771178
0.0240064996093
0.0245118218679
0.0245780734576
0.024223887078
0.0239246611008
0.0243526741848
0.0240069463395
0.024082397906
0.0232875953652
0.0231193350576
0.0228419098469
0.0235353209848
0.0238053360697
0.0243167233839
0.0242065418106
0.0247243994643
0.0246196512588
0.0244272555776
0.0237471021951
0.0226060145195
0.0221526690633
0.0225449359899
0.0231043632631
0.0230832069749
0.0225463222485
0.0229757864576
0.0232147415376
0.0235389368357
0.0235790262025
0.0231139612684
0.0229673785366
0.0223430139885
0.0229030008151
0.0226033129437
0.022585970299
0.0225620705047
0.0227371152478
0.0225571935978
0.0220386922174
0.0220184354966
0.0223196989679
0.0223417764436
0.0211670726251
0.0199268656769
0.0199221421179
0.0200841656134
0.0208996211972
0.0203860839382
0.0209088856019
0.0204446752439
0.0203574719458
0.0206799717942
0.0204644142965
0.0200904193362
0.0193277770743
0.0194879698339
0.0200887236281
0.0201175152057
0.0198794730911
0.0195777345044
0.0196921097113
0.0202927012831
0.0204070404273
0.0199644387799
0.01975500386
0.0196828555195
0.0195822900228
0.0183532612908
0.0178618669595
0.018311120208
0.018129335528
0.017554524153
0.0165385733015
0.0176168028806
0.0173236584562
0.0179413628026
0.0168993943096
0.0175443376666
0.0151662327385
0.0155060028062
0.0151448933341
END
