380.3
381.1
381.9
382.7
383.5
384.4
385.2
386.0
386.8
387.6
388.4
389.2
390.1
390.9
391.7
392.5
393.3
394.1
394.9
395.8
396.6
397.4
398.2
399.0
399.8
400.6
401.5
402.3
403.1
403.9
404.7
405.5
406.3
407.2
408.0
408.8
409.6
410.4
411.2
412.0
412.8
413.7
414.5
415.3
416.1
416.9
417.7
418.5
419.4
420.2
421.0
421.8
422.6
423.4
424.2
425.1
425.9
426.7
427.5
428.3
429.1
429.9
430.8
431.6
432.4
433.2
434.0
434.8
435.6
436.4
437.3
438.1
438.9
439.7
440.5
441.3
442.1
443.0
443.8
444.6
445.4
446.2
447.0
447.8
448.7
449.5
450.3
451.1
451.9
452.7
453.5
454.4
455.2
456.0
456.8
457.6
458.4
459.2
460.0
460.9
461.7
462.5
463.3
464.1
464.9
465.7
466.6
467.4
468.2
469.0
469.8
470.6
471.4
472.3
473.1
473.9
474.7
475.5
476.3
477.1
478.0
478.8
479.6
480.4
481.2
482.0
482.8
483.6
484.5
485.3
486.1
486.9
487.7
488.5
489.3
490.2
491.0
491.8
492.6
493.4
494.2
495.0
495.9
496.7
497.5
498.3
499.1
499.9
500.7
501.6
502.4
503.2
504.0
504.8
505.6
506.4
507.2
508.1
508.9
509.7
510.5
511.3
512.1
512.9
513.7
514.5
515.3
516.1
516.8
517.6
518.4
519.2
520.0
520.8
521.5
522.3
523.1
523.9
524.7
525.5
526.2
527.0
527.8
528.6
529.4
530.2
530.9
531.7
532.5
533.3
534.1
534.9
535.6
536.4
537.2
538.0
538.8
539.6
540.3
541.1
541.9
542.7
543.5
544.3
545.0
545.8
546.6
547.4
548.2
549.0
549.7
550.5
551.3
552.1
552.9
553.7
554.4
555.2
556.0
556.8
557.6
558.4
559.1
559.9
560.7
561.5
562.3
563.1
563.8
564.6
565.4
566.2
567.0
567.8
568.5
569.3
570.1
570.9
571.7
572.5
573.2
574.0
574.8
575.6
576.4
577.2
577.9
578.7
579.5
580.3
581.1
581.9
582.6
583.4
584.2
585.0
585.8
586.6
587.3
588.1
588.9
589.6
590.3
591.1
591.8
592.6
593.3
594.0
594.8
595.5
596.3
597.0
597.7
598.5
599.2
600.0
600.7
601.5
602.2
602.9
603.7
604.4
605.2
605.9
606.6
607.4
608.1
608.9
609.6
610.3
611.1
611.8
612.6
613.3
614.0
614.8
615.5
616.3
617.0
617.7
618.5
619.2
620.0
620.7
621.4
622.2
622.9
623.7
624.4
625.2
625.9
626.6
627.4
628.1
628.9
629.6
630.3
631.1
631.8
632.6
633.3
634.0
634.8
635.5
636.3
637.0
637.7
638.5
639.2
640.0
640.7
641.4
642.2
642.9
643.7
644.4
645.1
645.9
646.6
647.4
648.1
648.8
649.6
650.3
651.1
651.8
652.6
653.3
654.0
654.8
655.5
656.3
657.0
657.7
658.5
659.2
660.0
660.7
661.4
662.2
662.9
663.7
664.4
665.1
665.9
666.6
667.4
668.1
668.9
669.6
670.4
671.2
671.9
672.7
673.4
674.2
674.9
675.7
676.5
677.2
678.0
678.7
679.5
680.2
681.0
681.8
682.5
683.3
684.0
684.8
685.5
686.3
687.1
687.8
688.6
689.3
690.1
690.8
691.6
692.4
693.1
693.9
694.6
695.4
696.1
696.9
697.7
698.4
699.2
699.9
700.7
701.4
702.2
703.0
703.7
704.5
705.2
706.0
706.8
707.6
708.4
709.2
710.0
710.8
711.6
712.4
713.2
714.0
714.8
715.6
716.4
717.2
718.0
718.8
719.6
720.4
721.2
722.0
722.8
723.6
724.4
725.2
726.0
726.8
727.6
728.4
729.2
730.0
730.8
731.6
732.4
733.2
734.0
734.8
735.6
736.4
737.2
738.0
738.8
739.6
740.4
741.2
742.0
742.8
743.6
744.4
745.2
746.0
746.8
747.6
748.4
749.2
750.0
750.8
751.6
752.4
753.2
754.0
754.8
755.6
756.4
757.2
758.0
758.8
759.6
760.4
761.2
762.0
762.8
763.6
764.4
765.2
766.0
766.8
767.6
768.4
769.2
770.0
770.8
771.6
772.4
773.2
774.1
774.9
775.7
776.5
777.3
778.1
778.9
779.7
780.5
781.3
782.1
782.9
783.7
784.5
785.3
786.1
786.9
787.7
788.5
789.3
790.1
790.9
791.7
792.5
793.3
794.1
794.9
795.7
796.5
797.3
798.1
798.9
799.7
800.5
801.3
802.1
802.9
803.7
804.5
805.3
806.1
806.9
807.7
808.5
809.3
810.1
810.9
811.7
812.5
813.3
814.1
814.9
815.7
816.5
817.3
818.1
818.9
819.7
820.5
821.3
822.1
822.9
823.7
824.5
825.3
826.1
826.9
827.7
828.5
829.3
830.1
830.9
831.7
832.6
833.4
834.3
835.1
835.9
836.8
837.6
838.5
839.3
840.2
841.0
841.9
842.7
843.5
844.4
845.2
846.1
846.9
847.8
848.6
849.4
850.3
851.1
852.0
852.8
853.7
854.5
855.3
856.2
857.0
857.9
858.7
859.6
860.4
861.3
862.1
862.9
863.8
864.6
865.5
866.3
867.2
868.0
868.8
869.7
870.5
871.4
872.2
873.1
873.9
874.8
875.6
876.4
877.3
878.1
879.0
879.8
880.7
881.5
882.3
883.2
884.0
884.9
885.7
886.6
887.4
888.2
889.1
889.9
890.8
891.6
892.5
893.3
894.2
895.0
895.8
896.7
897.5
898.4
899.2
NEXT_SERIES
0.331310961993
0.334196924087
0.333959583344
0.339733780581
0.341638712776
0.344085532701
0.343678263381
0.344015848377
0.344434958555
0.344760328363
0.34741189906
0.348610671675
0.352600415351
0.351212301719
0.352645026376
0.352329694054
0.354338228293
0.354855610055
0.354385944657
0.352955151754
0.352034493477
0.352139782168
0.353228204757
0.354033476343
0.354059466942
0.354586888071
0.353793872826
0.353593364026
0.353129689918
0.35282295942
0.352512823477
0.350915897205
0.350422513138
0.349249118578
0.348847456624
0.347444099635
0.346541228603
0.344584326228
0.343493565865
0.340370235578
0.33852823541
0.336870804454
0.335181906879
0.33308783854
0.330634025465
0.328758907101
0.326327228882
0.323314250448
0.320971324466
0.318676374195
0.317043526426
0.315104728729
0.312632200631
0.310591743107
0.308584601502
0.307368968372
0.305162448952
0.303474789917
0.300737404003
0.298999398674
0.296951228589
0.296057620823
0.295324463273
0.294086207226
0.292832068944
0.290051396344
0.289010715566
0.288162886183
0.288171209231
0.287496275007
0.286625220584
0.285659236827
0.285021013994
0.285171945953
0.286001403274
0.286482927516
0.287488416295
0.288409411091
0.288630373135
0.288909842041
0.289955542796
0.291787886063
0.293546942365
0.294096363653
0.294502143621
0.294672839028
0.296129544319
0.29800346109
0.300544933387
0.302266305075
0.305251880234
0.306928538318
0.309848865474
0.311790729067
0.314619812095
0.317124337629
0.320005723124
0.321563878883
0.32421341842
0.327122950793
0.331160161133
0.333352416879
0.336510413123
0.340231376
0.344862611279
0.348963061152
0.35121667564
0.354746497087
0.357373628403
0.362074903383
0.364953765468
0.368070557489
0.371224155455
0.374946417062
0.379104400648
0.382421250669
0.387152305152
0.39112245293
0.395106632406
0.398641541025
0.402832389525
0.408137856273
0.412327186133
0.417331332105
0.420262184486
0.424632586851
0.429340769324
0.43467624361
0.439262197601
0.443754282288
0.449080474195
0.453835237869
0.456083724435
0.460055766388
0.463770590764
0.468434401964
0.472502653404
0.476577178476
0.481827488209
0.486593219096
0.491325978886
0.495572773735
0.499223696513
0.503035503507
0.506793620176
0.510095857394
0.513447543345
0.517002107103
0.520295292707
0.524450742823
0.528547611125
0.533489516398
0.537497624983
0.54044208579
0.543700095901
0.547043845398
0.549848795949
0.552512176421
0.554168104562
0.557535581287
0.56221495408
0.565676754667
0.570042259029
0.571878388157
0.575632939126
0.577627469395
0.57982845044
0.582046584133
0.583873114389
0.586183933476
0.588473548746
0.59027671354
0.592731386048
0.594525199598
0.59642928716
0.596982264985
0.597626495583
0.597390121882
0.597275858152
0.596801740412
0.596761667281
0.596572517458
0.596500016749
0.596768741301
0.596356745729
0.595513544926
0.594653199695
0.593891609886
0.592305691145
0.590655613112
0.589304649701
0.586668265565
0.584186714427
0.580519736227
0.577650014762
0.57447525297
0.571246786264
0.568469691498
0.564242433005
0.560993787377
0.558269762905
0.555812724566
0.550351969114
0.544857239153
0.540319883903
0.537082378826
0.533292797882
0.527240591098
0.521763318306
0.514586564144
0.509463518809
0.50391215187
0.499797603518
0.494186282681
0.488683224003
0.48276494261
0.476576755713
0.470361419805
0.46289272776
0.456896156971
0.449627503781
0.443086140325
0.435882296184
0.429585298521
0.421954963815
0.415073027821
0.408309476856
0.402554076295
0.3955231182
0.387407658287
0.379248770096
0.371786529272
0.365028135453
0.357775660711
0.350550482559
0.342971458762
0.335431543521
0.327540097313
0.31972390654
0.31237761869
0.304905329266
0.29753222013
0.29060810157
0.28350271419
0.276714873215
0.269625386036
0.262751280423
0.255198457842
0.248181391968
0.241708136232
0.235790743079
0.229259312489
0.221861168697
0.215016009395
0.208684257787
0.203062571286
0.197607990196
0.192032535034
0.186875099617
0.181460310661
0.176259861864
0.17082921745
0.165775532382
0.160842150077
0.155690853785
0.151091870399
0.146593119566
0.14292437169
0.138415037333
0.134170912524
0.129789067462
0.126532964652
0.122912014878
0.119702819521
0.116274102181
0.113166427439
0.110195159066
0.106760300375
0.103571156924
0.100404145198
0.0976286646691
0.0954748649785
0.0929732103654
0.0906708121289
0.0886815972165
0.0867806557982
0.0848392389776
0.0827608885451
0.0809166682765
0.0792792668807
0.0775646848168
0.0762245170429
0.074715103437
0.0726811596456
0.0707181330059
0.0693653412772
0.0684822842802
0.067152937473
0.0655324463384
0.0640380770105
0.0629405200028
0.0620099781106
0.0614437526554
0.0604932472402
0.0594784580647
0.0585619905514
0.0579306490969
0.0573709628535
0.0564561759526
0.0556870387807
0.0552535842106
0.054746469134
0.054395112313
0.0533214313962
0.0527559563451
0.0525637503977
0.0528326675756
0.0527229865813
0.0521055702202
0.0509839570498
0.0503625084017
0.0497972823228
0.0494345651597
0.0491586846546
0.0482431454683
0.0480341145684
0.0472548479716
0.0470627830388
0.0466027580524
0.0460120296005
0.0458567005918
0.0453354640566
0.0452591574267
0.0449370007058
0.0452077444579
0.0451177825765
0.0448024568717
0.0442756032406
0.0440328283855
0.0440517722921
0.044412659212
0.0440643093106
0.0439630662371
0.0432194620436
0.0435825392959
0.0426803635989
0.0421668829645
0.0412210003652
0.0410496738367
0.0410228030502
0.0411555134558
0.0416013779856
0.0411449719493
0.0408269804356
0.040177025707
0.0398949994733
0.0400751980678
0.0405322032572
0.0407051904392
0.0404385503581
0.0395661383502
0.0391575774141
0.0383570933826
0.0386928746473
0.0387772085901
0.0388919127895
0.0382549923074
0.0383010821888
0.0376932037923
0.0380115328005
0.0378459257379
0.038000302791
0.0375942781457
0.0373307255444
0.0371363515907
0.037013228845
0.0369484309569
0.0372063356274
0.0371572787378
0.0373248189825
0.0370563265393
0.0370555850299
0.0366240066364
0.0366014598597
0.0368486720788
0.037605609208
0.0373343225084
0.0368019124484
0.0362383568967
0.0368495997129
0.0372390188935
0.0365412151252
0.0363868232066
0.0354914677922
0.035448387562
0.0350294432306
0.0352699294794
0.0356835334368
0.0356084662109
0.0355544565628
0.0351099892879
0.0354198583784
0.0355541977376
0.0358125500296
0.0356021697481
0.0356915552928
0.0365747600557
0.036293571582
0.0365854220086
0.0358095950723
0.0358457185016
0.0354666226278
0.0347919725184
0.0355721892107
0.0354094014736
0.0361988356414
0.0353918314832
0.0356092948883
0.0355316748063
0.0356133463907
0.0355390392346
0.0347295785828
0.034789213817
0.0341674846102
0.0346291072633
0.0341496917023
0.0343769434567
0.0342904314651
0.0345582618016
0.0349075430377
0.03497200842
0.0351790864369
0.0341212684606
0.0341614115182
0.033819508442
0.0348073334463
0.0350939128964
0.0353611470514
0.0351251765632
0.0348657943904
0.0348358067436
0.0345397899869
0.0345211607623
0.0345339197942
0.0347265499846
0.0344516623156
0.0342801002012
0.0340588406218
0.0343188471489
0.0341683000195
0.0347714938501
0.034615773472
0.0348884835265
0.034940476188
0.0346351907519
0.0345120616837
0.0345036165915
0.035003178507
0.0347676015888
0.0345797009388
0.03483662612
0.0352314202531
0.0352132500145
0.0349171884613
0.0347092842095
0.0343332679095
0.0346423331586
0.0347167188875
0.03520715296
0.0347424263835
0.0346402459747
0.034438518288
0.0343585822672
0.0343871204599
0.0345459092216
0.0347221453388
0.034871862351
0.0347394872354
0.0350188293197
0.0349178233747
0.034919430879
0.0345055979618
0.0350402548925
0.0349144295229
0.035489136549
0.0350232354306
0.0356117275935
0.0351618906023
0.0354641415593
0.0349870679155
0.0353027900333
0.0348648264949
0.0348881430189
0.034609809229
0.0349997955349
0.0354201674859
0.0352936875438
0.0354065731732
0.0350666122922
0.0355481026516
0.0355243574716
0.0349867271567
0.0351719516744
0.0350465104628
0.0357341285471
0.0353149519593
0.0347840397992
0.034841292894
0.034272282079
0.0354603388769
0.0352864265959
0.0363495448606
0.0359493019739
0.0363188175197
0.0366192625698
0.0356944200186
0.0355833756916
0.0350693726427
0.0352610645976
0.0359230017461
0.0358209104954
0.0364466337431
0.0356130164226
0.0356909925278
0.0360539151103
0.0362011734676
0.0362128978546
0.0358018008067
0.0361664007436
0.0363719878581
0.0369854048902
0.0367564953558
0.0368463208152
0.0371000968724
0.0370442354925
0.0372721642476
0.0363843845822
0.0367320074516
0.0359535190859
0.0360893555261
0.0358270183923
0.0358740360852
0.0358024205532
0.0355972313578
0.0357751224799
0.0358672748461
0.035289501841
0.0353476977567
0.0350326958584
0.0356103491919
0.0350762114473
0.0353751775002
0.0355101384149
0.0355966065838
0.0356744684025
0.0353334062547
0.0353959555519
0.0346349742116
0.0345117991953
0.0343103612061
0.0341895319441
0.033849539368
0.0340850140898
0.0343636535004
0.0355067804224
0.0353221739217
0.0350114649812
0.0349078403999
0.0349994246597
0.0350648233343
0.0343889219638
0.0341683797304
0.0339033073632
0.0337239247257
0.034479973622
0.0347905044996
0.0345196359846
0.0341458577343
0.0341942163115
0.0343989236665
0.0338513174947
0.0338876208726
0.0339369598159
0.0339606620039
0.0335718517952
0.0336698204974
0.0339356531984
0.0340412443395
0.0330856855817
0.033297360479
0.0334621645528
0.0341651538439
0.0334493803497
0.0327632727769
0.0324353434077
0.0325518966927
0.0329182775674
0.0327634363492
0.0328139774988
0.0329526887248
0.0333346795237
0.033626895355
0.0343884525107
0.0337492840451
0.0332669525185
0.0323666554062
0.0328635756049
0.033162819974
0.0326495421648
0.0327561655214
0.032363524651
0.0328301393199
0.0320912311974
0.0315371512109
0.031639157398
0.0318509195144
0.0318445940118
0.0307240465138
0.0306482559276
0.0306594650094
0.0306999029297
0.0305998205207
0.0305436603615
0.0306326276278
0.0306197484094
0.031107610392
0.0320686461573
0.03151932977
0.0314215160406
0.0313497475883
0.0321859142424
0.03171182479
0.031131660756
0.0308509204035
0.0304845572224
0.0306991004525
0.0309131197983
0.0309916639599
0.0307710626678
0.0311411065399
0.0307372656729
0.0302710991177
0.0300341921152
0.0305790097986
0.0304879655809
0.0302250658228
0.0298950978777
0.0300522671257
0.0284193926368
0.0284783205641
0.0279116935711
0.0292532415202
0.0284115735542
0.0284388564423
0.0277237260579
END
