380.3
381.1
381.9
382.7
383.5
384.4
385.2
386.0
386.8
387.6
388.4
389.2
390.1
390.9
391.7
392.5
393.3
394.1
394.9
395.8
396.6
397.4
398.2
399.0
399.8
400.6
401.5
402.3
403.1
403.9
404.7
405.5
406.3
407.2
408.0
408.8
409.6
410.4
411.2
412.0
412.8
413.7
414.5
415.3
416.1
416.9
417.7
418.5
419.4
420.2
421.0
421.8
422.6
423.4
424.2
425.1
425.9
426.7
427.5
428.3
429.1
429.9
430.8
431.6
432.4
433.2
434.0
434.8
435.6
436.4
437.3
438.1
438.9
439.7
440.5
441.3
442.1
443.0
443.8
444.6
445.4
446.2
447.0
447.8
448.7
449.5
450.3
451.1
451.9
452.7
453.5
454.4
455.2
456.0
456.8
457.6
458.4
459.2
460.0
460.9
461.7
462.5
463.3
464.1
464.9
465.7
466.6
467.4
468.2
469.0
469.8
470.6
471.4
472.3
473.1
473.9
474.7
475.5
476.3
477.1
478.0
478.8
479.6
480.4
481.2
482.0
482.8
483.6
484.5
485.3
486.1
486.9
487.7
488.5
489.3
490.2
491.0
491.8
492.6
493.4
494.2
495.0
495.9
496.7
497.5
498.3
499.1
499.9
500.7
501.6
502.4
503.2
504.0
504.8
505.6
506.4
507.2
508.1
508.9
509.7
510.5
511.3
512.1
512.9
513.7
514.5
515.3
516.1
516.8
517.6
518.4
519.2
520.0
520.8
521.5
522.3
523.1
523.9
524.7
525.5
526.2
527.0
527.8
528.6
529.4
530.2
530.9
531.7
532.5
533.3
534.1
534.9
535.6
536.4
537.2
538.0
538.8
539.6
540.3
541.1
541.9
542.7
543.5
544.3
545.0
545.8
546.6
547.4
548.2
549.0
549.7
550.5
551.3
552.1
552.9
553.7
554.4
555.2
556.0
556.8
557.6
558.4
559.1
559.9
560.7
561.5
562.3
563.1
563.8
564.6
565.4
566.2
567.0
567.8
568.5
569.3
570.1
570.9
571.7
572.5
573.2
574.0
574.8
575.6
576.4
577.2
577.9
578.7
579.5
580.3
581.1
581.9
582.6
583.4
584.2
585.0
585.8
586.6
587.3
588.1
588.9
589.6
590.3
591.1
591.8
592.6
593.3
594.0
594.8
595.5
596.3
597.0
597.7
598.5
599.2
600.0
600.7
601.5
602.2
602.9
603.7
604.4
605.2
605.9
606.6
607.4
608.1
608.9
609.6
610.3
611.1
611.8
612.6
613.3
614.0
614.8
615.5
616.3
617.0
617.7
618.5
619.2
620.0
620.7
621.4
622.2
622.9
623.7
624.4
625.2
625.9
626.6
627.4
628.1
628.9
629.6
630.3
631.1
631.8
632.6
633.3
634.0
634.8
635.5
636.3
637.0
637.7
638.5
639.2
640.0
640.7
641.4
642.2
642.9
643.7
644.4
645.1
645.9
646.6
647.4
648.1
648.8
649.6
650.3
651.1
651.8
652.6
653.3
654.0
654.8
655.5
656.3
657.0
657.7
658.5
659.2
660.0
660.7
661.4
662.2
662.9
663.7
664.4
665.1
665.9
666.6
667.4
668.1
668.9
669.6
670.4
671.2
671.9
672.7
673.4
674.2
674.9
675.7
676.5
677.2
678.0
678.7
679.5
680.2
681.0
681.8
682.5
683.3
684.0
684.8
685.5
686.3
687.1
687.8
688.6
689.3
690.1
690.8
691.6
692.4
693.1
693.9
694.6
695.4
696.1
696.9
697.7
698.4
699.2
699.9
700.7
701.4
702.2
703.0
703.7
704.5
705.2
706.0
706.8
707.6
708.4
709.2
710.0
710.8
711.6
712.4
713.2
714.0
714.8
715.6
716.4
717.2
718.0
718.8
719.6
720.4
721.2
722.0
722.8
723.6
724.4
725.2
726.0
726.8
727.6
728.4
729.2
730.0
730.8
731.6
732.4
733.2
734.0
734.8
735.6
736.4
737.2
738.0
738.8
739.6
740.4
741.2
742.0
742.8
743.6
744.4
745.2
746.0
746.8
747.6
748.4
749.2
750.0
750.8
751.6
752.4
753.2
754.0
754.8
755.6
756.4
757.2
758.0
758.8
759.6
760.4
761.2
762.0
762.8
763.6
764.4
765.2
766.0
766.8
767.6
768.4
769.2
770.0
770.8
771.6
772.4
773.2
774.1
774.9
775.7
776.5
777.3
778.1
778.9
779.7
780.5
781.3
782.1
782.9
783.7
784.5
785.3
786.1
786.9
787.7
788.5
789.3
790.1
790.9
791.7
792.5
793.3
794.1
794.9
795.7
796.5
797.3
798.1
798.9
799.7
800.5
801.3
802.1
802.9
803.7
804.5
805.3
806.1
806.9
807.7
808.5
809.3
810.1
810.9
811.7
812.5
813.3
814.1
814.9
815.7
816.5
817.3
818.1
818.9
819.7
820.5
821.3
822.1
822.9
823.7
824.5
825.3
826.1
826.9
827.7
828.5
829.3
830.1
830.9
831.7
832.6
833.4
834.3
835.1
835.9
836.8
837.6
838.5
839.3
840.2
841.0
841.9
842.7
843.5
844.4
845.2
846.1
846.9
847.8
848.6
849.4
850.3
851.1
852.0
852.8
853.7
854.5
855.3
856.2
857.0
857.9
858.7
859.6
860.4
861.3
862.1
862.9
863.8
864.6
865.5
866.3
867.2
868.0
868.8
869.7
870.5
871.4
872.2
873.1
873.9
874.8
875.6
876.4
877.3
878.1
879.0
879.8
880.7
881.5
882.3
883.2
884.0
884.9
885.7
886.6
887.4
888.2
889.1
889.9
890.8
891.6
892.5
893.3
894.2
895.0
895.8
896.7
897.5
898.4
899.2
NEXT_SERIES
0.187779484671
0.189411634076
0.189603215539
0.19008540306
0.189810427679
0.189630833083
0.190107230612
0.192266046704
0.193334666081
0.194616838474
0.196410975756
0.199759268122
0.201786638294
0.200573524495
0.199461114262
0.197632391244
0.197462273714
0.197569239076
0.198026180292
0.196798093479
0.19590991812
0.195814534786
0.196611710085
0.196773678199
0.197642252604
0.198941682961
0.199840543049
0.200027996757
0.200046247637
0.200531055828
0.200768789266
0.200006467977
0.200095394008
0.199899543884
0.199101649633
0.197596508862
0.19711642649
0.196796280264
0.196751109649
0.195326739459
0.194527608232
0.193781966568
0.192809517262
0.192987404173
0.191574739214
0.190591816933
0.188739719507
0.187310125931
0.186389500777
0.184649080845
0.183671187457
0.182533593821
0.182237800949
0.181172427564
0.180497809515
0.179070040919
0.177913359514
0.176389231184
0.174758200249
0.173712618408
0.173022735324
0.172489278825
0.171769035881
0.170225780231
0.16884061994
0.168173926496
0.167559274571
0.167501172377
0.166224437486
0.16516108782
0.163879111573
0.162128607721
0.161281925568
0.160885052307
0.161340723695
0.160986114604
0.160568556528
0.159622905936
0.158548935033
0.157399364116
0.157510394178
0.157242831782
0.157437956318
0.157030834956
0.156738884135
0.155841042918
0.154960636534
0.155712962086
0.156313574983
0.157061356335
0.156466179349
0.156111965408
0.155523823278
0.155759486369
0.156402053206
0.156914335845
0.156865971011
0.156370125693
0.156945700842
0.157982556866
0.159373837695
0.159360949737
0.159372028302
0.160170082716
0.160764008284
0.161484002098
0.161862438352
0.16214677688
0.162954523944
0.163232590703
0.164157256081
0.164309458139
0.165092099205
0.165906642002
0.166501370265
0.166379916264
0.168197334133
0.168632634042
0.16947595143
0.168894427058
0.17081441632
0.171505056704
0.172588130797
0.172584681805
0.173569491406
0.174129716637
0.175758594446
0.176765662753
0.177181430052
0.17730951611
0.178005331739
0.179727179141
0.179928288939
0.180179890884
0.18047829384
0.180876825328
0.181870750853
0.182116105529
0.183152144845
0.183966945016
0.184519782756
0.185602473733
0.186105180651
0.187230821583
0.187474456862
0.187565095377
0.187145342798
0.187409844829
0.187873275962
0.189321723516
0.189864742664
0.191405859123
0.192212264852
0.193603691537
0.194066848356
0.194081814301
0.194868353218
0.196173458693
0.197353242693
0.198691025695
0.199442276334
0.20158879008
0.202695524118
0.204256823143
0.205571848927
0.206619284508
0.208333936124
0.209702979081
0.211254555007
0.212314086284
0.213155531524
0.214168971017
0.214463502408
0.216304092577
0.217439630199
0.218540074188
0.218853560788
0.219996453557
0.220978635817
0.221006743893
0.220883861446
0.220829686533
0.221515284237
0.221757339614
0.222821582763
0.223476719618
0.223959194961
0.224040033207
0.224144144284
0.224703617298
0.224959762911
0.223703587579
0.223505640747
0.223047600976
0.222542828606
0.221896888841
0.221779934827
0.222420885169
0.222310811978
0.221089289264
0.220701327941
0.219840994921
0.219352688966
0.218771646465
0.218469318242
0.218012791648
0.216488685403
0.215225361604
0.214031703888
0.213628735157
0.212430038644
0.211278871236
0.210025988322
0.208494164889
0.207750815004
0.206276830277
0.205055119884
0.202767097193
0.201196521642
0.200174680182
0.19941940137
0.198306746844
0.196300174428
0.194364301062
0.192860747937
0.191717600591
0.190148703661
0.188690794346
0.187097241671
0.185612991676
0.183609569579
0.18169943641
0.180157860932
0.178399863592
0.176753112679
0.1744711881
0.172687550253
0.170247566676
0.168324271294
0.16634405767
0.164244255019
0.162662238547
0.160748014959
0.158982452667
0.156886129544
0.154307224154
0.152824026781
0.151106416541
0.149271332416
0.147063288055
0.145073012693
0.14337491503
0.141055967259
0.139037144272
0.137094733353
0.135557469457
0.133857666381
0.131837967402
0.13011891831
0.128608899257
0.127679290897
0.12661895367
0.124861230482
0.122954857064
0.121394588623
0.119409957719
0.117694572349
0.115314498542
0.113777161769
0.112086525968
0.110989334793
0.109535691682
0.108439937052
0.106731269314
0.105181058815
0.103532616736
0.102032743704
0.100346181208
0.0988559031029
0.0977085659408
0.0968022926188
0.0956049904382
0.0942089423558
0.0926846854792
0.0919692102824
0.091158003544
0.0901254540824
0.0885982484127
0.087316320614
0.0864982641286
0.0850559298672
0.0839388822969
0.0829577815442
0.0821083241617
0.0804440137407
0.0793750772775
0.0786943790689
0.078268966334
0.0770393462184
0.0757159302574
0.0746948202851
0.0735426363444
0.072568070097
0.0716200802552
0.0705482610211
0.0697353575165
0.0693754422101
0.0688738568575
0.0683753727811
0.0671541794195
0.0666206060813
0.0656245643082
0.0650343884043
0.0641513979294
0.0634080236718
0.0629963190105
0.0631842924453
0.0632073551642
0.0626867140533
0.0612407056781
0.0603340342395
0.0591828810362
0.0585960556653
0.0576036661839
0.0569040035455
0.0562718397082
0.0558362437029
0.0552737591617
0.0548275299211
0.0540265963765
0.0536665212558
0.052853166891
0.0530296613921
0.0528130122067
0.0528558257487
0.0521723460428
0.0515894128411
0.0508410413935
0.0503867331143
0.0499345823317
0.0503036162385
0.0502537919851
0.0502170618448
0.049128929662
0.0485308493519
0.0475472313356
0.0473478603188
0.0467307564869
0.0466389259298
0.0464272582743
0.0461282349174
0.0462958507259
0.0461375542723
0.045568980443
0.0447491536371
0.04424226139
0.0446341103734
0.0445093250125
0.0441348051385
0.0435998428639
0.0435339659558
0.0436336062099
0.0432803790294
0.0429139114276
0.0424798628496
0.0421229944739
0.0413831923971
0.041175697385
0.0409268705363
0.0413968626601
0.0410379775757
0.0407955606178
0.0402229822338
0.0398740411529
0.0396208432047
0.039415423803
0.0392140921788
0.0391985689022
0.0394503083889
0.039935365903
0.0397818063995
0.0391824784024
0.0383823860421
0.0382727987248
0.0377828393426
0.0380927212798
0.0377343028979
0.0376144098776
0.0374841005571
0.0379832172499
0.0384227615108
0.0378333184768
0.0374968954071
0.0367345812922
0.0363312133206
0.0361886759752
0.0363706662519
0.0367469682022
0.036251143408
0.0361915399365
0.0361482256647
0.03658461227
0.0363852925097
0.0366599224119
0.0365437967971
0.0368126036459
0.0368021119467
0.0362791109364
0.0362521585782
0.0360887501328
0.0366634182352
0.0366651090757
0.0364186886824
0.0362174334594
0.0360752680001
0.0358723467536
0.0358208879013
0.0361207318827
0.0363634293747
0.0361139983037
0.0360142322716
0.0352467093426
0.0353130995389
0.0349667231414
0.0355962241848
0.0353406888688
0.0353084198505
0.0354181239636
0.0356656110379
0.0360388928075
0.0358826560441
0.0360996440452
0.035358590833
0.0355526079122
0.0352955626456
0.0358357635294
0.0355746569387
0.0353642178805
0.0352751191571
0.035355129294
0.0357460035896
0.0358273614859
0.0353449377159
0.0355803076941
0.0355500758941
0.0358929149781
0.0355996887569
0.0356422287918
0.035848060033
0.0355250679996
0.0356244024603
0.0356228694684
0.035933158585
0.0357522767012
0.0352096152611
0.0348637365567
0.0350687042035
0.0353584174072
0.0355342698908
0.0360044349107
0.0362082031596
0.0367026678385
0.0360851985405
0.0363369816094
0.0360830920742
0.0362800118021
0.0363328524311
0.0365279976308
0.0366283326326
0.0362485618553
0.0360238547684
0.0356700303237
0.0354722036136
0.0353685013494
0.0356005901873
0.0358898744346
0.0360325428564
0.036110919231
0.0359722080824
0.0356269058419
0.0351985429402
0.0354318572431
0.0359664538025
0.0366447880768
0.0372652934764
0.0372140650551
0.0370659729734
0.0361988786233
0.0364298517105
0.0363336431645
0.0367321334499
0.036570005759
0.0366924645783
0.036594637283
0.0371133175627
0.0373308740127
0.0370237517746
0.0365473100404
0.035739063123
0.0362518165615
0.0362516586117
0.0365931308811
0.0365463960337
0.0364653742437
0.0369270689351
0.0366272028895
0.0365511617555
0.0367257848324
0.0366413641766
0.0373917424241
0.0369426680923
0.0375852504018
0.037496789449
0.0375325803841
0.0378935432913
0.0375878569903
0.0381030027324
0.0379802339796
0.0375879265368
0.0378143912403
0.0373803354791
0.0379457375999
0.0373573322649
0.0378253814106
0.0376413794328
0.0377105841355
0.0378637557349
0.038036387135
0.0385461382778
0.0379137058155
0.0381199879303
0.0382446473071
0.0387437981276
0.0392681765404
0.0385740917963
0.0388598403988
0.038077946646
0.0379050303606
0.0378246348963
0.0380604333185
0.0384387115159
0.0383226486866
0.0375071691862
0.0371585113516
0.0365512737876
0.0367086788135
0.0358030700771
0.0364202259546
0.0363145131084
0.0366742668591
0.0354871731261
0.0354169719055
0.0358986477948
0.0359088666683
0.0363334820559
0.0358407991491
0.0362157757786
0.0354765637029
0.0354479083116
0.0350147319641
0.0347723547207
0.0347196261247
0.0349013217751
0.0351979023034
0.0357409273378
0.0351073303056
0.034847429226
0.0342105075473
0.0342760338961
0.0345330198347
0.0340858866821
0.0341197456111
0.0331105338223
0.0331498900941
0.033576437735
0.033844479599
0.0333883283556
0.033144297091
0.0326633088345
0.0332471590128
0.0331514079139
0.0341940451708
0.0338155786858
0.0333113332046
0.0322699584959
0.0325834112477
0.0329111607306
0.0335445637375
0.0327396422278
0.0326996518519
0.032512315861
0.0323727090642
0.0316985318389
0.0311975826556
0.0311488683036
0.0317486869129
0.0316535075695
0.0314767973482
0.0307680529464
0.0309939759679
0.0311906176005
0.0314259421179
0.0314612112138
0.0312726419118
0.0311430298903
0.0309842846858
0.0311933886438
0.0307411763976
0.0300423915151
0.0299396871113
0.030132173544
0.0302874177324
0.0297064541831
0.0293560993543
0.0296056265756
0.0295163799325
0.0293318575172
0.0284362497337
0.0283681765611
0.0284081053999
0.0284507285791
0.0281487243014
0.0278876707196
0.027599206246
0.0279875963639
0.0281772402706
0.0283552444953
0.0277648739643
0.0270780691617
0.0269645707012
0.0270799475579
0.0266941753638
0.0270397251662
0.0267961410308
0.0270184857343
0.0257312532629
0.0257388470319
0.0257283397508
0.0263640860622
0.0259035556201
0.0256374261309
0.0254251363991
0.0257364783429
0.025065984034
0.0243070418954
0.0230648739127
0.0222153540289
0.022928388424
0.0226140702006
0.0234453566414
0.0225490440353
0.0234226351965
0.0220762005412
0.0218272850781
0.021525088071
END
