380.3
381.1
381.9
382.7
383.5
384.4
385.2
386.0
386.8
387.6
388.4
389.2
390.1
390.9
391.7
392.5
393.3
394.1
394.9
395.8
396.6
397.4
398.2
399.0
399.8
400.6
401.5
402.3
403.1
403.9
404.7
405.5
406.3
407.2
408.0
408.8
409.6
410.4
411.2
412.0
412.8
413.7
414.5
415.3
416.1
416.9
417.7
418.5
419.4
420.2
421.0
421.8
422.6
423.4
424.2
425.1
425.9
426.7
427.5
428.3
429.1
429.9
430.8
431.6
432.4
433.2
434.0
434.8
435.6
436.4
437.3
438.1
438.9
439.7
440.5
441.3
442.1
443.0
443.8
444.6
445.4
446.2
447.0
447.8
448.7
449.5
450.3
451.1
451.9
452.7
453.5
454.4
455.2
456.0
456.8
457.6
458.4
459.2
460.0
460.9
461.7
462.5
463.3
464.1
464.9
465.7
466.6
467.4
468.2
469.0
469.8
470.6
471.4
472.3
473.1
473.9
474.7
475.5
476.3
477.1
478.0
478.8
479.6
480.4
481.2
482.0
482.8
483.6
484.5
485.3
486.1
486.9
487.7
488.5
489.3
490.2
491.0
491.8
492.6
493.4
494.2
495.0
495.9
496.7
497.5
498.3
499.1
499.9
500.7
501.6
502.4
503.2
504.0
504.8
505.6
506.4
507.2
508.1
508.9
509.7
510.5
511.3
512.1
512.9
513.7
514.5
515.3
516.1
516.8
517.6
518.4
519.2
520.0
520.8
521.5
522.3
523.1
523.9
524.7
525.5
526.2
527.0
527.8
528.6
529.4
530.2
530.9
531.7
532.5
533.3
534.1
534.9
535.6
536.4
537.2
538.0
538.8
539.6
540.3
541.1
541.9
542.7
543.5
544.3
545.0
545.8
546.6
547.4
548.2
549.0
549.7
550.5
551.3
552.1
552.9
553.7
554.4
555.2
556.0
556.8
557.6
558.4
559.1
559.9
560.7
561.5
562.3
563.1
563.8
564.6
565.4
566.2
567.0
567.8
568.5
569.3
570.1
570.9
571.7
572.5
573.2
574.0
574.8
575.6
576.4
577.2
577.9
578.7
579.5
580.3
581.1
581.9
582.6
583.4
584.2
585.0
585.8
586.6
587.3
588.1
588.9
589.6
590.3
591.1
591.8
592.6
593.3
594.0
594.8
595.5
596.3
597.0
597.7
598.5
599.2
600.0
600.7
601.5
602.2
602.9
603.7
604.4
605.2
605.9
606.6
607.4
608.1
608.9
609.6
610.3
611.1
611.8
612.6
613.3
614.0
614.8
615.5
616.3
617.0
617.7
618.5
619.2
620.0
620.7
621.4
622.2
622.9
623.7
624.4
625.2
625.9
626.6
627.4
628.1
628.9
629.6
630.3
631.1
631.8
632.6
633.3
634.0
634.8
635.5
636.3
637.0
637.7
638.5
639.2
640.0
640.7
641.4
642.2
642.9
643.7
644.4
645.1
645.9
646.6
647.4
648.1
648.8
649.6
650.3
651.1
651.8
652.6
653.3
654.0
654.8
655.5
656.3
657.0
657.7
658.5
659.2
660.0
660.7
661.4
662.2
662.9
663.7
664.4
665.1
665.9
666.6
667.4
668.1
668.9
669.6
670.4
671.2
671.9
672.7
673.4
674.2
674.9
675.7
676.5
677.2
678.0
678.7
679.5
680.2
681.0
681.8
682.5
683.3
684.0
684.8
685.5
686.3
687.1
687.8
688.6
689.3
690.1
690.8
691.6
692.4
693.1
693.9
694.6
695.4
696.1
696.9
697.7
698.4
699.2
699.9
700.7
701.4
702.2
703.0
703.7
704.5
705.2
706.0
706.8
707.6
708.4
709.2
710.0
710.8
711.6
712.4
713.2
714.0
714.8
715.6
716.4
717.2
718.0
718.8
719.6
720.4
721.2
722.0
722.8
723.6
724.4
725.2
726.0
726.8
727.6
728.4
729.2
730.0
730.8
731.6
732.4
733.2
734.0
734.8
735.6
736.4
737.2
738.0
738.8
739.6
740.4
741.2
742.0
742.8
743.6
744.4
745.2
746.0
746.8
747.6
748.4
749.2
750.0
750.8
751.6
752.4
753.2
754.0
754.8
755.6
756.4
757.2
758.0
758.8
759.6
760.4
761.2
762.0
762.8
763.6
764.4
765.2
766.0
766.8
767.6
768.4
769.2
770.0
770.8
771.6
772.4
773.2
774.1
774.9
775.7
776.5
777.3
778.1
778.9
779.7
780.5
781.3
782.1
782.9
783.7
784.5
785.3
786.1
786.9
787.7
788.5
789.3
790.1
790.9
791.7
792.5
793.3
794.1
794.9
795.7
796.5
797.3
798.1
798.9
799.7
800.5
801.3
802.1
802.9
803.7
804.5
805.3
806.1
806.9
807.7
808.5
809.3
810.1
810.9
811.7
812.5
813.3
814.1
814.9
815.7
816.5
817.3
818.1
818.9
819.7
820.5
821.3
822.1
822.9
823.7
824.5
825.3
826.1
826.9
827.7
828.5
829.3
830.1
830.9
831.7
832.6
833.4
834.3
835.1
835.9
836.8
837.6
838.5
839.3
840.2
841.0
841.9
842.7
843.5
844.4
845.2
846.1
846.9
847.8
848.6
849.4
850.3
851.1
852.0
852.8
853.7
854.5
855.3
856.2
857.0
857.9
858.7
859.6
860.4
861.3
862.1
862.9
863.8
864.6
865.5
866.3
867.2
868.0
868.8
869.7
870.5
871.4
872.2
873.1
873.9
874.8
875.6
876.4
877.3
878.1
879.0
879.8
880.7
881.5
882.3
883.2
884.0
884.9
885.7
886.6
887.4
888.2
889.1
889.9
890.8
891.6
892.5
893.3
894.2
895.0
895.8
896.7
897.5
898.4
899.2
NEXT_SERIES
0.0393490422373
0.0376386870813
0.0366384535287
0.0351212911877
0.0334132204773
0.0314505179539
0.0293877717004
0.0303164885767
0.0293449918647
0.0301398372715
0.0291980264646
0.0279545253747
0.0264746382041
0.0240540436987
0.0241526071575
0.0228611015058
0.0226366012449
0.0219868377671
0.0217753220624
0.0205570372625
0.0197922271726
0.0205909662549
0.022546537612
0.0240339742023
0.0259423478322
0.0277201861617
0.0299846514953
0.0318048209368
0.0346497810496
0.0365233039396
0.0388681096529
0.039568649878
0.0419642031373
0.0423873022714
0.0437607800129
0.0439364101849
0.0459652072514
0.046855875187
0.0481459508693
0.0476219678893
0.0481166489718
0.048994523362
0.050000616639
0.0510329344415
0.0509048935472
0.050563995518
0.050351025051
0.0502533876298
0.0507468473025
0.0512476823736
0.0512633367605
0.0512751934233
0.0514689526
0.0519079534497
0.0524998011528
0.0522239693075
0.0520496400387
0.05246938968
0.0524899634274
0.0525783358449
0.0518710472219
0.0516825709706
0.0518298237914
0.0519278378184
0.0521085609798
0.0522800497271
0.0519573758799
0.0515727582936
0.0505786264635
0.0504789374144
0.0505387101849
0.0504116203209
0.0501806100247
0.0499610176541
0.050218091856
0.0496399996561
0.0492641184946
0.0490782909134
0.0489303047848
0.0489544616743
0.0484574244148
0.0486431735779
0.0479076181003
0.048681959125
0.0484100159381
0.048614878744
0.0472655957891
0.0476039517592
0.0472985882888
0.047916032233
0.0479305667878
0.0474402752941
0.0470243906783
0.0467009108723
0.0470507762286
0.0467251070063
0.0467801110838
0.0467644609675
0.0463383720416
0.0452441138121
0.0448503800494
0.0450034065543
0.044933011039
0.0448902028112
0.0443019325315
0.0444071568262
0.0445329764794
0.0453425774175
0.0458802856937
0.0454448920226
0.0451739923967
0.0451391876768
0.0457070995259
0.0456743875117
0.0447296853119
0.0441625801387
0.0441558116751
0.0443579643112
0.0445501040456
0.0441620280325
0.0444029642161
0.0435702568957
0.0435561471895
0.0443570375835
0.0448214793675
0.0455189244317
0.0451533735942
0.0455604714499
0.0453430279227
0.0453854233807
0.0455643054176
0.0456777761915
0.0448585864148
0.0441300274853
0.0429988268488
0.0422690127798
0.0418763196171
0.0419167250124
0.0417000214424
0.0420859405017
0.0419793012519
0.0422034807024
0.0408783279699
0.0407104205264
0.0407558055447
0.0413977257763
0.0405989646667
0.0397212783869
0.0393041433269
0.0400325590649
0.0402368632013
0.0406097675504
0.0404246993838
0.0408627365091
0.0405385151194
0.0405003199502
0.0400237629712
0.0399839477916
0.0401510397764
0.0401319887596
0.0410385439593
0.0416408375744
0.0425176467521
0.0423631333754
0.0425402711275
0.0431017743202
0.0438261487676
0.0441979754515
0.0440772129758
0.0434980037618
0.0435981346267
0.0439685772151
0.044437662525
0.0447294713454
0.0448653875605
0.0449383108281
0.0450085085457
0.0453689598565
0.0455742312503
0.0455474531016
0.0442051942369
0.0443053108352
0.0446268744438
0.0457094774471
0.0465365164806
0.0468676989113
0.046564093089
0.0464166279999
0.0461002366091
0.0469943399966
0.0468553880825
0.0469672909492
0.0470784253175
0.047397087495
0.0465745440481
0.0461850884131
0.0454666535441
0.0459789734633
0.0459479001462
0.0460263984943
0.0462630771725
0.0459765274437
0.0461300039592
0.046290672077
0.0465318089176
0.0468955796193
0.0466459984006
0.046876539554
0.0459675740329
0.0451589585924
0.0443333980947
0.0443714412576
0.044648935166
0.0446505356162
0.0438556585337
0.0436613041191
0.0431514753843
0.042926467312
0.0422395769836
0.0418983430306
0.0416702508533
0.0418939226126
0.0414891621025
0.0413929353571
0.0408528299839
0.0408182287973
0.0406298067112
0.0402632300864
0.0404007646317
0.0399884803713
0.0394226310213
0.0389094488128
0.0389077532475
0.0388576708395
0.038464698687
0.0378697007868
0.037754186285
0.0373380665476
0.0368709180146
0.0364899617171
0.0364810960491
0.0363523629769
0.0360221664002
0.0353749720272
0.0354290102931
0.0351141285046
0.0355882544631
0.0349949360291
0.0348726972095
0.0340181782083
0.0336430617354
0.0336899098459
0.0330621976947
0.032910817294
0.0319819692344
0.0314884269303
0.0311176081481
0.0305528093991
0.0313982165684
0.031637761974
0.0318249823096
0.0308352551318
0.0306015361064
0.0306139042821
0.0308733842227
0.0299361809202
0.0294400250024
0.0288149675166
0.0285590773163
0.0283793640851
0.0282244778695
0.0283303484997
0.0275047042447
0.0265314230319
0.0264888313124
0.0267918923225
0.0271248745325
0.0263844730029
0.025410376934
0.0249311424865
0.0247811065075
0.0251046109838
0.0252090031462
0.0252172896463
0.0252924348007
0.0253332611087
0.0249932083401
0.0246364169695
0.0243690405237
0.0245336846441
0.0244049736811
0.0242665670878
0.0239552931361
0.023371901465
0.0230134237809
0.0229801953049
0.0233459658083
0.0230125412756
0.022518142251
0.02172990593
0.0218006212755
0.0215704979468
0.0219665912642
0.0214106428993
0.0209166142859
0.0207293882771
0.0210831180149
0.0217960159082
0.0216202066184
0.0212486773825
0.0206459525481
0.0206989438894
0.0204255150933
0.0203969508968
0.0200502814044
0.0206624757843
0.0213808105309
0.0216322967555
0.021584633942
0.020713247032
0.0205159089245
0.0197122648651
0.0197669851156
0.0193382762085
0.0189533740156
0.0188856490225
0.0191964121487
0.0192861789818
0.0190283832031
0.0186837195325
0.0189737736237
0.0184596395256
0.01872330244
0.0191216708227
0.0193597725382
0.0189691146973
0.0183470830241
0.0183897577676
0.0183220240896
0.0184596803116
0.0186508800805
0.018660383481
0.0186585792894
0.0179146138271
0.0185395739375
0.0181106470206
0.0186762131764
0.0180199813957
0.0183133395851
0.0182092156809
0.0182966929757
0.0186825192574
0.0186148103915
0.0183763601633
0.0177918377661
0.0178116624692
0.0184024009844
0.0189724357431
0.019103407611
0.0183747744167
0.0180886995272
0.0179341236447
0.0181183463768
0.0186136754471
0.0185899133122
0.0187199934743
0.0174608325269
0.0175284784332
0.0172308853536
0.0181031715879
0.0181176183934
0.0180690558224
0.0177376619135
0.0178927174211
0.0180556859964
0.0181603636919
0.0183004589638
0.0183086653585
0.0181909728083
0.0180860453629
0.0180671386984
0.0183516615055
0.0182019846759
0.0186299225604
0.0184762743605
0.0192105818127
0.0188495737777
0.0186334189575
0.0183809280938
0.0189315671011
0.0195730371272
0.0192475005935
0.018787804678
0.0179098732092
0.0176283859718
0.0175238487877
0.017927670812
0.0183557025087
0.0183659554039
0.0180706010001
0.0176272266865
0.018045870719
0.0183551959567
0.0186849438394
0.0187082720513
0.0190868651231
0.0196515781815
0.0194242691378
0.01957189539
0.0193535432121
0.0196873541673
0.019861379653
0.019828605042
0.0200925355708
0.0192447258634
0.0193391491462
0.0190438002642
0.0195487670022
0.0197669795429
0.0198730546535
0.019909692999
0.0193134442262
0.0188553159955
0.0183278963523
0.0187481520142
0.018966234365
0.01944776134
0.0195901705814
0.0195936778197
0.0194862526276
0.0193018964907
0.0197748101825
0.0198837679292
0.020305342864
0.0200559665194
0.0202681937113
0.0200732374296
0.0203532862391
0.0205488293175
0.0207504621262
0.0209545169838
0.0208125471306
0.0205279790494
0.0207750282166
0.0208146840132
0.021105884117
0.021023794298
0.0211594571289
0.0212096393245
0.0207212916792
0.0209476789785
0.020715324831
0.0208867786205
0.0205768546985
0.020823700249
0.0214447683119
0.02203858066
0.0222832430486
0.0215850624849
0.0215166272344
0.0213493819231
0.0215737992058
0.0214833462039
0.021583158317
0.0218360336256
0.0213529017917
0.0215993519475
0.0217294620606
0.0220257206215
0.0212529831475
0.021257707613
0.0212355385188
0.0212537064822
0.0210841808654
0.0214564855927
0.0220039471258
0.0212235127024
0.0212759972942
0.0211426077155
0.0215795527184
0.0216317846841
0.0218486336475
0.0224752286286
0.0224030114814
0.0225947758409
0.0225761322934
0.0222905560096
0.0222961494587
0.0224003386674
0.0228367212186
0.0231517190343
0.0230964805168
0.0224954158892
0.0222809741171
0.0224564366931
0.0231542123754
0.0227692799097
0.0226737366755
0.0227232888695
0.0228923906898
0.0233603386493
0.0226514980118
0.0228228320908
0.0223131604941
0.0228348473144
0.0225991987698
0.0222581502059
0.0226223385968
0.022623170058
0.0237983766029
0.023671347626
0.0242753257692
0.0237056436371
0.0236731796579
0.0240912540299
0.0238110190662
0.0243012947982
0.0236205572479
0.0239824910515
0.0240881076068
0.0244501234931
0.0248038929422
0.0245219524656
0.0246587567921
0.0247829312168
0.0247155999688
0.0246009976727
0.0244528646695
0.0250100751542
0.0250975937537
0.0256039946979
0.025654313197
0.0255234987879
0.0255922246357
0.0249386568323
0.0254981941307
0.0243349336097
0.0242599220922
0.0236046549477
0.0238247257591
0.0240237013993
0.0237604730774
0.0238448800362
0.0239478036248
0.0239018510718
0.0237124970801
0.0228690365331
0.0229631271113
0.0230553635231
0.023671919364
0.0234464555041
0.0236421603251
0.0238866755004
0.0240703632758
0.0240348162355
0.0233149246695
0.0233753480773
0.022897587353
0.0231617574365
0.0229852062198
0.0229389692523
0.0227619792719
0.0227600929215
0.0229237716464
0.0235697834506
0.0233398946552
0.0228399658422
0.0229234558091
0.0230312220338
0.023346875378
0.0222210945141
0.0219893539532
0.0216585479993
0.0215691712533
0.0215968672941
0.0214680521721
0.021342018134
0.02095921683
0.0203880902103
0.0206495694467
0.0207578610177
0.0213314333088
0.0207213133085
0.0202915561922
0.0196288920487
0.0200973495363
0.0202428571029
0.0204918012664
0.0198146266789
0.0200937288887
0.0195688391991
0.0190601326401
0.0178279250451
0.0175848931333
0.0178614865854
0.0184833113996
0.0187353497583
0.0186889868361
0.0191821085366
0.0191789244599
0.0190423593733
0.0181297467337
0.0190286683205
0.018744300613
0.0182383425355
0.0171488512185
0.0170051537524
0.0171945921115
0.0167337141497
0.0167775571407
0.0166972816146
0.0169457479778
0.016567024188
0.0166284572367
0.0166770595572
0.0173095827372
0.0166896004737
0.0147419192243
0.0139124424449
0.0139872519929
0.0154111827633
0.0156343524185
0.0153802870036
0.015031141116
0.0145968530736
0.0146994410871
0.0143314037411
0.0139170423184
0.0137011509676
0.0135070169831
0.0139030922493
0.0137305607331
0.0141146001309
0.0137251411423
0.0136808509043
0.0135478560228
0.0133119159425
0.0131793139388
0.0130075491627
0.0136674759584
0.0122529832721
0.0123878553562
0.0119957598398
0.0134482338622
0.0129137162189
0.013368519432
0.0123875410329
0.0129861494344
0.0114767974263
0.0126540087868
0.0121879722726
0.0126884128818
0.0107275472389
0.0100027561946
0.0100027481948
END
