380.3
381.1
381.9
382.7
383.5
384.4
385.2
386.0
386.8
387.6
388.4
389.2
390.1
390.9
391.7
392.5
393.3
394.1
394.9
395.8
396.6
397.4
398.2
399.0
399.8
400.6
401.5
402.3
403.1
403.9
404.7
405.5
406.3
407.2
408.0
408.8
409.6
410.4
411.2
412.0
412.8
413.7
414.5
415.3
416.1
416.9
417.7
418.5
419.4
420.2
421.0
421.8
422.6
423.4
424.2
425.1
425.9
426.7
427.5
428.3
429.1
429.9
430.8
431.6
432.4
433.2
434.0
434.8
435.6
436.4
437.3
438.1
438.9
439.7
440.5
441.3
442.1
443.0
443.8
444.6
445.4
446.2
447.0
447.8
448.7
449.5
450.3
451.1
451.9
452.7
453.5
454.4
455.2
456.0
456.8
457.6
458.4
459.2
460.0
460.9
461.7
462.5
463.3
464.1
464.9
465.7
466.6
467.4
468.2
469.0
469.8
470.6
471.4
472.3
473.1
473.9
474.7
475.5
476.3
477.1
478.0
478.8
479.6
480.4
481.2
482.0
482.8
483.6
484.5
485.3
486.1
486.9
487.7
488.5
489.3
490.2
491.0
491.8
492.6
493.4
494.2
495.0
495.9
496.7
497.5
498.3
499.1
499.9
500.7
501.6
502.4
503.2
504.0
504.8
505.6
506.4
507.2
508.1
508.9
509.7
510.5
511.3
512.1
512.9
513.7
514.5
515.3
516.1
516.8
517.6
518.4
519.2
520.0
520.8
521.5
522.3
523.1
523.9
524.7
525.5
526.2
527.0
527.8
528.6
529.4
530.2
530.9
531.7
532.5
533.3
534.1
534.9
535.6
536.4
537.2
538.0
538.8
539.6
540.3
541.1
541.9
542.7
543.5
544.3
545.0
545.8
546.6
547.4
548.2
549.0
549.7
550.5
551.3
552.1
552.9
553.7
554.4
555.2
556.0
556.8
557.6
558.4
559.1
559.9
560.7
561.5
562.3
563.1
563.8
564.6
565.4
566.2
567.0
567.8
568.5
569.3
570.1
570.9
571.7
572.5
573.2
574.0
574.8
575.6
576.4
577.2
577.9
578.7
579.5
580.3
581.1
581.9
582.6
583.4
584.2
585.0
585.8
586.6
587.3
588.1
588.9
589.6
590.3
591.1
591.8
592.6
593.3
594.0
594.8
595.5
596.3
597.0
597.7
598.5
599.2
600.0
600.7
601.5
602.2
602.9
603.7
604.4
605.2
605.9
606.6
607.4
608.1
608.9
609.6
610.3
611.1
611.8
612.6
613.3
614.0
614.8
615.5
616.3
617.0
617.7
618.5
619.2
620.0
620.7
621.4
622.2
622.9
623.7
624.4
625.2
625.9
626.6
627.4
628.1
628.9
629.6
630.3
631.1
631.8
632.6
633.3
634.0
634.8
635.5
636.3
637.0
637.7
638.5
639.2
640.0
640.7
641.4
642.2
642.9
643.7
644.4
645.1
645.9
646.6
647.4
648.1
648.8
649.6
650.3
651.1
651.8
652.6
653.3
654.0
654.8
655.5
656.3
657.0
657.7
658.5
659.2
660.0
660.7
661.4
662.2
662.9
663.7
664.4
665.1
665.9
666.6
667.4
668.1
668.9
669.6
670.4
671.2
671.9
672.7
673.4
674.2
674.9
675.7
676.5
677.2
678.0
678.7
679.5
680.2
681.0
681.8
682.5
683.3
684.0
684.8
685.5
686.3
687.1
687.8
688.6
689.3
690.1
690.8
691.6
692.4
693.1
693.9
694.6
695.4
696.1
696.9
697.7
698.4
699.2
699.9
700.7
701.4
702.2
703.0
703.7
704.5
705.2
706.0
706.8
707.6
708.4
709.2
710.0
710.8
711.6
712.4
713.2
714.0
714.8
715.6
716.4
717.2
718.0
718.8
719.6
720.4
721.2
722.0
722.8
723.6
724.4
725.2
726.0
726.8
727.6
728.4
729.2
730.0
730.8
731.6
732.4
733.2
734.0
734.8
735.6
736.4
737.2
738.0
738.8
739.6
740.4
741.2
742.0
742.8
743.6
744.4
745.2
746.0
746.8
747.6
748.4
749.2
750.0
750.8
751.6
752.4
753.2
754.0
754.8
755.6
756.4
757.2
758.0
758.8
759.6
760.4
761.2
762.0
762.8
763.6
764.4
765.2
766.0
766.8
767.6
768.4
769.2
770.0
770.8
771.6
772.4
773.2
774.1
774.9
775.7
776.5
777.3
778.1
778.9
779.7
780.5
781.3
782.1
782.9
783.7
784.5
785.3
786.1
786.9
787.7
788.5
789.3
790.1
790.9
791.7
792.5
793.3
794.1
794.9
795.7
796.5
797.3
798.1
798.9
799.7
800.5
801.3
802.1
802.9
803.7
804.5
805.3
806.1
806.9
807.7
808.5
809.3
810.1
810.9
811.7
812.5
813.3
814.1
814.9
815.7
816.5
817.3
818.1
818.9
819.7
820.5
821.3
822.1
822.9
823.7
824.5
825.3
826.1
826.9
827.7
828.5
829.3
830.1
830.9
831.7
832.6
833.4
834.3
835.1
835.9
836.8
837.6
838.5
839.3
840.2
841.0
841.9
842.7
843.5
844.4
845.2
846.1
846.9
847.8
848.6
849.4
850.3
851.1
852.0
852.8
853.7
854.5
855.3
856.2
857.0
857.9
858.7
859.6
860.4
861.3
862.1
862.9
863.8
864.6
865.5
866.3
867.2
868.0
868.8
869.7
870.5
871.4
872.2
873.1
873.9
874.8
875.6
876.4
877.3
878.1
879.0
879.8
880.7
881.5
882.3
883.2
884.0
884.9
885.7
886.6
887.4
888.2
889.1
889.9
890.8
891.6
892.5
893.3
894.2
895.0
895.8
896.7
897.5
898.4
899.2
NEXT_SERIES
0.307793938143
0.307801662403
0.313783041561
0.317250003348
0.322002864748
0.321021087811
0.320183501802
0.319705713021
0.320503447264
0.322440578108
0.32260973475
0.323451622064
0.322022062239
0.322255388145
0.321457682354
0.320387750808
0.31704632539
0.313418957015
0.312213879885
0.310655172741
0.309251832352
0.306359345457
0.305978567824
0.304557740386
0.304048296767
0.302518728123
0.302276016134
0.301087679419
0.299785470665
0.298546412116
0.29842221351
0.297521318362
0.296764636442
0.294341398958
0.292994424351
0.290700575416
0.288977548277
0.285993505834
0.283892613337
0.282464720348
0.28151395585
0.279800782096
0.277495907129
0.276011007332
0.274875952713
0.274165706892
0.271029203893
0.269066438887
0.267183171613
0.266959925875
0.264411674232
0.26203519729
0.259073204568
0.258475273851
0.257237896418
0.256204127559
0.254155125604
0.252290214834
0.250841485249
0.249791548961
0.249208497492
0.248453521859
0.247085358106
0.24568714679
0.244715106192
0.244561084763
0.243566210691
0.24311022233
0.242280384739
0.242144243625
0.241831441706
0.241432689853
0.241568238641
0.241594328625
0.241492774228
0.241805363532
0.242795991817
0.244167386474
0.244056477434
0.243770902943
0.243284819354
0.244168900214
0.245420154482
0.247173412112
0.248735075127
0.249247355298
0.250223907393
0.251260224942
0.253364733591
0.254671288484
0.255637827781
0.256907746375
0.259280378257
0.262367870941
0.263410746337
0.265098592477
0.266338742766
0.268395051499
0.269883334239
0.271665644183
0.274204165505
0.276535725199
0.278388891657
0.280911395872
0.283880681099
0.287401119208
0.289309721123
0.291301690666
0.293375521559
0.295490602468
0.296872514185
0.298358378999
0.30184898899
0.305250193629
0.308900501241
0.310883931077
0.312847742618
0.314558408538
0.317976358086
0.322899061625
0.327762940774
0.329945928271
0.332284757549
0.33412636833
0.338023756814
0.340814597347
0.344978765129
0.348300302364
0.35213320382
0.354597188805
0.35897088674
0.361929880602
0.366227089311
0.369394855714
0.372542612769
0.375117573246
0.377886695226
0.38229749212
0.386873572876
0.390112432973
0.393106424482
0.396062184877
0.399743980695
0.403039748704
0.406428954802
0.410042230738
0.412835778192
0.41556818361
0.417881500963
0.420628500768
0.423318347747
0.426414143342
0.429193018579
0.43227669621
0.434758251067
0.436931235249
0.439604393541
0.441729025353
0.443852078096
0.445447065078
0.446650364021
0.448305878193
0.44930427439
0.452229949739
0.454838708188
0.457158414948
0.458565954857
0.460224601199
0.462542958562
0.464206217447
0.465706091401
0.466565575119
0.467302780227
0.468561805668
0.469384909997
0.470641830938
0.47066343568
0.47160950822
0.472528460556
0.473568044305
0.473369975789
0.472354609924
0.472507359785
0.473023760336
0.473732757399
0.472230296341
0.471602158004
0.470977037372
0.471013354998
0.468854371659
0.46717210265
0.465917636726
0.464256915024
0.462661304666
0.461639843361
0.460861370336
0.459894508394
0.456129216477
0.453915668177
0.450973128451
0.449522675219
0.446377442106
0.443683528935
0.439964399473
0.437832472609
0.434665036099
0.432049402257
0.428627621023
0.425317984967
0.42236340525
0.419186083585
0.416200554473
0.41180956197
0.407332328912
0.403268500517
0.400087475038
0.396326502584
0.391776384177
0.387605306635
0.383431716453
0.379362250483
0.374902047621
0.370551248897
0.366130358025
0.361320825411
0.35626423771
0.351226633889
0.346745981244
0.342053827969
0.33719523475
0.332307676205
0.327180337194
0.32236008381
0.316460906756
0.311544174292
0.306011405272
0.301636077758
0.296128269752
0.290899372584
0.285276799055
0.280037872717
0.274522477341
0.268757126166
0.263581014273
0.259209146991
0.254692963768
0.249394908323
0.24415501538
0.239746844553
0.234947598366
0.230701932672
0.22527818098
0.22098490013
0.215787161062
0.211040804342
0.20600154286
0.201060802019
0.19696919733
0.193115562578
0.189004740924
0.185045637999
0.180524191446
0.176472333791
0.17253136438
0.169373885254
0.166573088709
0.162832999279
0.159536007212
0.155665992369
0.1522483149
0.149038584107
0.145794481834
0.142880020912
0.139698870128
0.136727655545
0.134038472098
0.130830961892
0.128146490943
0.124974261137
0.122545309102
0.120415319083
0.118790175312
0.116362643594
0.113983906626
0.111153231
0.108800036909
0.106524982804
0.1048550983
0.103379748037
0.101832667733
0.09998696109
0.0980403420052
0.0957273045523
0.0937850314601
0.0921791921146
0.0907778616249
0.089253793565
0.0879695892918
0.0868464244196
0.085677776544
0.0839126570583
0.0822679957945
0.0811377181446
0.0801095742506
0.0789842467456
0.0777944139451
0.0763079728066
0.0747869818983
0.0733255874889
0.0725457299992
0.0718664494365
0.0712648481653
0.0699846012028
0.0688567946337
0.0675565502931
0.066901207334
0.0660800982161
0.0650825518428
0.0643145000069
0.0638685113103
0.0632649881658
0.0630279521761
0.0623638693328
0.0621420894091
0.060556395499
0.0592136789823
0.0576390093364
0.0571606227628
0.0567969176643
0.0563451592171
0.0559022198002
0.0553990679913
0.0546757081661
0.05373351517
0.0530104155409
0.0528676195592
0.0526356382043
0.0522688368283
0.0517398309465
0.0511636757103
0.0505754333058
0.0498499740928
0.0494884526964
0.0488851102981
0.0487585637638
0.0481103406058
0.0476005327595
0.0472107107237
0.0467822184328
0.0464638107724
0.0457108479823
0.0452394686491
0.0446369136236
0.0444023659452
0.0441307518091
0.0438834015718
0.0433297504748
0.0430813475825
0.042778229461
0.0426753871058
0.0419996876958
0.0416333696862
0.0411265658231
0.041445112229
0.0407161121574
0.0405900862573
0.0402147470569
0.0401390094506
0.0398459945789
0.0390579051962
0.039285568269
0.0390446696939
0.0390488674209
0.0383121236801
0.0373092053579
0.0368784505496
0.0368088052699
0.0370696397816
0.0367718716181
0.0363847933981
0.0362654456931
0.0360598455095
0.0358307234216
0.0352859547254
0.0347650185956
0.0342823571614
0.034174643614
0.0339897819356
0.033640489444
0.0331984281607
0.0330917619772
0.0336491638385
0.0335698940601
0.0338711350902
0.0334320192023
0.0328926577028
0.0323865243251
0.0319440230212
0.0319519182462
0.0317038008169
0.0316779099573
0.0317165610839
0.0313815396161
0.0314966810898
0.0314956723208
0.0316088819481
0.0310371635843
0.0303243990048
0.0298494567369
0.0298494951906
0.0300332729863
0.0300580336505
0.0296112856005
0.0295397714089
0.0296046793013
0.0295543813253
0.0291572662103
0.0291975879222
0.0292841722141
0.0294266561245
0.0289501400935
0.0287685439895
0.0286823749246
0.0284068303666
0.027580752215
0.0274387860421
0.0269348170358
0.0276567373942
0.0272148550836
0.027314755373
0.0270710228291
0.0268743660484
0.0269544581508
0.026574703742
0.0266539281695
0.0270843038638
0.027415158392
0.0278544410412
0.0269706318895
0.0268325278786
0.0260397446328
0.0263240764873
0.0262830072456
0.0261340390306
0.0263576245484
0.0263812602854
0.0263706098242
0.0264660017981
0.0260404011511
0.0263582105115
0.0257757652706
0.0253727563813
0.0251275961983
0.0249464518304
0.0252030549137
0.0253543475453
0.0249059188395
0.0244135894814
0.0238127467047
0.023824625459
0.0240236879491
0.0238503808919
0.0242526836061
0.0248815457652
0.0250381252173
0.0245912186928
0.0233853228624
0.0235296257355
0.0235872534573
0.0244686871709
0.0244427817357
0.0243170458678
0.0241013959831
0.023786946516
0.0236136803165
0.0232926917329
0.0232781715528
0.0231836347998
0.0230964204561
0.0230504157755
0.0232053601657
0.0229258378787
0.0226537954265
0.0229038541688
0.0229170180384
0.0229423436097
0.0225858026364
0.0227767478016
0.0230910666132
0.0229986052077
0.0226538254585
0.0222505179323
0.0218599064592
0.021880047024
0.0217151308987
0.0219861212576
0.02207001671
0.0218534015234
0.0215839478101
0.0214732115332
0.0217075238729
0.021663934002
0.0211862268193
0.020913250774
0.0209835507926
0.0213085466309
0.0214253261199
0.0210096590432
0.0207922846537
0.0211002182325
0.0212735706794
0.0217790564087
0.0213358738312
0.0218989207373
0.0217078705502
0.0220381213796
0.0218887746611
0.0217155461912
0.0214798425641
0.0211712339691
0.0213211380208
0.0216767618932
0.0217296871846
0.0215758691731
0.0213737119024
0.0216031223254
0.0219864682758
0.0217505838565
0.0212069716891
0.0207186028557
0.0208321948571
0.021370278115
0.0213492676919
0.0213908217088
0.0211365171448
0.0210871498955
0.0210357284313
0.020812419835
0.0209974946077
0.0209428331513
0.0208187303176
0.0208785693471
0.0209848240396
0.0211773544342
0.0211553673832
0.0210823384071
0.0212343370576
0.0210272225253
0.0206995559655
0.0206819567505
0.0209557091204
0.0215378650575
0.0215694990231
0.0211660384877
0.0207454933405
0.0201904702032
0.0203223704098
0.0205357655874
0.0211004054588
0.0210539194079
0.0208925098341
0.0205709952803
0.0208327149626
0.0201941019006
0.0203058319517
0.0204894171159
0.0210688181094
0.0213046493735
0.0209884138028
0.02103444163
0.020730025412
0.0204144188728
0.0206043419946
0.0204571574031
0.0205405205175
0.0201056316746
0.0201620239856
0.0195949272712
0.0196645509435
0.0194621996276
0.0201951549559
0.0203287066867
0.0204217746365
0.0206783602632
0.0201026032124
0.0203253012251
0.019945699551
0.02061352066
0.0211148750811
0.0208289573374
0.0206805966805
0.0199672132784
0.0205627037529
0.0208726621027
0.0209640285501
0.0210215954088
0.0207202767559
0.0202477268874
0.0197057183787
0.0194697879767
0.02043771141
0.0203225499926
0.0208311247851
0.0202676726715
0.0205348495043
0.0204689324703
0.0200694403488
0.0197125059575
0.0191362698078
0.0202123736304
0.0204051935485
0.0210134888862
0.0207229526748
0.0209440805225
0.0202746191142
0.0199314038678
0.0200433583848
0.0201560085246
0.0204672209404
0.0204391586527
0.0211729836055
0.0213255306524
0.0215280774816
0.0213408701453
0.0212254528821
0.0208287000307
0.0201665300431
0.0200615750241
0.0202210543335
0.0205438969647
0.0207188785483
0.0215065227336
0.0214880082592
0.0209670308319
0.0201526895266
0.0204623980086
0.0211232088567
0.0219719863573
0.0216865067541
0.021690260666
0.0203487974646
0.0206344672909
0.0199808153786
0.0207056177303
0.0200590325691
0.0202818570061
0.0198476395999
0.0202783199312
0.0204433705414
0.0202752443698
0.0207625405211
0.0205673336642
0.0209188872827
0.0196026377154
0.0201177124435
END
