380.3
381.1
381.9
382.7
383.5
384.4
385.2
386.0
386.8
387.6
388.4
389.2
390.1
390.9
391.7
392.5
393.3
394.1
394.9
395.8
396.6
397.4
398.2
399.0
399.8
400.6
401.5
402.3
403.1
403.9
404.7
405.5
406.3
407.2
408.0
408.8
409.6
410.4
411.2
412.0
412.8
413.7
414.5
415.3
416.1
416.9
417.7
418.5
419.4
420.2
421.0
421.8
422.6
423.4
424.2
425.1
425.9
426.7
427.5
428.3
429.1
429.9
430.8
431.6
432.4
433.2
434.0
434.8
435.6
436.4
437.3
438.1
438.9
439.7
440.5
441.3
442.1
443.0
443.8
444.6
445.4
446.2
447.0
447.8
448.7
449.5
450.3
451.1
451.9
452.7
453.5
454.4
455.2
456.0
456.8
457.6
458.4
459.2
460.0
460.9
461.7
462.5
463.3
464.1
464.9
465.7
466.6
467.4
468.2
469.0
469.8
470.6
471.4
472.3
473.1
473.9
474.7
475.5
476.3
477.1
478.0
478.8
479.6
480.4
481.2
482.0
482.8
483.6
484.5
485.3
486.1
486.9
487.7
488.5
489.3
490.2
491.0
491.8
492.6
493.4
494.2
495.0
495.9
496.7
497.5
498.3
499.1
499.9
500.7
501.6
502.4
503.2
504.0
504.8
505.6
506.4
507.2
508.1
508.9
509.7
510.5
511.3
512.1
512.9
513.7
514.5
515.3
516.1
516.8
517.6
518.4
519.2
520.0
520.8
521.5
522.3
523.1
523.9
524.7
525.5
526.2
527.0
527.8
528.6
529.4
530.2
530.9
531.7
532.5
533.3
534.1
534.9
535.6
536.4
537.2
538.0
538.8
539.6
540.3
541.1
541.9
542.7
543.5
544.3
545.0
545.8
546.6
547.4
548.2
549.0
549.7
550.5
551.3
552.1
552.9
553.7
554.4
555.2
556.0
556.8
557.6
558.4
559.1
559.9
560.7
561.5
562.3
563.1
563.8
564.6
565.4
566.2
567.0
567.8
568.5
569.3
570.1
570.9
571.7
572.5
573.2
574.0
574.8
575.6
576.4
577.2
577.9
578.7
579.5
580.3
581.1
581.9
582.6
583.4
584.2
585.0
585.8
586.6
587.3
588.1
588.9
589.6
590.3
591.1
591.8
592.6
593.3
594.0
594.8
595.5
596.3
597.0
597.7
598.5
599.2
600.0
600.7
601.5
602.2
602.9
603.7
604.4
605.2
605.9
606.6
607.4
608.1
608.9
609.6
610.3
611.1
611.8
612.6
613.3
614.0
614.8
615.5
616.3
617.0
617.7
618.5
619.2
620.0
620.7
621.4
622.2
622.9
623.7
624.4
625.2
625.9
626.6
627.4
628.1
628.9
629.6
630.3
631.1
631.8
632.6
633.3
634.0
634.8
635.5
636.3
637.0
637.7
638.5
639.2
640.0
640.7
641.4
642.2
642.9
643.7
644.4
645.1
645.9
646.6
647.4
648.1
648.8
649.6
650.3
651.1
651.8
652.6
653.3
654.0
654.8
655.5
656.3
657.0
657.7
658.5
659.2
660.0
660.7
661.4
662.2
662.9
663.7
664.4
665.1
665.9
666.6
667.4
668.1
668.9
669.6
670.4
671.2
671.9
672.7
673.4
674.2
674.9
675.7
676.5
677.2
678.0
678.7
679.5
680.2
681.0
681.8
682.5
683.3
684.0
684.8
685.5
686.3
687.1
687.8
688.6
689.3
690.1
690.8
691.6
692.4
693.1
693.9
694.6
695.4
696.1
696.9
697.7
698.4
699.2
699.9
700.7
701.4
702.2
703.0
703.7
704.5
705.2
706.0
706.8
707.6
708.4
709.2
710.0
710.8
711.6
712.4
713.2
714.0
714.8
715.6
716.4
717.2
718.0
718.8
719.6
720.4
721.2
722.0
722.8
723.6
724.4
725.2
726.0
726.8
727.6
728.4
729.2
730.0
730.8
731.6
732.4
733.2
734.0
734.8
735.6
736.4
737.2
738.0
738.8
739.6
740.4
741.2
742.0
742.8
743.6
744.4
745.2
746.0
746.8
747.6
748.4
749.2
750.0
750.8
751.6
752.4
753.2
754.0
754.8
755.6
756.4
757.2
758.0
758.8
759.6
760.4
761.2
762.0
762.8
763.6
764.4
765.2
766.0
766.8
767.6
768.4
769.2
770.0
770.8
771.6
772.4
773.2
774.1
774.9
775.7
776.5
777.3
778.1
778.9
779.7
780.5
781.3
782.1
782.9
783.7
784.5
785.3
786.1
786.9
787.7
788.5
789.3
790.1
790.9
791.7
792.5
793.3
794.1
794.9
795.7
796.5
797.3
798.1
798.9
799.7
800.5
801.3
802.1
802.9
803.7
804.5
805.3
806.1
806.9
807.7
808.5
809.3
810.1
810.9
811.7
812.5
813.3
814.1
814.9
815.7
816.5
817.3
818.1
818.9
819.7
820.5
821.3
822.1
822.9
823.7
824.5
825.3
826.1
826.9
827.7
828.5
829.3
830.1
830.9
831.7
832.6
833.4
834.3
835.1
835.9
836.8
837.6
838.5
839.3
840.2
841.0
841.9
842.7
843.5
844.4
845.2
846.1
846.9
847.8
848.6
849.4
850.3
851.1
852.0
852.8
853.7
854.5
855.3
856.2
857.0
857.9
858.7
859.6
860.4
861.3
862.1
862.9
863.8
864.6
865.5
866.3
867.2
868.0
868.8
869.7
870.5
871.4
872.2
873.1
873.9
874.8
875.6
876.4
877.3
878.1
879.0
879.8
880.7
881.5
882.3
883.2
884.0
884.9
885.7
886.6
887.4
888.2
889.1
889.9
890.8
891.6
892.5
893.3
894.2
895.0
895.8
896.7
897.5
898.4
899.2
NEXT_SERIES
0.348753175241
0.34789858413
0.354000978022
0.353296802418
0.359508552254
0.359054517155
0.362137845212
0.361697500811
0.362901277311
0.366815527721
0.370155973919
0.373786133554
0.374129213039
0.374911486069
0.375945110944
0.375919571511
0.375466512825
0.37280190578
0.371139044088
0.368864336057
0.366143591479
0.362792692524
0.360641277393
0.3593730301
0.357024738751
0.354326351558
0.353041406725
0.352412063746
0.35056406267
0.348933416553
0.347494215201
0.345058786311
0.343063516
0.3420691801
0.343179862789
0.341735224501
0.339646148719
0.337567072702
0.335202738106
0.332739981599
0.330080139004
0.328215144018
0.326176247607
0.324767047405
0.322852470252
0.320724399238
0.318017885962
0.315937248269
0.314234237831
0.312150494365
0.30972983692
0.307672690161
0.305411847526
0.304183022886
0.30194911693
0.300431487202
0.298637795652
0.297014360624
0.295471859045
0.294652867754
0.29495386858
0.292998354689
0.291285202586
0.289393571445
0.289942364098
0.289328181597
0.288889027157
0.288469430901
0.288424356229
0.288316476089
0.288490188796
0.288010474039
0.288566408775
0.288722494005
0.289923280846
0.291209455137
0.292639995348
0.293712077466
0.293980480803
0.295013433508
0.295847610407
0.297354420891
0.299072771888
0.301057262561
0.302915390991
0.30513236787
0.306572585981
0.309100227964
0.310847070445
0.314081379952
0.316223391474
0.318939590238
0.321545774028
0.324554695471
0.327127473917
0.330467069217
0.334661791733
0.337703874624
0.340132616011
0.34245096676
0.346060650826
0.350676940727
0.353861580938
0.358191329379
0.361368992979
0.365482317866
0.369796895945
0.374025266678
0.378145066841
0.38008998253
0.384415985307
0.388223940645
0.393465111326
0.39750673543
0.40300238224
0.406942364451
0.411929490536
0.415476757982
0.419399107769
0.424301615241
0.429133123735
0.434966412848
0.438605841244
0.441932668439
0.447198870686
0.451304487092
0.457556206166
0.460487341991
0.465229293992
0.46889199278
0.474809676102
0.480650193998
0.485988766603
0.491403099674
0.495912837997
0.501182116436
0.504701972275
0.510140998051
0.513743277017
0.518574677171
0.52230092566
0.528189354876
0.533626561751
0.538070749427
0.54061574166
0.544423439851
0.548527101185
0.552409429775
0.555973851677
0.558760867161
0.562387574356
0.565984341527
0.570654954946
0.57460741148
0.579868498872
0.583075601214
0.587279875477
0.590102890096
0.593354261659
0.59682712419
0.599228666436
0.603602795485
0.607635219734
0.611718684306
0.614475504573
0.616547183102
0.618963811455
0.621453818165
0.62565089176
0.627550066605
0.630955748869
0.632726805374
0.635503633862
0.636456264664
0.636953265058
0.638476031939
0.639212849087
0.641348457223
0.641344074947
0.64167713652
0.641640428521
0.641746229937
0.641852298782
0.641348437234
0.641377278027
0.6410409272
0.639340575129
0.638522677408
0.6373511425
0.635316616797
0.63225443257
0.630222103619
0.628670939384
0.627382838444
0.623995783105
0.620620437753
0.616873214946
0.613188963479
0.608609310362
0.60547861923
0.601983291547
0.598969991924
0.594968362582
0.590706916028
0.587327976904
0.581684287674
0.577909096733
0.571765344806
0.566227733208
0.559689684519
0.554080883009
0.54900906738
0.543647746597
0.537130264472
0.530248295832
0.523509238746
0.517858516604
0.511566724251
0.505378736297
0.498804932148
0.491843881413
0.484893602371
0.477813295657
0.471564518757
0.463492937877
0.456005645676
0.448520836335
0.441922854719
0.435066232902
0.427474041454
0.41955902698
0.412143239548
0.404115202421
0.397049113866
0.388852273635
0.380862893983
0.372411955265
0.365153179598
0.357460351303
0.350193330887
0.341944477863
0.334743878685
0.326737060708
0.319259771734
0.311555426835
0.303928756864
0.296440778874
0.288523430901
0.281298205661
0.274638635764
0.268275762558
0.261284419555
0.254190679018
0.247542656115
0.241567458262
0.234829922294
0.228648847738
0.222174537956
0.216208466896
0.209500483812
0.204129647967
0.198788093624
0.193708479459
0.188549366447
0.183396465976
0.178928692899
0.173639480127
0.168809926622
0.163554493947
0.159459280713
0.155647594207
0.152029384926
0.14762802331
0.143900322273
0.140135390573
0.136692955259
0.132154977394
0.128236567292
0.125143800103
0.122831893937
0.120660455458
0.118228387373
0.115201753956
0.112321624841
0.109241487176
0.106927340802
0.104548523183
0.102282209926
0.100103863883
0.0984141489825
0.0964372580747
0.095055157016
0.092857045998
0.0914479459189
0.0892964143255
0.0880012084029
0.0865585979632
0.0854143641449
0.0838694952993
0.0823651899795
0.0807133136349
0.0794427537955
0.0780609055704
0.0771515637718
0.0761007964748
0.0748695397763
0.0734836310562
0.0721439882384
0.0714298056244
0.0707758832865
0.0697253451384
0.0690623825156
0.0683023446155
0.0676053215433
0.0664728492985
0.0653300806808
0.0650574288533
0.0643704304666
0.0637913477242
0.0629495993837
0.0626474287548
0.0624466492616
0.0624255072138
0.0619036841847
0.0612044243126
0.0599200886179
0.0591601520805
0.0584190279135
0.0578545888805
0.0574260828745
0.0566875828274
0.0565549782029
0.0564546079279
0.056567337892
0.0558506069589
0.0553268041725
0.0543482296041
0.0544483073898
0.0542682874188
0.0545109261687
0.0544027270203
0.0538401350752
0.0537635442652
0.0530872010715
0.0525785092594
0.0517309281433
0.051440439911
0.0512124392576
0.0507317661511
0.0502060342797
0.049700787311
0.0495122914855
0.0493805269953
0.0494511325648
0.0495440477735
0.0490689476473
0.0485182470758
0.0479386792783
0.047655381411
0.0472481657757
0.0469996338813
0.0468590419735
0.0462625714249
0.0462643913926
0.0457233627782
0.0460177917695
0.0455498938794
0.0453244910886
0.0447220482432
0.0440942820384
0.0444347986605
0.0446152342034
0.0449625767398
0.0442318403334
0.0438148808085
0.0431022472477
0.0431573519576
0.0431628528551
0.0432598972639
0.0429958299296
0.0424138375011
0.0422797050009
0.041771910563
0.0421548582914
0.0415801936776
0.0411856348619
0.0407450365847
0.0409247097609
0.040784257745
0.0400832792998
0.0402257160573
0.0406259521535
0.0405994592449
0.0403253119015
0.0401265951052
0.0402062659662
0.0394861729497
0.0392777862518
0.0389176836576
0.0390617307531
0.0386464131545
0.0386258007354
0.0384786548165
0.0386935832265
0.0383425348928
0.0380555348555
0.0376836571489
0.0376935101018
0.0376125030935
0.0376869462594
0.0373142261353
0.0371172126282
0.0364649767313
0.0367689038077
0.0365592658328
0.0366959751404
0.036451020771
0.0365698364937
0.0364251272494
0.036376197659
0.0365162023559
0.0364607433451
0.0363478523749
0.0359740708676
0.0360074337205
0.0355417068926
0.034820150009
0.034286656636
0.0344568725768
0.0350251243529
0.035575737716
0.035531741623
0.0350264675108
0.0342713140404
0.0341655377951
0.0346169666135
0.0350653234161
0.034752640238
0.0345975658656
0.0348724397113
0.0347688631398
0.0346368192804
0.0339934849092
0.0339312873791
0.0335832999571
0.0333990782777
0.0330351800597
0.0332586197817
0.033386776466
0.0337497271693
0.0337520448238
0.0335911904739
0.0331853983452
0.0327045768566
0.032466964221
0.032709357
0.0321720103206
0.0319516280058
0.0317899690666
0.0319517042935
0.0319561696145
0.0318500828882
0.0316890420984
0.0318625494779
0.0314271399843
0.0313486819944
0.0309827762098
0.0311684207705
0.0313261445181
0.0314452960012
0.0317543120603
0.0322431239911
0.0321648544057
0.0317310488988
0.0313658262202
0.0310038717653
0.0308247637836
0.0301309772879
0.0302184999068
0.0303990676151
0.0312446732557
0.0314862399345
0.0314080513461
0.0309172298364
0.0307021925834
0.0309444051421
0.0310501760207
0.0308726535483
0.0307872363233
0.0308267617971
0.0312513749312
0.0305367931021
0.0303188300608
0.0300038887173
0.0302240248133
0.0303405987817
0.0305400471443
0.0309867589166
0.0306201954487
0.0302371189491
0.0294724781414
0.0295755271716
0.0291334392471
0.0293926200975
0.0296474599043
0.0300033367175
0.0301871205251
0.0299462720401
0.0300664069303
0.0303845235482
0.030271892069
0.0304835719304
0.0298830434409
0.0298316235513
0.0293056208155
0.0293380961454
0.0290741631596
0.0292207613494
0.0293992674518
0.0297451597801
0.0293359176113
0.0293108322356
0.0295562771883
0.0303430495027
0.0302992782901
0.0302030014874
0.0300869500022
0.0297930717174
0.0292859391326
0.0288601154203
0.029392550015
0.0295822150814
0.0292306767869
0.0289127752031
0.0291739623611
0.0294857161574
0.0295216411679
0.0292657957594
0.0295862288921
0.0298375390491
0.0296857297244
0.029312310612
0.029020844247
0.0286617603962
0.0291092345688
0.0289120215445
0.0289415570339
0.0282466571759
0.028150821193
0.0284585817207
0.0289662946651
0.0294649158395
0.029791594282
0.0293339195983
0.0289204878992
0.0286544273354
0.0290849879925
0.0294219469936
0.0293332220366
0.0285621275289
0.0280739679486
0.0277983188933
0.0283596722258
0.0278147828727
0.0286331011439
0.0284140716072
0.0290491140635
0.0286883526606
0.0290457945337
0.0293098164479
0.0288906968739
0.0287888147864
0.0289076487682
0.0291605191537
0.0286327875657
0.0283594661828
0.0280743121419
0.0285521913898
0.0288148023013
0.0290855447255
0.0292869503833
0.0284668225252
0.028478815306
0.0284520001431
0.0292614254192
0.0295245012355
0.0295657778082
0.029902484565
0.0300863326476
0.0299681627044
0.0294630039853
0.0284173172964
0.0283829989564
0.0279870161245
0.0285557336054
0.0286920535056
0.0290375121477
0.0283143015945
0.0279337612802
0.0274742247788
0.0281751489325
0.0282988653362
0.0285676795054
0.0284179300581
0.0283412490971
0.028840530702
0.0281937246106
0.0279907212709
0.0272068951868
0.0281011692904
0.0280821100269
0.0279777928997
0.027757511117
0.0280060676857
0.028584944289
0.0281120390485
0.0284625301808
0.028304160203
0.0289388589708
0.0283885934699
0.0281351655777
0.028310315747
0.0285057963168
0.0289382178511
0.0283457955743
0.0274382219125
0.027200652251
0.027215277913
0.0274708275578
0.0269427126075
0.0269406599786
0.0277244450095
0.0281380911515
0.0282050421633
0.0273132718323
0.0271727233328
0.0272471080139
0.0276763441743
0.0269173313538
0.0264124122167
0.0259256586777
0.026400658007
0.0262855831223
0.025881309018
0.0252488212698
0.0253382382364
0.0259954996792
0.0264581941233
0.0259917781257
0.025275078779
0.024799103943
0.0252881024093
0.0258951259729
0.0247268605924
0.0244460350488
END
