380.3
381.1
381.9
382.7
383.5
384.4
385.2
386.0
386.8
387.6
388.4
389.2
390.1
390.9
391.7
392.5
393.3
394.1
394.9
395.8
396.6
397.4
398.2
399.0
399.8
400.6
401.5
402.3
403.1
403.9
404.7
405.5
406.3
407.2
408.0
408.8
409.6
410.4
411.2
412.0
412.8
413.7
414.5
415.3
416.1
416.9
417.7
418.5
419.4
420.2
421.0
421.8
422.6
423.4
424.2
425.1
425.9
426.7
427.5
428.3
429.1
429.9
430.8
431.6
432.4
433.2
434.0
434.8
435.6
436.4
437.3
438.1
438.9
439.7
440.5
441.3
442.1
443.0
443.8
444.6
445.4
446.2
447.0
447.8
448.7
449.5
450.3
451.1
451.9
452.7
453.5
454.4
455.2
456.0
456.8
457.6
458.4
459.2
460.0
460.9
461.7
462.5
463.3
464.1
464.9
465.7
466.6
467.4
468.2
469.0
469.8
470.6
471.4
472.3
473.1
473.9
474.7
475.5
476.3
477.1
478.0
478.8
479.6
480.4
481.2
482.0
482.8
483.6
484.5
485.3
486.1
486.9
487.7
488.5
489.3
490.2
491.0
491.8
492.6
493.4
494.2
495.0
495.9
496.7
497.5
498.3
499.1
499.9
500.7
501.6
502.4
503.2
504.0
504.8
505.6
506.4
507.2
508.1
508.9
509.7
510.5
511.3
512.1
512.9
513.7
514.5
515.3
516.1
516.8
517.6
518.4
519.2
520.0
520.8
521.5
522.3
523.1
523.9
524.7
525.5
526.2
527.0
527.8
528.6
529.4
530.2
530.9
531.7
532.5
533.3
534.1
534.9
535.6
536.4
537.2
538.0
538.8
539.6
540.3
541.1
541.9
542.7
543.5
544.3
545.0
545.8
546.6
547.4
548.2
549.0
549.7
550.5
551.3
552.1
552.9
553.7
554.4
555.2
556.0
556.8
557.6
558.4
559.1
559.9
560.7
561.5
562.3
563.1
563.8
564.6
565.4
566.2
567.0
567.8
568.5
569.3
570.1
570.9
571.7
572.5
573.2
574.0
574.8
575.6
576.4
577.2
577.9
578.7
579.5
580.3
581.1
581.9
582.6
583.4
584.2
585.0
585.8
586.6
587.3
588.1
588.9
589.6
590.3
591.1
591.8
592.6
593.3
594.0
594.8
595.5
596.3
597.0
597.7
598.5
599.2
600.0
600.7
601.5
602.2
602.9
603.7
604.4
605.2
605.9
606.6
607.4
608.1
608.9
609.6
610.3
611.1
611.8
612.6
613.3
614.0
614.8
615.5
616.3
617.0
617.7
618.5
619.2
620.0
620.7
621.4
622.2
622.9
623.7
624.4
625.2
625.9
626.6
627.4
628.1
628.9
629.6
630.3
631.1
631.8
632.6
633.3
634.0
634.8
635.5
636.3
637.0
637.7
638.5
639.2
640.0
640.7
641.4
642.2
642.9
643.7
644.4
645.1
645.9
646.6
647.4
648.1
648.8
649.6
650.3
651.1
651.8
652.6
653.3
654.0
654.8
655.5
656.3
657.0
657.7
658.5
659.2
660.0
660.7
661.4
662.2
662.9
663.7
664.4
665.1
665.9
666.6
667.4
668.1
668.9
669.6
670.4
671.2
671.9
672.7
673.4
674.2
674.9
675.7
676.5
677.2
678.0
678.7
679.5
680.2
681.0
681.8
682.5
683.3
684.0
684.8
685.5
686.3
687.1
687.8
688.6
689.3
690.1
690.8
691.6
692.4
693.1
693.9
694.6
695.4
696.1
696.9
697.7
698.4
699.2
699.9
700.7
701.4
702.2
703.0
703.7
704.5
705.2
706.0
706.8
707.6
708.4
709.2
710.0
710.8
711.6
712.4
713.2
714.0
714.8
715.6
716.4
717.2
718.0
718.8
719.6
720.4
721.2
722.0
722.8
723.6
724.4
725.2
726.0
726.8
727.6
728.4
729.2
730.0
730.8
731.6
732.4
733.2
734.0
734.8
735.6
736.4
737.2
738.0
738.8
739.6
740.4
741.2
742.0
742.8
743.6
744.4
745.2
746.0
746.8
747.6
748.4
749.2
750.0
750.8
751.6
752.4
753.2
754.0
754.8
755.6
756.4
757.2
758.0
758.8
759.6
760.4
761.2
762.0
762.8
763.6
764.4
765.2
766.0
766.8
767.6
768.4
769.2
770.0
770.8
771.6
772.4
773.2
774.1
774.9
775.7
776.5
777.3
778.1
778.9
779.7
780.5
781.3
782.1
782.9
783.7
784.5
785.3
786.1
786.9
787.7
788.5
789.3
790.1
790.9
791.7
792.5
793.3
794.1
794.9
795.7
796.5
797.3
798.1
798.9
799.7
800.5
801.3
802.1
802.9
803.7
804.5
805.3
806.1
806.9
807.7
808.5
809.3
810.1
810.9
811.7
812.5
813.3
814.1
814.9
815.7
816.5
817.3
818.1
818.9
819.7
820.5
821.3
822.1
822.9
823.7
824.5
825.3
826.1
826.9
827.7
828.5
829.3
830.1
830.9
831.7
832.6
833.4
834.3
835.1
835.9
836.8
837.6
838.5
839.3
840.2
841.0
841.9
842.7
843.5
844.4
845.2
846.1
846.9
847.8
848.6
849.4
850.3
851.1
852.0
852.8
853.7
854.5
855.3
856.2
857.0
857.9
858.7
859.6
860.4
861.3
862.1
862.9
863.8
864.6
865.5
866.3
867.2
868.0
868.8
869.7
870.5
871.4
872.2
873.1
873.9
874.8
875.6
876.4
877.3
878.1
879.0
879.8
880.7
881.5
882.3
883.2
884.0
884.9
885.7
886.6
887.4
888.2
889.1
889.9
890.8
891.6
892.5
893.3
894.2
895.0
895.8
896.7
897.5
898.4
899.2
NEXT_SERIES
0.508836916881
0.506435714318
0.510548712385
0.504528441578
0.505448051335
0.502610087603
0.508151073001
0.50843794511
0.515924211512
0.516145686694
0.524375397193
0.526978463737
0.532938340382
0.53194021872
0.532752777205
0.531740972399
0.533633915211
0.533924355456
0.534946861343
0.535422895878
0.53364823736
0.53176719371
0.529502741776
0.528203350939
0.525852071547
0.52303569271
0.52097495394
0.519640613562
0.517818781881
0.516209960453
0.515034077081
0.51243196813
0.51180887883
0.510078500896
0.510635497713
0.508649157521
0.507348362524
0.505293814986
0.503293776118
0.501679390837
0.500384878865
0.498856436219
0.497491195106
0.496851157839
0.496544493387
0.495019369525
0.493372282235
0.491846908996
0.491896733734
0.489925089265
0.488382420844
0.486443499639
0.485748498377
0.485131435293
0.483886093056
0.483840061639
0.484063959329
0.484218721108
0.4841595504
0.483672572515
0.485582767699
0.485023375102
0.485629860997
0.485100883547
0.486262796536
0.486812906208
0.487169023711
0.488195939102
0.490942804958
0.492446909818
0.494488031125
0.494770992337
0.498545649983
0.501796282262
0.505378828002
0.50752786466
0.510710256696
0.513704101157
0.516781624777
0.519478202569
0.522043409979
0.525426516119
0.529893933414
0.534651522992
0.539411032252
0.543997248561
0.547832752228
0.551338809818
0.555305041015
0.560372522881
0.566564074166
0.571987713669
0.577956866577
0.584130040368
0.588803086405
0.594759601383
0.59940295214
0.604618960139
0.609594537581
0.614082741373
0.619708173456
0.624391295068
0.630048306264
0.636769764265
0.644395313423
0.650288074171
0.656571420251
0.662457459781
0.670329228479
0.675347298835
0.680572130689
0.685619399456
0.692685116993
0.70162653986
0.709186150199
0.715368669972
0.721124838267
0.726909873307
0.735736896452
0.742511376172
0.751511643541
0.758937852248
0.766513901711
0.774163932337
0.781968974099
0.788911015286
0.794927060904
0.801320808488
0.810913017881
0.821230014936
0.829921832315
0.838216908329
0.84388674454
0.851274664746
0.85675250257
0.864609430482
0.874305057362
0.884417012391
0.893286036441
0.900225876121
0.906699217185
0.916221521684
0.923941403354
0.93289637522
0.938790472074
0.945605464524
0.952848757206
0.960128509625
0.969378026198
0.976538588027
0.982977414091
0.989808839556
0.994725143243
1.00225051229
1.00572760487
1.01183671293
1.01516349289
1.02171497476
1.02791913051
1.03366978343
1.03851786459
1.04438932787
1.04968215135
1.05452993491
1.05543318097
1.05811703319
1.06022320321
1.06591571009
1.0707264458
1.07399456319
1.07576200223
1.0769135572
1.07953868917
1.08069066302
1.08133685774
1.08060603504
1.08137250189
1.08453937749
1.0870447674
1.09015636447
1.0875696766
1.08639965641
1.08297854837
1.08344144833
1.08277574097
1.08247921496
1.0791373468
1.07995284051
1.07697021146
1.07370476405
1.06481595287
1.06130135475
1.05727640168
1.05335389222
1.04698721211
1.04540851574
1.0419395983
1.03694006921
1.02998125881
1.02482840473
1.01949275239
1.01265425256
1.00466407302
0.996675308166
0.988231156843
0.981130228736
0.972771323537
0.96525655305
0.955104561454
0.945416996125
0.934619654499
0.925599313365
0.917859673862
0.908659906042
0.897618482703
0.883821246863
0.871155431438
0.861003189531
0.851651676866
0.84075348314
0.82762406642
0.816056499342
0.805199871884
0.794500151642
0.782518260897
0.768684986145
0.754524958391
0.740503147922
0.727105433713
0.712789231195
0.699274246388
0.685286078415
0.67173348076
0.656812341497
0.642030312925
0.627441400821
0.612687973577
0.600126401531
0.586397012591
0.573498662163
0.558313522327
0.543535169435
0.528767771233
0.515867279987
0.503842549987
0.490166071569
0.476522163388
0.462113018045
0.450099820086
0.438107929387
0.426686121276
0.414255028523
0.401327240476
0.389142993636
0.377383627197
0.365390373722
0.353901222492
0.342960945594
0.333732618511
0.323517221089
0.31404143253
0.304257631075
0.295138362784
0.285716975477
0.276717617174
0.268519338394
0.260803116922
0.253112854595
0.244461093174
0.236592050385
0.229224316992
0.222911361644
0.216262769362
0.209452514255
0.203370663735
0.197512791946
0.191691300812
0.186223509021
0.180440653596
0.175330852779
0.170477192972
0.166185860938
0.161812185459
0.157503884611
0.153113189181
0.14952084074
0.145549185957
0.141953865741
0.138059637014
0.134868530277
0.131911205036
0.129116955933
0.126108125268
0.124333374337
0.1220823664
0.120545398283
0.117551777951
0.115429652259
0.113410791719
0.111626054057
0.10981361901
0.107752487824
0.10582937148
0.104142741056
0.102213051593
0.101166532208
0.0999834451761
0.0987784926194
0.0975499747866
0.0962347543735
0.0955723220345
0.0945222763472
0.0932043632415
0.0915291962115
0.090340338275
0.0897644978256
0.0896834934474
0.088818402006
0.0881430245841
0.0873563020481
0.0866290679333
0.0861783545844
0.0852275563159
0.0853133430011
0.0845652634721
0.0837956411264
0.0827390708521
0.0820821134291
0.0819717978646
0.0810231708488
0.080500517662
0.0799579227499
0.080070427381
0.0797263304395
0.0796794413037
0.0796313232404
0.0795306761862
0.0789868813207
0.078666600263
0.0783317321775
0.0778542000838
0.0771324227538
0.0768346325108
0.0763639062358
0.0760408953018
0.0753233211758
0.0752092402725
0.0750616771632
0.0745006343115
0.0737846433502
0.0732393257933
0.0729951260982
0.0730672627198
0.072733010414
0.0727250820057
0.0722237181495
0.0719276527151
0.0716579436806
0.071964208711
0.0720462199357
0.0721833163647
0.0717157674234
0.0709789141237
0.0706610618789
0.0699631395051
0.0696470066005
0.0693111744478
0.0694685894611
0.0688631227069
0.0681933910638
0.0680538571196
0.068769769391
0.0689260240514
0.0682298326016
0.0677174863851
0.0672366300571
0.0674927810703
0.0673534385826
0.0672710619742
0.0673746537313
0.0672387696393
0.0667572674051
0.0659884255553
0.0658597227836
0.06601733038
0.0657694536378
0.0656349896542
0.0652300946517
0.0650195217165
0.0638258091802
0.0636177417968
0.0638686641328
0.0648350822323
0.0650195466471
0.0645712732908
0.0641789834571
0.0637299303158
0.0635742597013
0.0631109778478
0.0632792670207
0.0625493263423
0.0627537857001
0.0622089097237
0.0625827290338
0.062582976876
0.0627298045648
0.0630391279527
0.0624731750305
0.0623450005501
0.0613880806583
0.0606576989429
0.0601021389126
0.0595964557573
0.0603718421318
0.0607624485259
0.0614364122388
0.0607871694997
0.0600830152666
0.0597784519533
0.0597362499945
0.0598384306881
0.0596074907414
0.0600247588989
0.0596083508676
0.0594758215149
0.058728937671
0.0585497036473
0.0581163756807
0.0579510860356
0.0581156035823
0.0583108408505
0.0583772532579
0.0583625065369
0.0581205124972
0.0574443382645
0.0574444048525
0.0578878051225
0.0587209231393
0.0585072514815
0.0584984692557
0.0574661949744
0.0571777167462
0.0565947715876
0.0569590070576
0.0570258622986
0.0572285569271
0.056634733712
0.0566949328791
0.0563466634209
0.0571796896006
0.0565080271811
0.0558494456876
0.0553281696391
0.0550024258192
0.055230678319
0.0553616950394
0.0554535714988
0.0552084242307
0.0548994267338
0.054915167497
0.0548979226319
0.0545848856944
0.0540590345301
0.0541201350183
0.0545894440075
0.0549521398032
0.0547579956143
0.0542468184177
0.0544068062911
0.0546248765162
0.0539805045673
0.0540200283702
0.0538583242224
0.0546972170699
0.0540526823038
0.0538816477477
0.0535152035106
0.0535397523451
0.0533470857087
0.0529154545715
0.0531710299606
0.0533379828948
0.0535094829496
0.0533085092358
0.0530398733216
0.0529982020708
0.0531867387896
0.0528405813774
0.0528761802872
0.0521532081121
0.0528489163731
0.0526941882348
0.0531354295068
0.0525849200367
0.0522417829972
0.051990493906
0.0514313321735
0.0514772349352
0.0514796556184
0.051931172711
0.0518602893099
0.0511981232439
0.0507453439762
0.0506837276811
0.0512466601496
0.0513560504321
0.0519592623638
0.0519046050539
0.052009305309
0.0514402126423
0.0511813123109
0.0517480076177
0.0516716765315
0.0518473933398
0.0517432473192
0.0519049040884
0.0519003271203
0.0511558782573
0.0510039885311
0.0511730819519
0.05147118913
0.0519968664039
0.0515575817047
0.0511472802333
0.0508678345356
0.0510156567905
0.0517857113376
0.0510400518291
0.0506080881202
0.0500790877008
0.0505435052062
0.0506324350372
0.0506003960421
0.0506479497659
0.0504304894127
0.0502367390239
0.0498958445175
0.0504349487992
0.0503069681498
0.0503588041915
0.0502107230191
0.0506519525263
0.0509327888048
0.0509416117845
0.0509647525367
0.0507852598941
0.0505187877977
0.0502486740881
0.0492236979519
0.0498010912785
0.0497694354545
0.0506081902872
0.0500705784147
0.0498213294057
0.0499767560018
0.0499348963611
0.049829820878
0.0498802834924
0.0490174728345
0.0486429367779
0.0479252298512
0.0484745143921
0.0487269877638
0.0482128545855
0.048595793305
0.049107438041
0.0497490098174
0.0497612919619
0.0487865565559
0.048559010977
0.0476693537365
0.0481959447891
0.0485072005595
0.0490925265951
0.0485404280201
0.0485534101651
0.0481098455097
0.0488236319344
0.0481676580743
0.0486442497535
0.0484891168566
0.0489100070567
0.0489958282903
0.0488205473671
0.0487950668472
0.048902838923
0.0493631398779
0.0496657625785
0.0497799548056
0.0494924489574
0.0487214748828
0.0477102146318
0.0481278950755
0.0485748565761
0.0486370751701
0.0480777175362
0.0479861325347
0.0482639159079
0.047676694255
0.0475008690332
0.0476086271272
0.0480927780188
0.0483967275666
0.0484922683946
0.048137611492
0.0478068744163
0.0472798203796
0.0469345067786
0.0467662393542
0.0472248661869
0.0472338491061
0.0472048654203
0.0471309744986
0.0481875247472
0.0477127443006
0.0472034562561
0.046521782629
0.0463246081956
0.0468245031006
0.0460524572958
0.0464185508157
0.0460030908952
0.0459344950567
0.0456117576205
0.0451715424373
0.045427825578
0.0454291388286
0.0458914888263
0.0454787876404
0.0457006017863
0.0451443116095
0.0458820181763
0.0458364392251
0.0462791983045
0.0453149583247
0.0454005382379
0.0444671825929
0.0449734542614
0.0439273223401
0.0440112314397
0.043252145607
0.0433630862619
0.0428099722596
0.0429300313928
0.0423847515018
0.0419779325156
0.0414812611812
0.0421830445291
0.0417747965808
0.0423887186197
0.0412460077537
0.0415869725124
0.0409893423727
0.0405420270615
0.040662896226
END
