380.3
381.1
381.9
382.7
383.5
384.4
385.2
386.0
386.8
387.6
388.4
389.2
390.1
390.9
391.7
392.5
393.3
394.1
394.9
395.8
396.6
397.4
398.2
399.0
399.8
400.6
401.5
402.3
403.1
403.9
404.7
405.5
406.3
407.2
408.0
408.8
409.6
410.4
411.2
412.0
412.8
413.7
414.5
415.3
416.1
416.9
417.7
418.5
419.4
420.2
421.0
421.8
422.6
423.4
424.2
425.1
425.9
426.7
427.5
428.3
429.1
429.9
430.8
431.6
432.4
433.2
434.0
434.8
435.6
436.4
437.3
438.1
438.9
439.7
440.5
441.3
442.1
443.0
443.8
444.6
445.4
446.2
447.0
447.8
448.7
449.5
450.3
451.1
451.9
452.7
453.5
454.4
455.2
456.0
456.8
457.6
458.4
459.2
460.0
460.9
461.7
462.5
463.3
464.1
464.9
465.7
466.6
467.4
468.2
469.0
469.8
470.6
471.4
472.3
473.1
473.9
474.7
475.5
476.3
477.1
478.0
478.8
479.6
480.4
481.2
482.0
482.8
483.6
484.5
485.3
486.1
486.9
487.7
488.5
489.3
490.2
491.0
491.8
492.6
493.4
494.2
495.0
495.9
496.7
497.5
498.3
499.1
499.9
500.7
501.6
502.4
503.2
504.0
504.8
505.6
506.4
507.2
508.1
508.9
509.7
510.5
511.3
512.1
512.9
513.7
514.5
515.3
516.1
516.8
517.6
518.4
519.2
520.0
520.8
521.5
522.3
523.1
523.9
524.7
525.5
526.2
527.0
527.8
528.6
529.4
530.2
530.9
531.7
532.5
533.3
534.1
534.9
535.6
536.4
537.2
538.0
538.8
539.6
540.3
541.1
541.9
542.7
543.5
544.3
545.0
545.8
546.6
547.4
548.2
549.0
549.7
550.5
551.3
552.1
552.9
553.7
554.4
555.2
556.0
556.8
557.6
558.4
559.1
559.9
560.7
561.5
562.3
563.1
563.8
564.6
565.4
566.2
567.0
567.8
568.5
569.3
570.1
570.9
571.7
572.5
573.2
574.0
574.8
575.6
576.4
577.2
577.9
578.7
579.5
580.3
581.1
581.9
582.6
583.4
584.2
585.0
585.8
586.6
587.3
588.1
588.9
589.6
590.3
591.1
591.8
592.6
593.3
594.0
594.8
595.5
596.3
597.0
597.7
598.5
599.2
600.0
600.7
601.5
602.2
602.9
603.7
604.4
605.2
605.9
606.6
607.4
608.1
608.9
609.6
610.3
611.1
611.8
612.6
613.3
614.0
614.8
615.5
616.3
617.0
617.7
618.5
619.2
620.0
620.7
621.4
622.2
622.9
623.7
624.4
625.2
625.9
626.6
627.4
628.1
628.9
629.6
630.3
631.1
631.8
632.6
633.3
634.0
634.8
635.5
636.3
637.0
637.7
638.5
639.2
640.0
640.7
641.4
642.2
642.9
643.7
644.4
645.1
645.9
646.6
647.4
648.1
648.8
649.6
650.3
651.1
651.8
652.6
653.3
654.0
654.8
655.5
656.3
657.0
657.7
658.5
659.2
660.0
660.7
661.4
662.2
662.9
663.7
664.4
665.1
665.9
666.6
667.4
668.1
668.9
669.6
670.4
671.2
671.9
672.7
673.4
674.2
674.9
675.7
676.5
677.2
678.0
678.7
679.5
680.2
681.0
681.8
682.5
683.3
684.0
684.8
685.5
686.3
687.1
687.8
688.6
689.3
690.1
690.8
691.6
692.4
693.1
693.9
694.6
695.4
696.1
696.9
697.7
698.4
699.2
699.9
700.7
701.4
702.2
703.0
703.7
704.5
705.2
706.0
706.8
707.6
708.4
709.2
710.0
710.8
711.6
712.4
713.2
714.0
714.8
715.6
716.4
717.2
718.0
718.8
719.6
720.4
721.2
722.0
722.8
723.6
724.4
725.2
726.0
726.8
727.6
728.4
729.2
730.0
730.8
731.6
732.4
733.2
734.0
734.8
735.6
736.4
737.2
738.0
738.8
739.6
740.4
741.2
742.0
742.8
743.6
744.4
745.2
746.0
746.8
747.6
748.4
749.2
750.0
750.8
751.6
752.4
753.2
754.0
754.8
755.6
756.4
757.2
758.0
758.8
759.6
760.4
761.2
762.0
762.8
763.6
764.4
765.2
766.0
766.8
767.6
768.4
769.2
770.0
770.8
771.6
772.4
773.2
774.1
774.9
775.7
776.5
777.3
778.1
778.9
779.7
780.5
781.3
782.1
782.9
783.7
784.5
785.3
786.1
786.9
787.7
788.5
789.3
790.1
790.9
791.7
792.5
793.3
794.1
794.9
795.7
796.5
797.3
798.1
798.9
799.7
800.5
801.3
802.1
802.9
803.7
804.5
805.3
806.1
806.9
807.7
808.5
809.3
810.1
810.9
811.7
812.5
813.3
814.1
814.9
815.7
816.5
817.3
818.1
818.9
819.7
820.5
821.3
822.1
822.9
823.7
824.5
825.3
826.1
826.9
827.7
828.5
829.3
830.1
830.9
831.7
832.6
833.4
834.3
835.1
835.9
836.8
837.6
838.5
839.3
840.2
841.0
841.9
842.7
843.5
844.4
845.2
846.1
846.9
847.8
848.6
849.4
850.3
851.1
852.0
852.8
853.7
854.5
855.3
856.2
857.0
857.9
858.7
859.6
860.4
861.3
862.1
862.9
863.8
864.6
865.5
866.3
867.2
868.0
868.8
869.7
870.5
871.4
872.2
873.1
873.9
874.8
875.6
876.4
877.3
878.1
879.0
879.8
880.7
881.5
882.3
883.2
884.0
884.9
885.7
886.6
887.4
888.2
889.1
889.9
890.8
891.6
892.5
893.3
894.2
895.0
895.8
896.7
897.5
898.4
899.2
NEXT_SERIES
0.452740172211
0.447903542337
0.444466099932
0.442132372013
0.44472004588
0.446382907527
0.452188802501
0.45450626387
0.458692423453
0.4597804582
0.463487105739
0.467232977989
0.469329307609
0.469713078257
0.469061019929
0.470091920742
0.470479388165
0.469480320177
0.469729578813
0.467713631162
0.465459413092
0.46122218437
0.460142812333
0.458459965372
0.455476802498
0.450944499605
0.448049942154
0.445226504489
0.444304442597
0.441027646725
0.438879281423
0.435603684857
0.433991177542
0.432800302719
0.430982485573
0.427871839987
0.424339711185
0.420763302503
0.419823339646
0.41885302348
0.417544705374
0.414427195258
0.411141927519
0.408990319359
0.407176562232
0.405989532748
0.404055001609
0.401944151328
0.399773179709
0.397949021931
0.396277048751
0.395233139396
0.393066146201
0.392095559953
0.389210478087
0.388354067407
0.386430114658
0.386531312554
0.385282876265
0.385146438492
0.383777449344
0.383104754038
0.382805773707
0.382995676301
0.383637958819
0.383638491831
0.384207053944
0.384323701841
0.384780343244
0.38488987461
0.386102805067
0.386865676655
0.388182913972
0.389132725256
0.390944088535
0.3932002911
0.395347961803
0.397013412081
0.398505271709
0.400683227677
0.403383119516
0.405470142773
0.408583106549
0.410799967897
0.414528635331
0.416508925752
0.418945022275
0.421895568304
0.42574424402
0.430202908482
0.433574835486
0.43759887273
0.4406855732
0.444893883557
0.44839386716
0.453385406164
0.458922391208
0.463189000803
0.467898033522
0.471094644437
0.476093723802
0.481274780162
0.486358270179
0.491132920669
0.4946995135
0.498547775822
0.503166455975
0.508231859203
0.513221577273
0.518362330746
0.523940128451
0.529728793796
0.535385853312
0.540493974227
0.545707769363
0.550531772589
0.554643576473
0.558772456179
0.562322651058
0.56869077564
0.574774778668
0.581828070863
0.587051119035
0.592909474364
0.598900855139
0.605237333797
0.611464297818
0.616141447631
0.621325268472
0.626737875636
0.633588927508
0.639290153879
0.645735876737
0.651061607027
0.657058522164
0.662899988343
0.669636600431
0.675598782891
0.681486143863
0.685447159093
0.690908883958
0.697304879044
0.705798133947
0.712722009669
0.716253390418
0.719637088809
0.725365730445
0.731699432798
0.73801344492
0.741675444087
0.746172248992
0.752455159857
0.757991686189
0.762956240195
0.767001712125
0.770921954279
0.77582335161
0.779019369342
0.784417035153
0.788903228627
0.794338573507
0.797375256562
0.800563116363
0.803302669758
0.80738514489
0.810357126825
0.813574255567
0.816258150219
0.821226497257
0.82343569674
0.825817224902
0.828114697822
0.830144027237
0.831604754082
0.831536595309
0.833760366519
0.835399929661
0.838241714627
0.838269407216
0.839382986916
0.837812187174
0.838398184952
0.837446669717
0.836642645759
0.836314708464
0.836825398447
0.834577757115
0.83212195743
0.829255569766
0.827171933182
0.82461584404
0.821353597138
0.819708857774
0.816875939092
0.813598778861
0.81086538826
0.807197646148
0.802052491397
0.797309562672
0.791949719203
0.787754886651
0.782471265014
0.778296711619
0.77230464727
0.766171087882
0.760107942553
0.754566157983
0.746286899785
0.737657514069
0.729707013403
0.72274001371
0.715184178732
0.707903167274
0.699860295476
0.690584299128
0.680927567033
0.671320869028
0.6628742842
0.653582074586
0.644304605183
0.634756822594
0.625746079376
0.616611620906
0.607558053732
0.598009460998
0.58834188353
0.578485620145
0.567785277381
0.557582695025
0.546575457181
0.537175407382
0.526485982408
0.515723570683
0.504798423708
0.494630776577
0.484596024828
0.473608769892
0.462467962766
0.451420687328
0.440773716558
0.429583288859
0.419662746667
0.409124803398
0.399788898947
0.389642734589
0.379180872929
0.368866816994
0.358922186231
0.350018535688
0.341561059013
0.333021047987
0.32373925446
0.31435488176
0.304298430467
0.295360417999
0.286213823626
0.277932080307
0.269913006324
0.262029410938
0.25432709743
0.246738545491
0.239869507993
0.23307340067
0.226592747303
0.219982883991
0.213533642891
0.206491385372
0.20040428266
0.194134376181
0.188636502267
0.183271545645
0.1774954028
0.17265350134
0.167376882185
0.163326110361
0.158324025958
0.153163660573
0.148865539074
0.144823854286
0.141832663898
0.138469384141
0.135563188676
0.13173269684
0.128246586772
0.124872126336
0.121805894487
0.119185190285
0.116538975157
0.114128057927
0.111115526485
0.108695595539
0.106293028653
0.104139487003
0.102020100959
0.100283265595
0.0987824580409
0.0968360671324
0.095107653006
0.0933161030161
0.0917375547282
0.0898547849685
0.0883957504453
0.0870212499176
0.0860634163784
0.0847898725534
0.084013254629
0.0830317344469
0.0822646243167
0.0814872682564
0.0804861428047
0.0792085677317
0.0779102190393
0.0767529015783
0.0762066257928
0.0753872401833
0.074952059378
0.0741252715553
0.073173284316
0.0722227731363
0.0717989537696
0.0714011896212
0.0714999174466
0.0710774340894
0.0709730654514
0.0697455096879
0.0690728147685
0.0684280525714
0.0682827237291
0.0678409575023
0.0672098238767
0.066810086171
0.0657215534513
0.0656201155297
0.0654247215556
0.06576944093
0.0650107422684
0.064708609923
0.0644954160677
0.0650672633251
0.0645042089018
0.0643608521804
0.06297854204
0.0633940573188
0.0630202353568
0.0628253376943
0.0619501273937
0.0615802222482
0.0618991668094
0.0618360051453
0.0615783221865
0.0606810386098
0.0599887348143
0.0595640673872
0.0594510620391
0.0591467511234
0.0589905221605
0.0589623442785
0.0587059835183
0.0580907379505
0.0578031683896
0.0576690998691
0.0573967187736
0.0574210908332
0.0574484695932
0.0566931273058
0.0560476764317
0.0555834664651
0.0561626172836
0.055748085643
0.0549967126699
0.0544983569413
0.0547257794263
0.0550493631171
0.0549004945584
0.0544919435075
0.0541254556407
0.0540603538718
0.0539115970403
0.053908878473
0.0536089392748
0.0534122379675
0.0532957779136
0.0528328358145
0.0525557930657
0.0519767333485
0.0519226753947
0.0516140659978
0.0514834208316
0.0509807229789
0.0507973713083
0.0508023421451
0.0513959991738
0.0513260502146
0.0515531474489
0.0512671651896
0.050919230442
0.0502997182383
0.0502245593786
0.0501311056868
0.0501301930303
0.0496876937848
0.0495021652774
0.0492042342264
0.0492774824914
0.0492919659775
0.0493619771907
0.0492045114455
0.0488729647982
0.0482679231071
0.0478707245108
0.0475813104677
0.0478836363044
0.0476728881573
0.0481490950154
0.0475723908505
0.0475917007987
0.0470825294419
0.0469613160111
0.0467650203314
0.0464540581792
0.0467033073922
0.0465585571708
0.0465334529874
0.0462935808084
0.0459724920703
0.0459948175558
0.0452515685057
0.0450137330306
0.0444236241378
0.0447051478506
0.0449511544719
0.0455113592682
0.0451341946809
0.0448484316475
0.0440375972659
0.0445450940382
0.0450135841613
0.0455179201173
0.0451486898403
0.0448992973404
0.0444418112186
0.0443284513997
0.044040536141
0.0441998921571
0.0439921123427
0.0437542491185
0.0432866039851
0.043222571351
0.0429330055584
0.0433575944985
0.0434824367011
0.043355002139
0.0430144393743
0.0426542159869
0.0428289937812
0.0425414915223
0.0423167234879
0.0417810385025
0.041405008886
0.0414729634231
0.0420132418406
0.0421287697197
0.0419039361029
0.0419995696324
0.0422924168899
0.0426249421338
0.0420829560711
0.0422735306058
0.0418685178297
0.0421495734318
0.0416060207069
0.0418408275276
0.0416334759484
0.0420289494829
0.0416747334028
0.0415924508561
0.0410363137282
0.0408640830054
0.0405165687634
0.0407285404873
0.0412283449033
0.0413329972128
0.041183232929
0.0409402426766
0.0411671812652
0.0410874012639
0.0411000754777
0.0408584703551
0.0413612688212
0.0412164760223
0.0415732361166
0.0411564554956
0.0408910853535
0.0402105385696
0.0400080054137
0.0400816511935
0.0401812791678
0.0399965259807
0.0402072380608
0.0401777863381
0.0401521873723
0.0397218861823
0.0397739094465
0.039714728573
0.0400014840388
0.0400078389314
0.0402584510734
0.040328243141
0.039709602757
0.039829269995
0.039538050945
0.0404224936706
0.0402152366599
0.0401880069206
0.0399982269024
0.0396881845285
0.0401083286205
0.0398369902014
0.0405087654118
0.0406688647175
0.0407252146634
0.0408895933652
0.0405154939628
0.0411636948039
0.0408105277038
0.0409512430776
0.0408832192274
0.0402221343561
0.0396323290897
0.0393505138988
0.0398171922024
0.0402446264478
0.0395413022297
0.0398989655437
0.0400772034852
0.0403259988572
0.040455735574
0.0402594143515
0.0403755988679
0.0401707919953
0.0404482631105
0.0403294481401
0.0406934487832
0.0404047250168
0.0410797021497
0.0404919298241
0.0406123990603
0.0402448892592
0.0406120826083
0.0405486953607
0.0412494676108
0.0415341574852
0.0415888436256
0.0412980139848
0.0406117732013
0.0403030270319
0.0399687925352
0.0406005713517
0.0408409333357
0.0405326512563
0.0397427334201
0.0394885326377
0.0399465134279
0.0395896847486
0.0399311937073
0.0398888414468
0.0408016542154
0.0414471695956
0.0411345266084
0.0410798907535
0.0405439239863
0.0410830167982
0.0412292632574
0.041363542097
0.0406619717961
0.0403880355801
0.0400253640331
0.040029557212
0.0403000158169
0.0406420307584
0.0408851286759
0.0408219343983
0.0409912175358
0.0415105459344
0.0412838253881
0.0413074298942
0.0416203065335
0.0421618661256
0.0422898629513
0.0414893124083
0.0414087730233
0.0410058723882
0.0418736892135
0.0416729388485
0.0422291540053
0.0417926893351
0.0417948319432
0.0414096015027
0.0413355971248
0.0411072608267
0.0415623303024
0.0410356725389
0.0417352719226
0.041692684075
0.0422144053638
0.0421725916795
0.0411293971184
0.0407742437868
0.0408130548174
0.0416849751866
0.0417042020425
0.0408316376841
0.0409695118588
0.0411725335768
0.0414707621813
0.0405433924697
0.041301489114
0.040705348283
0.0417382936719
0.0408702610798
0.04172287957
0.0418296484849
0.0420575579746
0.0422519801919
0.0413374579746
0.0405089785316
0.040282138519
0.040441817663
0.041126787393
0.0417142551568
0.0420679794822
0.0423734466841
0.0414738082203
0.0427660803037
0.0425055712292
0.0432718490029
0.0414368891997
0.0418034683813
0.041149029746
0.042641631524
0.0421453652719
0.042140297479
0.0407848340997
0.040619225843
0.0396754668469
0.0398198887008
0.0412171079421
0.0425946898024
0.0426668258519
0.0410413707954
0.0413748534141
0.0415496521182
0.0416376076628
0.0407067682213
0.0404481938744
END
